9536225 
9520990 
9510955 
9501814 
9487361 
9485654 
9482974 
9481261 
9473512 
9467534 
9449702 
9445371 
9433702 
9420209 
9394624 
9393528 
9390997 
9386536 
9376695 
9374124 
9367492 
9359696 
9352801 
9345455 
9343684 
9308452 
9284704 
9274387 
9263259 
9240118 
9238694 
9222409 
9211738 
9206472 
9201663 
9180222 
9168042 
9158069 
9157410 
9153124 
9146553 
9124334 
9122453 
9114969 
9107107 
9046879 
9038045 
9028303 
9027599 
9023762 
8991980 
8991338 
8982362 
8981058 
8967874 
8938002 
8923135 
8918614 
8917359 
8911456 
8909084 
8891286 
8888719 
8884078 
8872853 
8845141 
8835671 
8824332 
8809536 
8783875 
8782603 
8770767 
8764329 
8728771 
8726231 
8718003 
8713320 
8708762 
8703451 
8702461 
8688481 
8683751 
8682632 
8675733 
8672756 
8670114 
8668165 
8667815 
8666767 
8660158 
8645693 
8644880 
8642622 
8631836 
8627572 
8622744 
8620176 
8618839 
8618249 
8617195 
8616006 
8614847 
8611258 
8603954 
8603604 
8600719 
8599027 
8598752 
8592415 
8591472 
8585995 
8585929 
8584732 
8584516 
8579564 
8577953 
8557926 
8545898 
8544556 
8536849 
8528266 
8528242 
8526101 
8524970 
8520928 
8519755 
8512761 
8509901 
8502140 
8499978 
8498712 
8495283 
8494003 
8493113 
8492186 
8490072 
8486478 
8484826 
8481954 
8478296 
8475542 
8472966 
8466995 
8464950 
8462944 
8461632 
8459712 
8457481 
8455439 
8455142 
8454629 
8453767 
8451055 
8450112 
8448651 
8443820 
8441563 
8436976 
8436848 
8434393 
8433483 
8429344 
8429222 
8427606 
8427073 
8426796 
8426185 
8426129 
8425948 
8425168 
8424716 
8418893 
8416197 
8414309 
8409843 
8408698 
8406764 
8400033 
8398943 
8397474 
8396686 
8396291 
8396115 
8394281 
8393311 
8390816 
8390615 
8390034 
8386879 
8383795 
8383013 
8380125 
8379019 
8375512 
8375221 
8371253 
8371206 
8371124 
8369100 
8368926 
8368404 
8368149 
8367313 
8366734 
8364697 
8364154 
8364082 
8363878 
8362517 
8362159 
8360348 
8360305 
8358969 
8358782 
8357691 
8357596 
8356988 
8353917 
8352889 
8351691 
8350683 
8350115 
8349399 
8349238 
8348363 
8345997 
8345725 
8344736 
8344061 
8343583 
8342290 
8341396 
8339487 
8336894 
8335668 
8335360 
8335058 
8334990 
8331475 
8330675 
8330014 
8329819 
8329220 
8328505 
8323492 
8322009 
8321880 
8319674 
8318364 
8317794 
8313938 
8309601 
8307347 
8307313 
8307289 
8305482 
8305350 
8304368 
8302097 
8292962 
8292606 
8292450 
8291653 
8287303 
8285902 
8280121 
8275966 
8274972 
8274904 
8271884 
8271388 
8270991 
8270724 
8268287 
8268228 
8266243 
8264115 
8262309 
8260463 
8260357 
8259846 
8258131 
8252734 
8250504 
8244865 
8238733 
8238349 
8237704 
8232807 
8229027 
8226013 
8225871 
8221513 
8217582 
8215716 
8215257 
8214664 
8214660 
8213475 
8208974 
8204390 
8204243 
8203782 
8203492 
8203282 
8200735 
8200676 
8198714 
8195951 
8194883 
8192865 
8191277 
8188026 
8187473 
8186148 
8185702 
8185313 
8184891 
8179434 
8178798 
8178039 
8176903 
8175307 
8172299 
8171971 
8171543 
8161528 
8160934 
8157875 
8157524 
8156401 
8153993 
8152635 
8150342 
8150119 
8144468 
8139704 
8139306 
8136846 
8134809 
8134791 
8132431 
8130960 
8128743 
8127884 
8124740 
8124494 
8121976 
8121519 
8119323 
8117979 
8117961 
8117948 
8117907 
8117723 
8116285 
8113416 
8110939 
8110679 
8107447 
8103242 
8101633 
8101317 
8100585 
8098582 
8098122 
8097147 
8095868 
8093147 
8092049 
8089959 
8088557 
8087146 
8086119 
8085239 
8084907 
8084235 
8083732 
8083408 
8078648 
8076997 
8076603 
8076538 
8076295 
8075363 
8074840 
8073395 
8073178 
8072638 
8072194 
8072037 
8072006 
8071719 
8071507 
8069156 
8068999 
8065870 
8062507 
8062062 
8061762 
8061117 
8060767 
8059207 
8059030 
8054132 
8052480 
8051220 
8050369 
8045611 
8044869 
8044572 
8044278 
8042924 
8042671 
8041685 
8039269 
8036789 
8036246 
8035928 
8035848 
8034445 
8034415 
8033142 
8033029 
8032534 
8031987 
8031801 
8030553 
8029926 
8026448 
8026274 
8025511 
8021631 
8020390 
8020058 
8019367 
8018705 
8018470 
8017690 
8016678 
8016374 
8016138 
8015577 
8015526 
8015114 
8015100 
8014905 
8014859 
8013899 
8013483 
8013206 
8013023 
8013020 
8012938 
8012756 
8012724 
8012364 
8012230 
8011288 
8011170 
8010421 
8010229 
8009663 
8009608 
8009285 
8007776 
8007765 
8007070 
8005520 
8004744 
8004392 
8001388 
8001065 
8000883 
8000008 
7999488 
7999133 
7998812 
7998598 
7998485 
7997090 
7994381 
7992378 
7992223 
7990663 
7990035 
7989760 
7988124 
7986484 
7984520 
7982585 
7982489 
7981214 
7979200 
7978165 
7968791 
7968552 
7967200 
7965237 
7963295 
7962891 
7958127 
7955259 
7953320 
7951780 
7949536 
7947836 
7946496 
7946311 
7944181 
7943412 
7941686 
7940729 
7940566 
7933877 
7931305 
7923698 
7917783 
7917034 
7912820 
7906423 
7898336 
7897028 
7895123 
7892016 
7889109 
7887943 
7885081 
7884876 
7881898 
7881031 
7871845 
7871107 
7869685 
7862055 
7860073 
7859877 
7856663 
7855336 
7854902 
7851756 
7850899 
7850552 
7843387 
7839835 
7835142 
7818520 
7816981 
7816119 
7813200 
7812043 
7802742 
7802437 
7801398 
7797723 
7797222 
7796206 
7795638 
7794771 
7793519 
7780272 
7779241 
7778529 
7775490 
7771200 
7769754 
7768748 
7768065 
7767050 
7763408 
7761255 
7759849 
7754235 
7753549 
7752296 
7751506 
7745256 
7744762 
7743380 
7740501 
7739137 
7738413 
7736045 
7735350 
7733158 
7729804 
7729391 
7725179 
7717936 
7714905 
7710311 
7708618 
7708055 
7698845 
7698267 
7693614 
7687513 
7678010 
7676912 
7676691 
