59214699 
59192438 
59186048 
59183161 
59180338 
59180136 
59171492 
59167915 
59150256 
59149636 
59138638 
59135237 
59134707 
59129212 
59112755 
59107037 
59106368 
59085879 
59079655 
59075429 
59063599 
59057916 
59055168 
59049370 
59047986 
59047534 
58981550 
58979556 
58972211 
58969361 
58966796 
58955832 
58950628 
58948814 
58948680 
58947848 
58940179 
58934938 
58929952 
58916240 
58889501 
58863943 
58860834 
58845907 
58845800 
58844019 
58836440 
58835937 
58808681 
58788244 
58786239 
58763117 
58748652 
58744102 
58740462 
58737025 
58728344 
58727780 
58724506 
58723652 
58721075 
58707037 
58696352 
58695852 
58692339 
58685539 
58677280 
58670864 
58664334 
58654798 
58652259 
58641295 
58638716 
58627456 
58617674 
58607449 
58594634 
58586826 
58573709 
58551890 
58548127 
58536986 
58531062 
58513811 
58508067 
58499346 
58496277 
58493342 
58491798 
58490455 
58485882 
58469435 
58457920 
58457184 
58450476 
58443031 
58442085 
58417338 
58405723 
58405412 
58395635 
58389359 
58378871 
58374078 
58357435 
58339327 
58327115 
58318113 
58305007 
58298313 
58274870 
58273834 
58273224 
58262311 
58251737 
58251544 
58248641 
58226449 
58224126 
58198243 
58197378 
58182557 
58176244 
58149124 
58140474 
58137778 
58123764 
58117011 
58116524 
58102278 
58094175 
58088592 
58087347 
58080728 
58079213 
58070754 
58062436 
58047713 
58043656 
58043477 
58039736 
58038207 
58031295 
58030238 
58024937 
58019703 
58000386 
57999901 
57998334 
57993546 
57986332 
57954607 
57954547 
57952506 
57950103 
57935791 
57916132 
57914561 
57908503 
57904348 
57904206 
57898630 
57879059 
57876602 
57863479 
57857414 
57848745 
57845697 
57844357 
57842005 
57841000 
57836011 
57834688 
57826704 
57814041 
57813718 
57812983 
57810827 
57808137 
57793374 
57790083 
57788421 
57788316 
57783324 
57771171 
57770693 
57766167 
57762107 
57755047 
57750690 
57746555 
57746276 
57746074 
57742618 
57740569 
57737815 
57732600 
57723407 
57719920 
57700725 
57700020 
57693224 
57692813 
57691324 
57689754 
57673931 
57665542 
57662649 
57662212 
57648562 
57636014 
57633108 
57631560 
57630304 
57625311 
57610296 
57608501 
57602678 
57602347 
57599950 
57591537 
57591316 
57587093 
57576817 
57575151 
57568293 
57563536 
57560885 
57553218 
57549100 
57545839 
57536643 
57533718 
57533670 
57530226 
57528542 
57527471 
57510908 
57506439 
57503449 
57500174 
57499729 
57494001 
57493835 
57493598 
57488786 
57484582 
57484341 
57479897 
57478797 
57474779 
57472980 
57469280 
57465073 
57460372 
57449069 
57447351 
57443375 
57441392 
57440640 
57440067 
57436718 
57434271 
57432701 
57423458 
57422899 
57414326 
57398367 
57379868 
57378025 
57374323 
57373115 
57372704 
57371314 
57369937 
57361751 
57358823 
57357783 
57349217 
57349012 
57348327 
57322258 
57320534 
57317488 
57308978 
57295103 
57294340 
57267089 
57249082 
57242807 
57238966 
57237034 
57212420 
57207050 
57190499 
57185608 
57160819 
57149394 
57148749 
57147332 
57142445 
57131017 
57127216 
57122320 
57112876 
57110384 
57107547 
57104446 
57102707 
57100765 
57100468 
57080236 
57079206 
57072906 
57061311 
57044253 
57040406 
57038227 
57034526 
57014341 
56980032 
56976747 
56967243 
56966434 
56938562 
56930084 
56921417 
56921203 
56914524 
56908650 
56907745 
56884850 
56881635 
56873671 
56854281 
56834440 
56826317 
56820830 
56814644 
56802640 
56799281 
56779954 
56777426 
56768759 
56768108 
56737782 
56733903 
56730857 
56720532 
56717777 
56715679 
56707858 
56705142 
56676308 
56635279 
56630894 
56596294 
56593278 
56589503 
56584562 
56580689 
56576684 
56575052 
56564248 
56549670 
56544798 
56544663 
56536988 
56521794 
56517533 
56512555 
56503297 
56496883 
56493321 
56492733 
56484801 
56479397 
56477439 
56474777 
56460333 
56453407 
56448497 
56447368 
56436856 
56413398 
56406918 
56405638 
56403419 
56398210 
56392519 
56385315 
56384845 
56384749 
56379671 
56368813 
56364399 
56363208 
56346128 
56341687 
56331509 
56329814 
56317359 
56303526 
56301287 
56299289 
56288351 
56276335 
56273871 
56273276 
56272840 
56271221 
56265906 
56260376 
56255632 
56253229 
56252898 
56249905 
56239726 
56237780 
56236036 
56235761 
56229571 
56228449 
56227612 
56223292 
56223058 
56209580 
56200711 
56199664 
56196363 
56188917 
56173696 
56172009 
56169080 
56165802 
56160761 
56158294 
56153085 
56147265 
56142612 
56128212 
56121983 
56119950 
56117637 
56109788 
56104805 
56104603 
56102431 
56090163 
56087717 
56087529 
56079450 
56077541 
56073521 
56067029 
56066684 
56063066 
56062918 
56056744 
56052977 
56038037 
56029400 
56027678 
56023771 
56019924 
56010892 
56009239 
56008288 
56008183 
55998551 
55997855 
55996579 
55995966 
55995667 
55992040 
55984021 
55983384 
55981642 
55949365 
55949280 
55947295 
55931600 
55927873 
55919918 
55903559 
55902626 
55882080 
55877008 
55876215 
55868323 
55863528 
55852371 
55835447 
55834940 
55830439 
55817758 
55817392 
55805515 
55797729 
55764964 
55758828 
55754289 
55753937 
55752606 
55750431 
55747388 
55716801 
55716720 
55704269 
55701099 
55698891 
55681000 
55656240 
55651485 
55643432 
55642275 
55637095 
55622340 
55619720 
55616672 
55597552 
55596255 
55590187 
55585962 
55580495 
55571623 
55568986 
55561328 
55554133 
55552268 
55549025 
55546215 
55537844 
55526804 
55523471 
55518635 
55516740 
55511566 
55510074 
55492189 
55490766 
55489190 
55487330 
55482780 
55482416 
55470739 
55468523 
55453002 
55442597 
55440727 
55432341 
55404991 
55392231 
55342738 
55339781 
55331329 
55329682 
55328574 
55268989 
55256483 
55230971 
55220301 
55220271 
55202682 
55202564 
55200650 
55193497 
55186342 
55182394 
55167691 
55155363 
55131630 
55128355 
55113244 
55113207 
55111714 
55105352 
55099647 
55093046 
55088422 
55088420 
55077313 
55065130 
55061975 
55054833 
55054472 
55041109 
55030344 
55024051 
55010523 
55009004 
54999060 
54995514 
54984109 
54976161 
54968192 
54954430 
54936899 
54935537 
54934746 
