60316 
60316 
60312 
60308 
60308 
60300 
60296 
60296 
60296 
60296 
60292 
60292 
60292 
60288 
60288 
60288 
60280 
60280 
60280 
60278 
60276 
60276 
60272 
60268 
60268 
60264 
60264 
60256 
60252 
60248 
60248 
60248 
60248 
60244 
60244 
60240 
60240 
60240 
60240 
60240 
60240 
60240 
60236 
60236 
60232 
60232 
60228 
60228 
60224 
60224 
60220 
60220 
60220 
60220 
60220 
60216 
60216 
60216 
60212 
60212 
60212 
60208 
60208 
60204 
60204 
60204 
60204 
60204 
60204 
60200 
60200 
60200 
60196 
60196 
60196 
60196 
60196 
60196 
60192 
60192 
60192 
60192 
60192 
60192 
60188 
60184 
60184 
60184 
60184 
60184 
60180 
60176 
60176 
60172 
60172 
60172 
60168 
60168 
60168 
60168 
60164 
60164 
60164 
60164 
60160 
60160 
60160 
60156 
60156 
60156 
60156 
60156 
60152 
60152 
60152 
60152 
60152 
60148 
60148 
60148 
60144 
60144 
60144 
60144 
60144 
60140 
60140 
60140 
60136 
60136 
60136 
60132 
60132 
60132 
60128 
60124 
60124 
60124 
60120 
60120 
60120 
60120 
60120 
60120 
60120 
60116 
60116 
60116 
60112 
60112 
60112 
60112 
60104 
60104 
60104 
60104 
60096 
60092 
60092 
60092 
60092 
60088 
60084 
60084 
60084 
60084 
60084 
60080 
60080 
60076 
60072 
60072 
60068 
60068 
60068 
60068 
60068 
60064 
60064 
60060 
60060 
60060 
60056 
60056 
60052 
60052 
60052 
60048 
60048 
60044 
60044 
60044 
60040 
60036 
60036 
60036 
60036 
60036 
60032 
60032 
60028 
60028 
60028 
60028 
60028 
60024 
60020 
60020 
60020 
60020 
60016 
60016 
60016 
60008 
60008 
60008 
60000 
59996 
59992 
59992 
59992 
59988 
59984 
59980 
59980 
59976 
59976 
59976 
59972 
59972 
59972 
59972 
59968 
59964 
59960 
59956 
59952 
59952 
59952 
59948 
59948 
59944 
59940 
59936 
59928 
59920 
59916 
59912 
59912 
59912 
59912 
59904 
59904 
59900 
59892 
59892 
59888 
59876 
59868 
59844 
59844 
59832 
59828 
59820 
59816 
59812 
59812 
59796 
59788 
59788 
59776 
58394 
58276 
57288 
56822 
56094 
55083 
54840 
54636 
54444 
54312 
54186 
53991 
53967 
53907 
53901 
53883 
53865 
53826 
53784 
53784 
53778 
53775 
53754 
53748 
53742 
53739 
53715 
53709 
53685 
53679 
53670 
53667 
53667 
53667 
53652 
53637 
53622 
53619 
53619 
53610 
53595 
53592 
53586 
53580 
53580 
53577 
53577 
53577 
53574 
53565 
53565 
53559 
53553 
53550 
53544 
53538 
53532 
53532 
53523 
53520 
53517 
53511 
53505 
53496 
53496 
53493 
53487 
53487 
53481 
53481 
53469 
53466 
53463 
53463 
53460 
53457 
53451 
53448 
53442 
53427 
53427 
53424 
53415 
53412 
53409 
53397 
53391 
53385 
53385 
53379 
53376 
53376 
53376 
53373 
53367 
53367 
53367 
53364 
53364 
53361 
53361 
53358 
53355 
53355 
53352 
53349 
53346 
53340 
53340 
53337 
53337 
53334 
53328 
53328 
53325 
53319 
53319 
53313 
53313 
53310 
53307 
53304 
53301 
53292 
53292 
53292 
53289 
53286 
53286 
53283 
53283 
53283 
53280 
53277 
53277 
53274 
53271 
53265 
53265 
53262 
53262 
53262 
53256 
53256 
53256 
53253 
53253 
53253 
53250 
53247 
53247 
53247 
53244 
53244 
53241 
53241 
53238 
53238 
53235 
53235 
53232 
53232 
53232 
53226 
53223 
53220 
53220 
53220 
53217 
53214 
53214 
53214 
53205 
53205 
53205 
53205 
53202 
53199 
53196 
53196 
53196 
53193 
53187 
53181 
53181 
53181 
53178 
53178 
53178 
53178 
53175 
53175 
53172 
53172 
53172 
53172 
53166 
53163 
53160 
53160 
53160 
53157 
53157 
53157 
53154 
53154 
53154 
53148 
53148 
53148 
53145 
53142 
53142 
53142 
53139 
53139 
53136 
53133 
53133 
53133 
53127 
53121 
53118 
53115 
53115 
53115 
53112 
53109 
53106 
53106 
53106 
53103 
53103 
53100 
53100 
53097 
53094 
53094 
53091 
53088 
53082 
53082 
53082 
53082 
53082 
53082 
53079 
53079 
53079 
53079 
53079 
53076 
53073 
53073 
53073 
53073 
53070 
53067 
53064 
53064 
53061 
53058 
53058 
53055 
53055 
53055 
53055 
53052 
53049 
53049 
53043 
53043 
53040 
53040 
53037 
53034 
53031 
53028 
53028 
53025 
53022 
53016 
53016 
53016 
53010 
53007 
53001 
52998 
52998 
52998 
52995 
52995 
52995 
52995 
52995 
52995 
52992 
52992 
52992 
52992 
52989 
52989 
52986 
52986 
52986 
52983 
52983 
52983 
52983 
52980 
52980 
52977 
52977 
52974 
52974 
52971 
52971 
52971 
52971 
52968 
52968 
52968 
52965 
52959 
52953 
52953 
52950 
52950 
52947 
