80815024 
80804130 
80802119 
80801741 
80760886 
80753750 
80741077 
80740645 
80739797 
80736931 
80724611 
80715659 
80714123 
80708484 
80697156 
80691045 
80685362 
80683839 
80675546 
80656670 
80654133 
80649398 
80645970 
80645963 
80630979 
80626566 
80622140 
80614841 
80601144 
80590880 
80581285 
80563457 
80563284 
80556101 
80547424 
80546193 
80537026 
80536452 
80535530 
80528945 
80522130 
80518554 
80513294 
80511155 
80504706 
80500600 
80496937 
80482928 
80471550 
80442787 
80436468 
80430987 
80417247 
80416522 
80406327 
80401984 
80394332 
80389546 
80388193 
80373754 
80369678 
80365112 
80358447 
80357872 
80354327 
80344586 
80327159 
80323454 
80313588 
80298804 
80297182 
80296484 
80295060 
80287585 
80272471 
80266166 
80263894 
80262380 
80262140 
80256067 
80253709 
80246152 
80230845 
80224066 
80209720 
80198512 
80183485 
80180433 
80179988 
80177076 
80173341 
80168514 
80164179 
80161526 
80155332 
80154233 
80153350 
80148986 
80144557 
80143702 
80136377 
80133913 
80126509 
80123840 
80119995 
80109284 
80106562 
80106025 
80094516 
80094081 
80091027 
80083295 
80070947 
80070003 
80066408 
80058776 
80057052 
80046493 
80043864 
80041533 
80038526 
80014630 
80014534 
80011037 
80010291 
80005804 
80003640 
79995343 
79987964 
79977415 
79976644 
79976225 
79974204 
79973626 
79968035 
79958450 
79958383 
79951620 
79948688 
79948020 
79947608 
79930645 
79923806 
79914896 
79912398 
79910615 
79898422 
79897929 
79888623 
79887101 
79883788 
79874788 
79870032 
79857575 
79856724 
79856285 
79855649 
79838872 
79829660 
79821076 
79814719 
79813134 
79804482 
79804010 
79803952 
79800199 
79799442 
79798892 
79791467 
79788302 
79785549 
79783653 
79782614 
79782212 
79777646 
79777278 
79774204 
79772669 
79772323 
79768980 
79766876 
79766330 
79760495 
79757835 
79755559 
79754514 
79753800 
79749792 
79737803 
79731831 
79730821 
79730035 
79728081 
79727461 
79725966 
79723361 
79717608 
79708401 
79708092 
79706082 
79705299 
79701184 
79691487 
79689668 
79685773 
79685438 
79677242 
79651459 
79650858 
79643895 
79631931 
79631409 
79626434 
79610512 
79609803 
79608153 
79605814 
79600969 
79599353 
79597597 
79597046 
79589215 
79589168 
79586611 
79585075 
79583553 
79580871 
79578677 
79575933 
79573740 
79565891 
79562423 
79551538 
79542639 
79533736 
79533382 
79529323 
79525802 
79524242 
79520645 
79513187 
79511869 
79501037 
79498721 
79484016 
79482923 
79478950 
79469683 
79464163 
79462398 
79462322 
79451186 
79443783 
79443636 
79443535 
79439376 
79435558 
79432538 
79426461 
79415397 
79414321 
79412885 
79406933 
79406753 
79394038 
79392332 
79391440 
79388935 
79383173 
79381009 
79380684 
79376326 
79369955 
79369699 
79359541 
79346512 
79343321 
79340409 
79333017 
79332392 
79330896 
79325545 
79324996 
79321174 
79320537 
79320100 
79317108 
79298813 
79294151 
79278833 
79274968 
79264672 
79263542 
79257644 
79255975 
79252578 
79250680 
79246456 
79245692 
79233868 
79231669 
79226759 
79225305 
79224139 
79206062 
79197617 
79193228 
79189584 
79185245 
79172966 
79171933 
79171108 
79167424 
79166238 
79165680 
79165669 
79162916 
79150273 
79148430 
79146878 
79134562 
79132087 
79124349 
79120465 
79113629 
79096341 
79080990 
79079340 
79076262 
79073614 
79048573 
79043856 
79039505 
79033279 
79029659 
79017975 
79015553 
79009694 
78997416 
78993076 
78982705 
78974831 
78971920 
78958642 
78952671 
78950466 
78949219 
78945091 
78928240 
78924843 
78921546 
78911834 
78909214 
78897391 
78885964 
78880862 
78878296 
78869986 
78867136 
78865017 
78864714 
78860324 
78855153 
78849811 
78849360 
78844150 
78828998 
78818049 
78805612 
78790804 
78789115 
78787979 
78784723 
78782419 
78771050 
78760766 
78748688 
78734249 
78724568 
78722456 
78700304 
78698153 
78688604 
78687963 
78674128 
78667225 
78654185 
78644324 
78639649 
78621516 
78615339 
78607212 
78607154 
78601653 
78597458 
78594663 
78592614 
78586384 
78585682 
78580721 
78573754 
78571643 
78555323 
78546398 
78533963 
78518097 
78516352 
78507314 
78486464 
78486116 
78479644 
78479235 
78474606 
78473888 
78473413 
78472735 
78471245 
78467953 
78456441 
78454203 
78448778 
78448282 
78445691 
78443562 
78437497 
78435582 
78434751 
78433034 
78418313 
78411767 
78409766 
78407018 
78399367 
78394200 
78382715 
78375082 
78373939 
78361805 
78359840 
78357624 
78340992 
78339141 
78337912 
78316067 
78315830 
78315394 
78287983 
78285603 
78284982 
78279096 
78278486 
78276106 
78271215 
78226158 
78223472 
78207903 
78200125 
78196521 
78196134 
78169174 
78166974 
78153080 
78149778 
78148004 
78147365 
78137124 
78135510 
78127524 
78111896 
78095461 
78083269 
78075041 
78051963 
78050792 
78050143 
78047073 
78046414 
78035356 
78025949 
78014615 
77985081 
77980165 
77975338 
77964349 
77960126 
77928111 
77919152 
77916423 
77915510 
77905796 
77902473 
77894877 
77893838 
77889167 
77881778 
77851738 
77837028 
77834743 
77834360 
77825683 
77823692 
77812323 
77803289 
77789860 
77780080 
77776710 
77775330 
77769952 
77766908 
77737780 
77737235 
77719669 
77713720 
77682634 
77670537 
77668596 
77661794 
77657694 
77653921 
77648627 
77631784 
77625130 
77609916 
77599568 
77587410 
77564350 
77554840 
77551626 
77543991 
77543853 
77540853 
77539169 
77526022 
77525987 
77514353 
77500383 
77495716 
77486149 
77475667 
77469574 
77461248 
77460965 
77457424 
77448686 
77447138 
77440117 
77435027 
77434318 
77433474 
77430278 
77422524 
77400837 
77396974 
77391761 
77391491 
77387103 
77385304 
77350919 
77345436 
77338038 
77316857 
77314106 
77302637 
77290174 
77290009 
77289063 
77282479 
77280648 
77266850 
77244411 
77243480 
77241427 
77236363 
77235716 
77234551 
77233239 
77230088 
77225672 
77220241 
77191464 
77183040 
77173176 
77170927 
77166511 
77158401 
77154915 
77149391 
77141898 
77140940 
77135415 
77119319 
77107205 
77105972 
77099667 
77099643 
77084884 
77072184 
77065505 
77064000 
77063553 
