11925199 
9369489 
11528579 
9852320 
10690244 
10068516 
12457613 
10354078 
8655333 
12532529 
9483317 
11212073 
9789159 
10533215 
10365505 
10618386 
11969059 
9608362 
10351226 
10343202 
10654904 
9740279 
12671959 
9848640 
9787635 
11712107 
9701366 
10361367 
11752312 
9664762 
11254133 
10440870 
10401875 
12778082 
11994429 
9228041 
11323215 
9744805 
10371428 
10781519 
10340211 
11820994 
9348907 
10723956 
10242365 
13611150 
11861188 
9434481 
11403357 
10733260 
9373138 
9379293 
13256496 
9278453 
10441667 
9977779 
10618801 
12087244 
12489074 
11481305 
9835757 
10197934 
11469700 
9645643 
11537766 
10831358 
9303912 
11563555 
9520089 
11454524 
12705605 
10510205 
11338897 
9789497 
10428718 
11501300 
9730813 
10729751 
10242289 
11651475 
10347172 
9787737 
13615026 
10407546 
10394170 
10556926 
10552234 
10408724 
10906374 
10373398 
10597863 
10447970 
11871663 
9183364 
14453967 
9949510 
10452186 
11296927 
11034617 
9078969 
12018794 
8659460 
12244523 
9736937 
10383384 
10538246 
14812506 
10786058 
9200846 
11839556 
9379286 
10721418 
10530639 
11712853 
10164912 
9958905 
11668930 
9237975 
13631752 
11666124 
9452011 
10520919 
10527876 
10340128 
10731276 
10501513 
11882377 
9227144 
11792817 
9263711 
16095017 
11579752 
9642399 
11268173 
10633641 
10352798 
10050710 
10300904 
11912136 
9275188 
10400578 
11364096 
10199792 
10372967 
10367708 
11072729 
10478850 
12096876 
9435170 
10577306 
10424806 
12193484 
9136069 
14992211 
9291419 
10542421 
10607626 
11553651 
9985024 
9989176 
12083333 
9248277 
10716130 
10265383 
10535616 
10393250 
13995367 
10755174 
10316189 
11757223 
9673799 
10185601 
11975432 
9422967 
10521150 
10604580 
10267535 
12070318 
12449328 
10767681 
10320531 
11942300 
9193715 
10585587 
10679209 
10355024 
10663551 
11946330 
10750675 
9015946 
15002593 
9434494 
11381848 
10100431 
10354830 
9858197 
11061673 
10263467 
11990397 
9124072 
10600997 
10256632 
12074901 
10362867 
10026375 
10309476 
11986173 
9292811 
11466253 
11107871 
8994282 
11533416 
15303619 
10802884 
11794120 
11864375 
9319077 
10561830 
10386704 
12139637 
10248844 
10617002 
10267065 
12094582 
9189360 
15011013 
9378826 
10450113 
11593828 
9564808 
10744806 
10563274 
12035044 
9337301 
10485024 
10343992 
11992798 
12746556 
10608638 
10453806 
10353685 
10666305 
12362324 
10669799 
9003039 
10673684 
10441519 
10601302 
10374087 
15363217 
9067043 
10601878 
10519243 
12013695 
9287739 
10796724 
10354294 
12161439 
9137447 
10717405 
10318895 
15076590 
9278697 
10781050 
28016507 
24505920 
11991137 
9246679 
10524953 
10614532 
10813514 
14639051 
10456858 
12388323 
10339734 
9598417 
11934849 
9517809 
10176816 
10501139 
10368751 
12278470 
10582381 
12184481 
12090840 
9239097 
10622905 
10463748 
11058851 
21368598 
10359373 
42719629 
10432218 
12935484 
10500646 
10994088 
10914337 
12246599 
9016060 
10655259 
10436852 
10418954 
12714582 
12570313 
10354799 
12183127 
9085573 
10737284 
10670690 
11852218 
10443556 
9388341 
10468206 
10549341 
15380092 
9045788 
10526037 
10081635 
12395296 
9935499 
10193830 
10263601 
12191103 
9130323 
10698633 
10345908 
16077254 
9435922 
10591498 
10510541 
10336746 
12281072 
9260058 
10488875 
10303012 
10650181 
10034595 
10628209 
15773056 
10543451 
10406240 
9344471 
10416759 
10419817 
12492050 
10449155 
10143107 
10383649 
9351253 
12078859 
13795211 
9033117 
11946846 
9185367 
10490168 
10365085 
10606274 
12291178 
9350393 
10187810 
11720377 
10867879 
13239150 
11060953 
10491308 
10427535 
9006300 
10663630 
10661373 
10582260 
9867672 
10636980 
12599273 
10354729 
13657946 
9458914 
12112667 
10299004 
8959272 
10554989 
10635602 
12441030 
10398312 
10465405 
10514566 
9081761 
15510789 
10400391 
11330272 
10435347 
9047644 
12242712 
10947642 
10268443 
9093705 
12050035 
10618953 
10324201 
14143984 
10804796 
10802385 
10135827 
8995574 
10561146 
12306175 
10577012 
10417142 
10223919 
10838372 
10881889 
13497720 
9004184 
11984947 
10653295 
11349879 
9801275 
11498019 
10049882 
12119232 
10176675 
9137203 
11984308 
13964306 
10270758 
10186497 
9359711 
12710994 
10103269 
8982843 
10622884 
10579743 
12896532 
9666979 
13872866 
9263337 
11902162 
10329819 
8992502 
10930567 
10428364 
9968057 
10281406 
10379253 
10716068 
10411184 
12243489 
12315559 
10364038 
10270085 
10228629 
9278735 
12817796 
10386194 
10187614 
9128856 
12290710 
10585562 
13459752 
10292765 
9414235 
12624014 
10082326 
11003800 
12662576 
10637958 
10546336 
9345627 
10065282 
12958770 
11903792 
9914440 
12242320 
10768078 
10433072 
10282656 
9387286 
10310179 
10649126 
12594712 
10108184 
9020805 
13753047 
10698754 
12287837 
10418490 
10337197 
10358869 
9458204 
10625692 
12569102 
10095183 
13621142 
12416367 
11350262 
12061308 
10493235 
10597963 
10610773 
10280632 
10712818 
9085739 
12401676 
10302007 
10085754 
9387360 
15722540 
10675869 
10267812 
10450889 
9085779 
11615114 
12781314 
10178821 
10192848 
9502866 
12295231 
10166827 
13765447 
9281992 
10283687 
12433136 
10314136 
10389836 
9496903 
12213658 
10317256 
10478416 
9032611 
12148228 
13720073 
10450352 
10594339 
10423833 
13648862 
10368098 
12825400 
10016587 
9142853 
12269354 
9498198 
10094437 
15575399 
10637560 
10209001 
10638445 
10319681 
9397389 
12494638 
10262932 
10113538 
10385180 
8808105 
11905716 
10746538 
10247271 
10266395 
11072336 
10364468 
10723739 
9727253 
9655104 
12664941 
32129923 
10298958 
10828698 
10585803 
10028373 
10483162 
12590824 
10138144 
10504078 
9279370 
10286509 
10483855 
10347256 
13717075 
9042260 
12635783 
10074712 
8998438 
10495942 
10616666 
10324314 
12527588 
10422194 
8809460 
12279910 
10275450 
10225991 
10055723 
12560017 
10078199 
10374974 
10714804 
9043380 
12338512 
10210495 
10513171 
13690168 
9184987 
10258625 
10670741 
10440910 
12581775 
10063541 
10446037 
10807213 
10561289 
10053918 
9849471 
14792558 
10362809 
9430460 
12080038 
10489135 
10543709 
9800424 
9935804 
12794910 
9908649 
9045140 
12299257 
13841417 
10306331 
10310680 
9134563 
10363974 
10650696 
10480717 
13681859 
10158828 
10131329 
9491893 
12429471 
14067699 
10205511 
9609109 
10337658 
12876789 
10939132 
10216549 
8989966 
12239393 
10667831 
9880553 
9431921 
15556803 
10609670 
10232943 
9213207 
12634083 
10173987 
10385167 
9910063 
9978369 
12653857 
10354405 
9832727 
13623934 
9715606 
12815318 
9881385 
15844800 
10284817 
10512218 
10203451 
9317786 
12638557 
10382965 
13083630 
9509602 
12680204 
9157908 
11761446 
10511703 
10672161 
10335281 
9074657 
11685334 
9455411 
11770235 
13965982 
10574630 
9592178 
10113974 
10610871 
12496643 
10139917 
9030491 
12050349 
10471589 
10497639 
10321275 
8983000 
16037330 
9883680 
9908620 
11593753 
10157048 
9147949 
10355488 
12956520 
10265529 
8770773 
12389695 
10268908 
12745877 
10406214 
10431544 
10306632 
12813933 
10324939 
9056383 
12371981 
10210403 
10514719 
10312046 
10394941 
14331030 
10601666 
10216710 
9118354 
12541837 
10385380 
10484571 
10388460 
8962488 
12839417 
10229669 
10213811 
13592396 
9191598 
12858138 
9884234 
9827472 
10387513 
12065034 
9929169 
8944231 
10541216 
10541131 
10552736 
10314373 
15508897 
10367121 
11480254 
9862772 
10453713 
9065362 
13478446 
9786719 
10320354 
9011152 
12738900 
9913416 
13674722 
9021745 
12499380 
10153882 
9765768 
10395983 
12084794 
10270167 
10210202 
9115348 
12356290 
11016524 
12198859 
11843236 
10461796 
10599731 
10236118 
10265565 
11815308 
14819088 
10376717 
10691266 
10564063 
14696507 
9760101 
9578212 
9985391 
12800687 
10015550 
9785607 
12066546 
10206691 
10480212 
10314728 
10365510 
11551531 
13464948 
10305690 
9161045 
12548787 
10423129 
9759113 
10550739 
14243437 
10657654 
9859659 
10041880 
11864891 
10197343 
11102130 
9959985 
9859554 
10550148 
10417015 
9899635 
10386940 
10331576 
11509295 
13784135 
13564972 
9222370 
12859581 
9973673 
9824012 
11539435 
11002084 
10308708 
11396359 
9800978 
9202411 
12533937 
13036546 
10709316 
10653639 
10256869 
10364492 
11466079 
10018087 
10557206 
11485669 
9777281 
9776961 
9987884 
15407554 
10312294 
11276511 
33193615 
17805114 
10731250 
11709372 
9965557 
10880796 
13994140 
9867662 
11119165 
10047839 
9838061 
10402454 
12493691 
9833672 
10041989 
11866425 
9758736 
14140378 
10391825 
10215416 
10412794 
11424846 
9796158 
9780527 
12425107 
9772327 
10836193 
10157826 
10391544 
21993894 
10329685 
24607146 
9904759 
11124184 
10485616 
10394011 
9646642 
12012193 
10012113 
10948172 
13725329 
9849557 
11707909 
10129522 
9885211 
12159413 
10326427 
10254068 
11442447 
9823658 
11073985 
13241732 
10511661 
10411921 
11346518 
9824044 
11203198 
10394444 
11444968 
9887404 
9748920 
10357260 
12200172 
13148368 
10331944 
11610970 
9808368 
9992655 
11817226 
10095877 
10389369 
9903928 
12265327 
9649012 
11127179 
13175946 
10540709 
10456291 
10658129 
10317353 
11816283 
9467119 
10809379 
11421400 
10010121 
9576756 
11682069 
10390363 
13367935 
10328737 
11779999 
9570327 
11189290 
10022415 
9730809 
10410807 
12483317 
9933004 
10236221 
11435380 
13456935 
10301130 
10260508 
10315142 
10401831 
11641787 
9993845 
9521035 
12126875 
9944225 
10448958 
10403743 
13878537 
10323286 
11695065 
9633435 
11579030 
10281826 
10741888 
10720345 
10384492 
11546141 
12088597 
14672268 
10056413 
10445385 
10646570 
10301466 
12109715 
9948230 
9975764 
10056190 
12369246 
10350014 
9845463 
13847457 
10304854 
11707027 
9508392 
9746754 
11843148 
10599144 
10496423 
10764408 
10280719 
11663685 
9616678 
12714745 
12358740 
9780856 
10314883 
10320462 
12814491 
9733809 
12306026 
9732742 
9739599 
9805048 
10139379 
