65956 
65956 
65952 
65952 
65952 
65952 
65952 
65952 
65952 
65952 
65952 
65940 
65924 
65924 
65924 
65924 
65924 
65924 
65924 
65924 
65924 
65924 
65924 
65924 
65924 
65924 
65924 
65924 
65924 
65924 
65924 
65924 
65924 
65924 
65924 
65924 
65924 
65924 
65920 
65920 
65920 
65920 
65920 
65920 
65920 
65920 
65920 
65920 
65920 
65920 
65920 
65920 
65920 
65920 
65920 
65920 
65920 
65920 
65920 
65912 
65912 
65912 
65912 
65912 
65912 
65912 
65912 
65912 
65912 
65912 
65912 
65912 
65912 
65908 
65908 
65908 
65908 
65908 
65908 
65908 
65908 
65908 
65908 
65908 
65908 
65908 
65904 
65896 
65004 
64876 
63841 
63708 
63696 
63660 
63544 
63500 
63484 
63468 
63447 
63388 
63364 
63348 
63336 
63332 
63328 
63324 
63112 
63084 
63048 
63044 
63040 
63040 
63040 
63040 
63036 
63024 
63016 
63016 
63016 
63016 
63016 
63016 
63012 
63012 
63012 
63012 
63012 
63012 
63012 
63012 
63008 
63008 
63008 
63004 
62984 
62984 
62984 
62984 
62984 
62984 
62980 
62980 
62980 
62980 
62980 
62968 
62964 
62964 
62964 
62964 
62960 
62960 
62960 
62960 
62960 
62960 
62960 
62960 
62960 
62960 
62960 
62960 
62960 
62960 
62960 
62960 
62960 
62960 
62960 
62960 
62960 
62960 
62960 
62960 
62960 
62960 
62960 
62960 
62960 
62960 
62960 
62960 
62960 
62960 
62960 
62960 
62960 
62960 
62960 
62960 
62960 
62960 
62960 
62960 
62960 
62960 
62960 
62960 
62960 
62960 
62960 
62960 
62960 
62960 
62960 
62960 
62960 
62960 
62960 
62960 
62960 
62960 
62960 
62960 
62960 
62960 
62960 
62960 
62960 
62960 
62960 
62960 
62960 
62960 
62960 
62960 
62960 
62960 
62960 
62960 
62960 
62960 
62960 
62960 
62960 
62960 
62960 
62960 
62960 
62960 
62960 
62960 
62960 
62960 
62960 
62960 
62960 
62960 
62960 
62960 
62956 
62956 
62956 
62956 
62956 
62956 
62956 
62956 
62956 
62956 
62956 
62956 
62956 
62956 
62956 
62956 
62956 
62956 
62956 
62956 
62956 
62956 
62956 
62956 
62956 
62956 
62956 
62956 
62956 
62956 
62956 
62956 
62956 
62956 
62956 
62956 
62956 
62956 
62956 
62956 
62956 
62956 
62956 
62956 
62956 
62956 
62956 
62956 
62956 
62956 
62956 
62956 
62956 
62956 
62956 
62956 
62956 
62956 
62956 
62956 
62956 
62956 
62956 
62952 
62952 
62952 
62952 
62952 
62932 
62932 
62932 
62924 
62924 
62924 
62924 
62924 
62924 
62924 
62924 
62924 
62924 
62924 
62924 
62924 
62924 
62924 
62924 
62924 
62924 
62924 
62924 
62924 
62924 
62924 
62924 
62924 
62924 
62924 
62924 
62924 
62924 
62924 
62924 
62924 
62924 
62924 
62924 
62924 
62924 
62924 
62924 
62924 
62924 
62924 
62924 
62924 
62924 
62924 
62924 
62924 
62924 
62924 
62924 
62924 
62924 
62924 
62924 
62924 
62924 
62924 
62924 
62924 
62924 
62924 
62924 
62924 
62924 
62924 
62924 
62924 
62924 
62924 
62924 
62924 
62924 
62924 
62924 
62920 
62920 
62920 
62920 
62920 
62920 
62920 
62920 
62920 
62920 
62920 
62920 
62920 
62920 
62920 
62920 
62920 
62920 
62920 
62920 
62920 
62920 
62920 
62920 
62920 
62920 
62920 
62920 
62920 
62920 
62920 
62920 
62920 
62920 
62920 
62920 
62920 
62920 
62920 
62920 
62920 
62920 
62920 
62920 
62920 
62920 
62920 
62920 
62920 
62920 
62920 
62920 
62920 
62920 
62920 
62920 
62920 
62920 
62920 
62920 
62920 
62920 
62920 
62920 
62920 
62920 
62920 
62920 
62920 
62920 
62920 
62920 
62920 
62920 
62920 
62920 
62920 
62920 
62920 
62920 
62916 
62916 
62916 
62916 
62916 
62916 
62916 
62916 
62916 
62916 
62916 
62916 
62916 
62916 
62916 
62916 
62900 
62900 
62896 
61880 
61848 
61808 
60992 
60736 
60604 
60576 
60560 
60548 
60512 
60412 
60344 
60304 
60300 
60300 
60300 
60296 
60296 
60284 
60276 
60272 
60272 
60248 
60248 
60244 
60244 
60244 
60240 
60240 
60236 
60228 
60228 
60224 
60224 
60224 
60224 
60224 
60224 
60224 
60224 
60224 
60224 
60224 
60224 
60224 
60224 
60220 
60220 
60220 
60220 
60220 
60220 
60220 
60220 
60220 
60220 
60220 
60220 
60220 
60220 
60220 
60220 
60220 
60220 
60220 
60220 
60220 
60220 
60220 
60220 
60220 
60220 
60220 
60220 
60220 
60220 
60220 
60220 
60220 
60220 
60220 
60220 
60220 
60220 
60220 
60220 
60220 
60220 
60220 
60220 
60216 
60216 
60216 
60216 
60216 
60216 
60216 
60216 
60212 
60208 
60208 
60200 
60196 
60188 
