10097495 
10092106 
10081187 
10061122 
10051474 
10050917 
9971600 
9959981 
9959661 
9946892 
9943792 
9943032 
9922793 
9916122 
9909227 
9891817 
9882960 
9863342 
9845456 
9836547 
9828791 
9810409 
9798750 
9798728 
9748103 
9744561 
9742247 
9731933 
9721682 
9701050 
9660578 
9636573 
9599936 
9588746 
9558324 
9543992 
9532808 
9526125 
9519156 
9514232 
9512879 
9493745 
9492750 
9478947 
9455373 
9453626 
9452735 
9425988 
9413866 
9409695 
9389515 
9387762 
9368096 
9332658 
9328308 
9325738 
9311883 
9302665 
9295925 
9287277 
9251063 
9248537 
9239657 
9228967 
9228079 
9206149 
9205667 
9202690 
9184495 
9184214 
9182628 
9174229 
9173930 
9169597 
9161293 
9151250 
9149291 
9147574 
9138747 
9137794 
9132791 
9123209 
9121176 
9118303 
9100143 
9094881 
9088689 
9086240 
9074716 
9070437 
9066625 
9066293 
9061153 
9056789 
9052171 
9048007 
9043791 
9036099 
9034250 
9034010 
9026443 
9020199 
9019484 
9011858 
9002547 
9001047 
8999117 
8993568 
8988900 
8987709 
8982866 
8982740 
8977746 
8976973 
8976856 
8974397 
8969883 
8969766 
8969094 
8965728 
8962012 
8956752 
8955844 
8952749 
8951245 
8951111 
8949612 
8939476 
8939418 
8939363 
8937848 
8936388 
8935423 
8933849 
8933742 
8931651 
8931608 
8930020 
8928899 
8927209 
8926268 
8925625 
8925306 
8921370 
8920385 
8920140 
8920058 
8919310 
8917343 
8916574 
8914209 
8909991 
8909684 
8908295 
8905214 
8903416 
8903058 
8899609 
8899070 
8898195 
8891853 
8891842 
8890075 
8889088 
8884872 
8884684 
8884040 
8882032 
8878242 
8877139 
8876335 
8873368 
8873006 
8869608 
8868738 
8868091 
8868072 
8864908 
8861084 
8859535 
8858580 
8853711 
8852701 
8851512 
8850445 
8848767 
8845970 
8841815 
8838963 
8837749 
8835906 
8834988 
8833228 
8833134 
8830974 
8830871 
8829092 
8829030 
8825008 
8824747 
8821060 
8819939 
8818365 
8818206 
8817621 
8817538 
8817170 
8816412 
8816092 
8816044 
8812748 
8810597 
8810478 
8809714 
8808895 
8806240 
8805114 
8802851 
8802279 
8802037 
8800524 
8799713 
8798576 
8797423 
8796839 
8795539 
8794380 
8793654 
8792955 
8791211 
8790710 
8788164 
8788154 
8786415 
8784449 
8784173 
8781452 
8780651 
8779836 
8776959 
8773958 
8773133 
8769531 
8766893 
8765647 
8765534 
8765000 
8764448 
8763980 
8761697 
8761456 
8761281 
8759019 
8757106 
8756717 
8754456 
8752480 
8752013 
8750480 
8750379 
8749323 
8748928 
8747149 
8747141 
8745425 
8745062 
8743491 
8742226 
8738803 
8738536 
8738204 
8738177 
8738132 
8737850 
8735563 
8735460 
8734683 
8731740 
8729584 
8728234 
8727560 
8724429 
8722833 
8721344 
8720929 
8719595 
8718340 
8717858 
8716084 
8712859 
8707309 
8706480 
8705656 
8705124 
8700792 
8700469 
8700254 
8699923 
8698975 
8698948 
8698858 
8698226 
8697915 
8697737 
8696568 
8696044 
8695451 
8695120 
8694758 
8693840 
8693700 
8693183 
8691362 
8690216 
8689682 
8688952 
8688324 
8688163 
8686944 
8685224 
8684597 
8682866 
8682700 
8682407 
8682137 
8680286 
8680277 
8679710 
8679588 
8679290 
8678549 
8677508 
8677419 
8677322 
8676681 
8675500 
8675091 
8674225 
8673535 
8672522 
8672333 
8672233 
8671522 
8670381 
8670049 
8667086 
8664979 
8664961 
8663596 
8662464 
8661730 
8661151 
8660971 
8660805 
8660116 
8657385 
8656789 
8655836 
8655724 
8653157 
8651725 
8650174 
8649453 
8648906 
8648569 
8647257 
8644908 
8641107 
8640567 
8639004 
8638794 
8635820 
8633776 
8633506 
8633040 
8632764 
8632696 
8631024 
8630976 
8630975 
8630864 
8626511 
8624056 
8623540 
8622150 
8620857 
8620816 
8620568 
8618643 
8618592 
8618360 
8617581 
8615299 
8614596 
8614306 
8612433 
8611922 
8611202 
8609384 
8609108 
8607458 
8605631 
8605194 
8605135 
8604836 
8603289 
8603266 
8602321 
8601732 
8599499 
8595913 
8595490 
8593845 
8593021 
8591668 
8591563 
8590447 
8588704 
8587575 
8586181 
8583434 
8581117 
8579353 
8579155 
8576314 
8575326 
8572338 
8569210 
8563682 
8562413 
8562356 
8562316 
8562205 
8562124 
8560745 
8557926 
8554873 
8552026 
8551687 
8551594 
8550627 
8548889 
8548699 
8547956 
8547878 
8546532 
8545890 
8545011 
8543401 
8540571 
8539469 
8538955 
8538780 
8538156 
8537574 
8535216 
8534054 
8532697 
8529653 
8529314 
8527959 
8527830 
8527758 
8526964 
8526611 
8524553 
8519306 
8518611 
8517974 
8517178 
8516890 
8516706 
8513801 
8513059 
8509545 
8509263 
8508113 
8505978 
8504703 
8502840 
8499627 
8496474 
8496137 
8495866 
8494916 
8487826 
8487122 
8486597 
8485960 
8485908 
8485786 
8482249 
8478012 
8474210 
8473497 
8472817 
8470667 
8468763 
8466092 
8463341 
8460108 
8458725 
8458377 
8458263 
8457451 
8454071 
8453991 
8451979 
8451919 
8451823 
8450234 
8449812 
8448765 
8448493 
8445572 
8445459 
8442916 
8440448 
8440081 
8436569 
8435553 
8435063 
8434303 
8432117 
8431840 
8426222 
8426075 
8422194 
8422153 
8416833 
8415453 
8415372 
8412990 
8411288 
8411207 
8410414 
8409173 
8408267 
8407666 
8406038 
8403575 
8398943 
8394556 
8393996 
8391310 
8390529 
8390328 
8386066 
8385245 
8384895 
8384635 
8382785 
8375017 
8372055 
8359602 
8357800 
8356654 
8353864 
8353511 
8348858 
8345386 
8345332 
8343978 
8343864 
8340958 
8340847 
8339080 
8333513 
8331544 
8321844 
8320312 
8319649 
8317232 
8308457 
8304769 
8304386 
8299343 
8298778 
8298700 
8297830 
8288608 
8285719 
8279219 
8276820 
8276767 
8275915 
8272477 
8270847 
8267932 
8265288 
8264492 
8261009 
8260526 
8259584 
8259009 
8256406 
8253756 
8253092 
8252698 
8250263 
