1483938 
1483657 
1482994 
1482978 
1482199 
1481736 
1481485 
1481402 
1480578 
1480390 
1480339 
1479930 
1479775 
1478530 
1478489 
1478069 
1477942 
1477423 
1477269 
1477105 
1476957 
1476949 
1476836 
1476530 
1475773 
1475749 
1475512 
1475066 
1474429 
1474316 
1474297 
1474225 
1474135 
1473658 
1473463 
1473134 
1473062 
1472788 
1472646 
1472201 
1472056 
1471888 
1471870 
1471740 
1471565 
1471451 
1471407 
1471074 
1470678 
1470202 
1469458 
1468811 
1468716 
1468699 
1468350 
1468286 
1468202 
1467963 
1467908 
1467633 
1467593 
1467502 
1466975 
1466946 
1466880 
1466818 
1466285 
1466103 
1466035 
1465731 
1465644 
1465641 
1465509 
1465472 
1465152 
1465030 
1464861 
1464481 
1464456 
1464442 
1464413 
1464255 
1464188 
1464060 
1464021 
1463991 
1463631 
1463619 
1462953 
1462743 
1462662 
1462642 
1462369 
1462209 
1461921 
1461908 
1461900 
1461552 
1461246 
1461060 
1461029 
1460831 
1459977 
1459681 
1459411 
1459398 
1459391 
1459294 
1458862 
1458736 
1458685 
1458118 
1458114 
1457994 
1457971 
1457910 
1457626 
1457445 
1457158 
1456989 
1456805 
1456686 
1456388 
1456251 
1456079 
1455967 
1455960 
1455880 
1455315 
1454801 
1454528 
1454517 
1454239 
1453840 
1453718 
1453659 
1453650 
1453563 
1453314 
1453244 
1452814 
1452586 
1452385 
1452381 
1452114 
1452013 
1451362 
1451060 
1450350 
1449777 
1449618 
1449576 
1449450 
1449251 
1448803 
1448601 
1448103 
1448010 
1447791 
1447686 
1447575 
1447353 
1447293 
1447029 
1446789 
1446689 
1446297 
1445868 
1444894 
1444652 
1444416 
1444380 
1444341 
1444320 
1444266 
1444164 
1443714 
1443612 
1443408 
1443240 
1443207 
1443124 
1442964 
1442937 
1442611 
1442589 
1442542 
1442532 
1442436 
1442318 
1442280 
1442081 
1442019 
1441944 
1441941 
1441896 
1441596 
1441416 
1441410 
1441186 
1441155 
1441119 
1440879 
1440840 
1440782 
1440651 
1440441 
1440254 
1440105 
1440099 
1439765 
1439346 
1439187 
1438938 
1438622 
1438581 
1438458 
1438221 
1438100 
1438044 
1437869 
1437772 
1437742 
1437441 
1437256 
1437198 
1436430 
1436345 
1436220 
1435904 
1435605 
1435394 
1435237 
1435031 
1434843 
1434378 
1434161 
1434064 
1434001 
1433679 
1433630 
1433136 
1433001 
1432935 
1432924 
1432782 
1432781 
1432433 
1432360 
1432048 
1431865 
1431715 
1430936 
1430229 
1429986 
1429963 
1429932 
1429858 
1429854 
1429754 
1429564 
1429307 
1429251 
1429167 
1429110 
1428981 
1428881 
1428849 
1428465 
1428372 
1427772 
1427501 
1427281 
1427259 
1427137 
1427116 
1426981 
1426958 
1426920 
1426708 
1426500 
1426406 
1426401 
1426007 
1425936 
1425491 
1425489 
1425441 
1425074 
1425073 
1425006 
1424954 
1424917 
1424794 
1424781 
1424619 
1424504 
1424330 
1424329 
1424312 
1424225 
1424071 
1423796 
1423773 
1423749 
1423614 
1423592 
1423521 
1423508 
1423373 
1423307 
1423299 
1423269 
1423250 
1423204 
1423005 
1422998 
1422982 
1422879 
1422617 
1422606 
1422538 
1422536 
1422331 
1422289 
1422249 
1422113 
1422079 
1422012 
1421957 
1421919 
1421915 
1421769 
1421765 
1421741 
1421674 
1421523 
1421414 
1421412 
1421345 
1421182 
1421149 
1421060 
1420976 
1420903 
1420806 
1420718 
1420529 
1420357 
1420263 
1420215 
1420198 
1420134 
1420099 
1420002 
1420001 
1419934 
1419900 
1419898 
1419854 
1419796 
1419760 
1419562 
1419548 
1419538 
1419508 
1419433 
1419366 
1419360 
1419296 
1419174 
1418941 
1418940 
1418860 
1418830 
1418779 
1418727 
1418712 
1418709 
1418610 
1418546 
1418501 
1418252 
1418203 
1418143 
1418128 
1418080 
1418000 
1417977 
1417881 
1417812 
1417784 
1417747 
1417590 
1417367 
1417283 
1417241 
1417232 
1417192 
1417135 
1416908 
1416767 
1416672 
1416575 
1416431 
1416417 
1416327 
1416326 
1416291 
1416270 
1416265 
1416241 
1416238 
1416184 
1416164 
1416132 
1416032 
1415985 
1415969 
1415968 
1415842 
1415652 
1415545 
1415431 
1415381 
1415314 
1415228 
1415168 
1415108 
1415045 
1415036 
1414965 
1414964 
1414946 
1414922 
1414921 
1414783 
1414701 
1414642 
1414573 
1414542 
1414522 
1414472 
1414443 
1414374 
1414364 
1414294 
1414206 
1414178 
1414098 
1414075 
1414020 
1413977 
1413713 
1413705 
1413595 
1413577 
1413478 
1413474 
1413420 
1413415 
1413351 
1413125 
1413100 
1413051 
1413036 
1412933 
1412902 
1412807 
1412799 
1412798 
1412698 
1412662 
1412657 
1412653 
1412398 
1412393 
1412343 
1412311 
1412306 
1412280 
1412211 
1412157 
1412088 
1412054 
1411978 
1411829 
1411661 
1411554 
1411529 
1411423 
1411379 
1411342 
1411328 
1411308 
1411291 
1411286 
1411233 
1411047 
1410859 
1410612 
1410467 
1410353 
1410293 
1410230 
1410067 
1410056 
1409178 
1409140 
1408973 
1408589 
1407899 
1407798 
1407679 
1407370 
1407264 
1407245 
1407066 
1404407 
1403598 
1403058 
1402694 
1402176 
1402048 
1401781 
1401676 
1400767 
1400637 
1400485 
1400305 
1399290 
1398809 
1398046 
1397611 
1397485 
1396094 
1395993 
1394427 
1393925 
1393396 
1393127 
1393109 
1391370 
1391298 
1390885 
1390339 
1390065 
1388969 
1388794 
1388792 
1388500 
1387846 
1387840 
1387598 
1386745 
1386419 
1386399 
1386108 
1385487 
1384872 
1384758 
1383499 
1383367 
1383259 
1382925 
1382537 
1382280 
1382227 
1381981 
1381870 
1381676 
1381303 
1381218 
1381048 
1379692 
1379141 
1379060 
1378583 
1378075 
1377698 
1377557 
1377246 
1377030 
1376983 
1375807 
1375643 
1374824 
1374775 
1374755 
1374634 
1374456 
1374214 
1374105 
1374083 
1373987 
1373605 
1373170 
1373126 
1372460 
1372188 
