13474205 
13473982 
13459984 
13454744 
13453673 
13452750 
13451583 
13439564 
13436493 
13430265 
13423721 
13417745 
13411316 
13406604 
13401299 
13392163 
13390261 
13377263 
13376765 
13374737 
13363068 
13347183 
13343288 
13333045 
13325089 
13321001 
13315887 
13302027 
13301929 
13300295 
13283016 
13282136 
13278528 
13277367 
13275869 
13275424 
13274929 
13271397 
13263099 
13249084 
13242098 
13238315 
13237856 
13234993 
13231812 
13226419 
13209096 
13205784 
13205258 
13204063 
13179653 
13178162 
13176329 
13155952 
13138175 
13132623 
13102089 
13095473 
13080833 
13078661 
13077088 
13076939 
13060634 
13056418 
13051292 
13048632 
13040765 
13039499 
13035688 
13031781 
13024899 
13018903 
13005742 
13005733 
12998152 
12993845 
12992509 
12991980 
12991332 
12990627 
12989340 
12984951 
12979141 
12973864 
12959094 
12958087 
12944195 
12941928 
12941222 
12939091 
12928778 
12925329 
12924663 
12922700 
12919392 
12914799 
12908121 
12904061 
12903519 
12895422 
12882869 
12879841 
12878972 
12874423 
12834117 
12822649 
12813359 
12807815 
12806484 
12792854 
12769270 
12740853 
12740001 
12734717 
12700657 
12699714 
12697765 
12697632 
12696238 
12692255 
12682537 
12661784 
12659249 
12656691 
12648841 
12642978 
12628300 
12623436 
12619329 
12618045 
12614465 
12605628 
12603096 
12589621 
12586301 
12580228 
12573627 
12565230 
12563744 
12560209 
12556903 
12541398 
12532164 
12531419 
12529577 
12524587 
12506144 
12503062 
12495893 
12494035 
12489084 
12480534 
12479103 
12470701 
12466111 
12457961 
12456513 
12454206 
12450430 
12447975 
12441572 
12440783 
12440558 
12439759 
12437553 
12434617 
12429554 
12427726 
12426312 
12421008 
12418783 
12413246 
12411350 
12410341 
12410311 
12402061 
12398438 
12395962 
12389481 
12387208 
12384805 
12374085 
12371272 
12362788 
12357521 
12356945 
12352554 
12334416 
12333076 
12330990 
12329259 
12319444 
12319220 
12318588 
12318402 
12317807 
12314547 
12304352 
12300958 
12296013 
12292864 
12292632 
12290826 
12290749 
12285840 
12284355 
12281222 
12280522 
12273983 
12273320 
12272838 
12268987 
12268131 
12267359 
12267058 
12266552 
12265402 
12264729 
12260959 
12260512 
12253934 
12253794 
12251933 
12250381 
12248148 
12248087 
12244218 
12238691 
12238553 
12235727 
12230903 
12225208 
12223610 
12222694 
12220148 
12210362 
12204036 
12203416 
12202691 
12201529 
12201100 
12200445 
12195984 
12192468 
12190854 
12183617 
12181990 
12181655 
12179269 
12177014 
12170463 
12164119 
12158059 
12156478 
12155217 
12153469 
12152624 
12149549 
12148375 
12140368 
12139607 
12138858 
12138258 
12137985 
12135157 
12130282 
12127127 
12126878 
12125312 
12124200 
12124139 
12122862 
12122803 
12122654 
12121638 
12121226 
12116988 
12114036 
12112800 
12108194 
12104640 
12101762 
12101285 
12099496 
12097563 
12097058 
12089343 
12088106 
12087586 
12087057 
12084581 
12084224 
12082854 
12081665 
12073719 
12071688 
12069804 
12068467 
12068426 
12066773 
12060441 
12055937 
12055511 
12051489 
12050194 
12049583 
12049154 
12048020 
12042731 
12042508 
12040070 
12035965 
12034852 
12033676 
12032478 
12030401 
12023011 
12020780 
12020591 
12018453 
12011714 
12010858 
12006870 
12003426 
12001366 
11999769 
11999159 
11997046 
11992275 
11989644 
11985249 
11982844 
11982158 
11981680 
11980117 
11979529 
11978733 
11971102 
11965175 
11959933 
11957948 
11957249 
11957035 
11954694 
11953118 
11950166 
11950140 
11948029 
11947177 
11946936 
11946260 
11942651 
11933868 
11933859 
11932513 
11929170 
11927026 
11921729 
11920906 
11919150 
11917489 
11916681 
11912691 
11912559 
11904383 
11901392 
11901241 
11900851 
11900642 
11891869 
11889244 
11888463 
11888047 
11886128 
11883097 
11881379 
11880614 
11880461 
11876005 
11874157 
11872875 
11871109 
11864135 
11856560 
11851761 
11850837 
11850340 
11845814 
11843871 
11840912 
11836458 
11834605 
11833433 
11832623 
11829523 
11828606 
11827310 
11825946 
11824779 
11822097 
11820887 
11818494 
11817132 
11816847 
11815054 
11811336 
11810244 
11807655 
11801941 
11801437 
11799683 
11793764 
11791470 
11784055 
11782914 
11780510 
11778191 
11773995 
11773898 
11773198 
11772778 
11772604 
11770314 
11769390 
11761111 
11760741 
11759657 
11758503 
11757071 
11754251 
11753430 
11749119 
11747499 
11743822 
11743218 
11741952 
11741240 
11730289 
11730201 
11728601 
11727851 
11727446 
11726963 
11725514 
11720000 
11710743 
11707108 
11705625 
11704138 
11703148 
11698234 
11697757 
11697278 
11687876 
11685944 
11671296 
11670615 
11670476 
11669213 
11651842 
11646147 
11640736 
11633559 
11630031 
11624354 
11622077 
11618331 
11618101 
11614480 
11611354 
11608570 
11600705 
11598417 
11580876 
11580048 
11579417 
11579184 
11578120 
11570530 
11569759 
11569253 
11568880 
11566452 
11549414 
11544304 
11539716 
11538309 
11529047 
11528271 
11525675 
11524074 
11523575 
11515400 
11515326 
11501721 
11501339 
11496086 
11491837 
11491340 
11491245 
11476668 
11470032 
11469730 
11467556 
11458051 
11456660 
11444788 
11441742 
11431370 
11427150 
11420384 
11411000 
11409577 
11401397 
11400690 
11399663 
11387369 
11383844 
11378856 
11377154 
11376993 
11367986 
11356346 
11347681 
11342936 
11342574 
11341389 
11339450 
11337596 
11335929 
11324600 
11321617 
11320065 
11310568 
11310451 
11310427 
11305365 
11305333 
11300005 
11300004 
11294606 
11292212 
11289504 
11278704 
11277963 
11273779 
11258957 
11258813 
11253282 
11247365 
11243947 
11241358 
11237244 
11236407 
11234128 
11229315 
11225942 
11217284 
11210964 
11205629 
11200090 
11199100 
11198837 
11198411 
11197539 
11188349 
11185878 
11181511 
11176518 
11173271 
11171477 
11170639 
11170344 
11170066 
11167744 
11163423 
11160433 
11159998 
11158023 
11154965 
11154922 
11151027 
11150184 
11149819 
11148704 
11132317 
11129369 
11126834 
11120795 
11114888 
11108673 
11108134 
11107254 
11105490 
11101597 
11100802 
11097982 
11097820 
11087997 
11076950 
