25910 
11726 
10713 
10436 
6105 
5319 
5523 
5616 
5757 
5343 
5802 
5502 
5631 
5574 
5850 
5529 
5532 
5565 
5745 
5325 
5619 
5580 
5652 
5712 
5799 
5478 
5694 
5544 
5466 
5574 
5574 
5298 
5295 
5346 
5655 
5463 
5592 
5559 
5406 
5529 
5277 
5715 
5709 
5448 
5307 
5391 
5532 
5874 
5565 
5367 
5667 
5478 
5235 
5556 
5433 
5697 
5568 
5448 
5562 
5373 
5718 
5406 
5430 
5253 
5454 
5727 
5580 
5400 
5484 
5550 
5451 
5712 
5373 
5658 
5412 
5439 
5601 
5454 
5556 
5376 
5571 
5376 
5406 
5739 
5388 
5445 
5604 
5760 
5307 
5457 
5634 
5622 
5466 
5490 
5478 
5442 
5319 
5715 
5757 
5412 
5700 
5607 
5535 
5439 
5700 
5640 
5664 
5406 
5430 
5604 
5469 
5472 
5280 
5685 
5355 
5619 
5463 
5592 
5703 
5316 
5580 
5547 
5604 
5382 
5637 
5382 
5691 
5448 
5700 
5682 
5442 
5571 
5295 
5367 
5577 
5403 
5628 
5523 
5463 
5406 
5607 
5538 
5454 
5460 
5571 
5514 
5448 
5466 
5502 
5343 
5490 
5706 
5433 
5586 
5691 
5472 
5547 
5502 
5460 
5679 
5367 
5886 
5649 
5838 
5550 
5484 
5496 
5673 
5442 
5418 
5295 
5367 
5553 
5460 
5535 
5376 
5571 
5364 
5580 
5421 
5541 
5478 
5475 
5607 
5520 
5703 
5658 
5301 
5442 
5697 
5664 
5559 
5844 
5691 
5478 
5466 
5457 
5568 
5433 
5769 
5370 
5715 
5403 
5412 
5274 
5721 
5529 
5454 
5694 
5370 
5529 
5703 
5694 
5559 
5430 
5397 
5526 
5562 
5457 
5508 
5541 
5361 
5721 
5727 
5286 
5754 
5490 
5535 
5466 
5715 
5370 
5562 
5514 
5571 
5541 
5409 
5481 
5805 
5343 
5697 
5574 
5451 
5277 
5565 
5472 
5454 
5271 
5571 
5367 
5412 
5631 
5688 
5556 
5454 
5721 
5412 
5511 
5493 
5481 
5463 
5439 
5553 
5385 
5364 
6468 
64 
7551 
5376 
5568 
5490 
5742 
5349 
5301 
5565 
5463 
5988 
5571 
5310 
5334 
5517 
5769 
5481 
5478 
5589 
5928 
5313 
5715 
5748 
5373 
5337 
5547 
5409 
5481 
5430 
5511 
5460 
5205 
5736 
5691 
5559 
5550 
5571 
5319 
5349 
5475 
5472 
5502 
5442 
5472 
5472 
5607 
5688 
5619 
5568 
5466 
5610 
5562 
5433 
5466 
5721 
5559 
5718 
5598 
5367 
5259 
5697 
5556 
5547 
5289 
5484 
5454 
5466 
5430 
5325 
5616 
5682 
5298 
5457 
5496 
5499 
5511 
5262 
5235 
5679 
5562 
5328 
5361 
5262 
5475 
5283 
5784 
5313 
5790 
5484 
5544 
5412 
5571 
5370 
5571 
5292 
5463 
5577 
5394 
5265 
5472 
5358 
5499 
5721 
5463 
5472 
5283 
5442 
5646 
5454 
5466 
5571 
5481 
5619 
5454 
5589 
5718 
5406 
5592 
5628 
5568 
5580 
5832 
5583 
5493 
5586 
5718 
5394 
5586 
5700 
5430 
5289 
5688 
5352 
5613 
5487 
5268 
5472 
5262 
5703 
5775 
5289 
5463 
5484 
5472 
5367 
5661 
5547 
5529 
5550 
5535 
5400 
5733 
5643 
5547 
5412 
5715 
5541 
5370 
5259 
5778 
5565 
5544 
5187 
5562 
5442 
5511 
5412 
5706 
5541 
5439 
5544 
5313 
5400 
5295 
5466 
5556 
5868 
5466 
5361 
5559 
5376 
5481 
5616 
5568 
5643 
5658 
5445 
5550 
5559 
5298 
5481 
5589 
5727 
5370 
5499 
5259 
5463 
5451 
5562 
5376 
5316 
5514 
5592 
5769 
5310 
5568 
5718 
5538 
5436 
5493 
5742 
5400 
5313 
5574 
5463 
5556 
5583 
5520 
5619 
5472 
5595 
5763 
5334 
5457 
5439 
5472 
5529 
5580 
5667 
5427 
5565 
5418 
5322 
5406 
6054 
5664 
5370 
5442 
5412 
5511 
5292 
5466 
5577 
5460 
5577 
5217 
5721 
5322 
5625 
5493 
5703 
5733 
5595 
5727 
5580 
5574 
5751 
5322 
5529 
6069 
64 
7361 
5343 
5505 
5619 
5394 
5388 
5487 
5460 
5343 
5778 
5715 
5544 
5373 
5742 
5514 
5562 
5376 
5568 
5364 
5586 
5562 
5403 
5691 
5721 
5580 
5553 
5304 
5748 
5592 
5469 
5601 
5379 
5616 
5706 
5349 
5316 
5643 
5757 
5484 
5394 
5568 
5415 
5712 
5694 
5574 
5448 
5562 
5649 
5748 
5751 
5364 
5679 
5502 
5724 
5538 
5544 
5697 
5538 
5535 
5343 
6078 
5469 
5652 
5685 
5337 
5664 
5697 
5379 
5658 
5769 
5310 
5709 
5439 
5391 
5463 
5562 
5370 
5508 
5379 
5727 
5502 
5553 
5445 
5280 
5571 
5526 
5559 
5349 
5343 
6159 
5493 
5520 
5343 
6219 
5496 
5712 
5520 
5460 
5547 
5622 
5334 
5457 
5568 
5538 
5460 
5529 
5460 
5361 
5406 
5421 
5637 
5730 
5736 
5466 
5241 
5472 
5691 
5718 
5550 
5373 
5544 
5373 
5766 
5364 
5355 
5367 
5757 
5595 
5484 
5505 
5637 
5475 
5640 
5511 
5535 
5514 
5340 
5655 
5733 
5367 
5640 
5418 
5625 
5793 
5328 
5742 
5487 
5433 
5403 
5493 
5481 
5520 
5487 
5619 
5439 
5679 
5304 
5241 
5454 
5505 
5715 
5571 
5496 
5601 
5337 
5547 
5373 
5691 
5709 
5523 
5799 
5592 
5805 
5592 
5463 
5667 
5454 
5598 
5418 
5691 
5364 
5562 
5526 
5481 
5685 
5967 
5616 
5604 
5745 
5661 
5451 
5430 
5694 
5577 
5715 
5583 
5559 
5307 
5307 
5460 
5658 
5751 
5367 
5613 
5655 
5310 
5646 
5724 
5328 
5625 
5745 
5367 
5460 
5601 
5652 
5475 
5211 
5487 
5481 
5730 
5676 
5556 
5619 
5322 
5580 
5322 
5640 
5496 
5640 
5691 
5346 
5697 
5565 
5514 
5322 
5466 
5604 
5565 
5703 
5712 
5550 
5754 
5514 
5514 
5367 
5253 
5787 
5442 
5703 
5544 
4071 
64 
4911 
5352 
5418 
5535 
5364 
5316 
5376 
5694 
5907 
5304 
5766 
5595 
5733 
5355 
5751 
5562 
5373 
5211 
5670 
5691 
5550 
5466 
5376 
5466 
5772 
5310 
5625 
5475 
5592 
5472 
5706 
5460 
5739 
5745 
5451 
5436 
5706 
5571 
5433 
5238 
5727 
5577 
5670 
5304 
5529 
5577 
5472 
5562 
5370 
5652 
5550 
5466 
5319 
5310 
5346 
5415 
5475 
5610 
5760 
5325 
5481 
5436 
5682 
5670 
5595 
5571 
5451 
5658 
5310 
5460 
5955 
5613 
5463 
5478 
5964 
5781 
5406 
5439 
6015 
5472 
5430 
5460 
5463 
5478 
5454 
5556 
5598 
5361 
5604 
5286 
5472 
5280 
5772 
5292 
5469 
5433 
5439 
5487 
5532 
5514 
5460 
5463 
5556 
5379 
5463 
5673 
5271 
5466 
5433 
5547 
5613 
5766 
5325 
5670 
5280 
5442 
5586 
5766 
5544 
5472 
5583 
5562 
5535 
5481 
5247 
5655 
5526 
5559 
5733 
5481 
5391 
5451 
5385 
5556 
5412 
5565 
5565 
5421 
5511 
5271 
5523 
5718 
5607 
5742 
5673 
5517 
5373 
5703 
5754 
5352 
5499 
5733 
5490 
5370 
5550 
5697 
5559 
5448 
5511 
5316 
5754 
5823 
5493 
5562 
5613 
5694 
5376 
5361 
5460 
5295 
5454 
5454 
5505 
5310 
5514 
5640 
5337 
5712 
5682 
5475 
5481 
5823 
5784 
5373 
5661 
5307 
5586 
5691 
5481 
5373 
5829 
5373 
5421 
5568 
5583 
5397 
5487 
5460 
5652 
5730 
5730 
5583 
5847 
5406 
5550 
5412 
5550 
5310 
5745 
5757 
5589 
5478 
5733 
5601 
5823 
5388 
5469 
5691 
5433 
5559 
5550 
5364 
