65529 
56769 
56199 
56139 
56205 
56247 
56226 
56250 
56160 
56160 
56160 
56160 
56160 
56157 
56163 
40004 
56595 
56226 
56262 
56157 
56154 
56157 
56151 
56157 
56133 
56157 
56151 
56157 
56154 
56154 
56154 
56157 
56151 
56157 
58596 
76677 
75069 
74001 
56421 
56247 
56256 
31983 
56634 
56247 
56226 
56157 
56157 
56157 
56154 
56136 
56220 
56154 
73137 
69474 
56271 
56223 
56223 
56157 
56154 
56157 
56157 
56157 
56154 
56157 
56154 
56157 
56196 
56157 
24951 
56607 
56145 
56220 
56223 
56154 
56151 
56157 
56154 
56157 
56151 
56157 
56154 
56157 
56217 
56157 
56154 
56157 
56151 
56157 
56154 
56157 
56151 
56157 
56151 
56157 
56154 
54753 
36532 
56283 
56259 
56220 
56175 
56178 
56175 
56220 
56244 
56199 
56244 
56199 
56244 
56220 
56244 
56199 
56244 
56220 
56289 
56157 
56175 
56178 
56178 
56199 
56244 
56220 
56223 
19702 
56499 
56205 
56217 
56199 
56217 
56199 
56262 
56172 
56175 
56199 
56175 
56181 
56175 
56220 
56196 
56220 
56196 
56220 
56196 
56199 
56217 
56247 
56262 
56187 
56154 
56157 
49962 
41559 
56439 
56172 
56382 
56199 
56223 
56199 
56220 
56199 
56223 
56199 
56220 
56157 
56199 
56220 
56202 
56220 
56199 
56220 
56202 
56220 
56199 
56220 
56220 
56220 
56223 
56220 
13374 
58572 
56325 
56259 
56238 
56217 
56253 
56259 
56253 
56262 
56187 
56256 
56250 
56256 
56250 
56253 
56187 
56256 
56250 
56256 
56250 
56256 
56250 
56256 
56250 
21231 
56529 
56256 
56253 
56193 
56211 
56256 
56211 
56193 
56463 
56253 
56211 
56193 
56211 
56193 
56190 
56214 
56190 
56214 
56190 
56193 
56238 
56280 
56220 
56193 
56211 
56193 
53022 
38328 
56286 
56256 
56757 
56262 
56256 
56256 
56256 
56253 
56256 
56298 
56214 
56214 
56235 
56235 
56256 
56253 
56256 
56256 
56256 
56253 
56256 
56256 
56256 
56253 
56256 
56319 
13476 
56646 
56217 
56235 
56235 
56214 
56235 
56235 
56256 
56253 
56256 
56256 
56256 
56253 
56256 
56319 
56193 
56235 
56235 
56214 
56256 
56253 
56256 
56256 
56256 
56253 
56256 
46389 
44319 
56289 
56256 
56316 
56187 
56256 
56250 
56253 
56253 
56253 
56253 
56253 
56253 
56253 
56253 
56253 
56253 
56190 
56232 
56277 
56229 
56256 
56250 
56256 
56229 
56253 
56253 
11559 
56538 
56217 
56211 
56235 
56232 
56253 
56253 
56232 
56211 
56253 
56253 
56253 
56253 
56253 
56253 
56253 
56253 
56253 
56253 
56253 
56253 
56253 
56253 
56253 
56187 
56271 
51756 
39089 
56289 
56259 
56256 
56235 
56235 
56214 
56256 
56253 
56256 
56256 
56256 
56319 
56193 
56235 
56235 
56235 
56256 
56271 
56454 
56319 
56256 
56274 
56256 
56253 
56256 
56448 
1216410 
56829 
56238 
56085 
56103 
56061 
38430 
56598 
56106 
56175 
56169 
56109 
56127 
56106 
56127 
56106 
56106 
56127 
56169 
56106 
56148 
56151 
56148 
56175 
56169 
56196 
56169 
56175 
56169 
56175 
56169 
56175 
56169 
1833281 
71268 
67200 
64891 
63344 
62323 
61654 
58969 
56268 
56259 
56259 
56259 
56256 
56214 
56253 
56256 
56256 
56256 
309458 
56655 
56214 
56193 
56253 
56319 
56211 
56235 
56214 
56235 
56253 
56253 
56256 
56253 
56256 
56253 
56256 
56253 
56256 
56253 
56193 
56298 
56256 
56232 
56235 
56214 
56253 
56256 
13503 
56706 
56217 
56235 
56232 
56193 
56190 
56211 
56190 
56256 
56214 
56190 
56190 
56211 
56193 
56211 
56190 
56190 
56214 
56193 
56211 
56193 
56211 
56211 
56190 
56256 
56211 
48123 
42577 
56328 
56238 
56214 
56214 
56232 
56235 
56256 
56253 
56253 
56256 
56253 
56256 
56253 
56211 
56256 
56253 
56256 
56253 
56256 
56253 
56256 
56253 
56256 
56253 
56256 
56253 
11046 
56592 
56253 
56193 
56253 
56256 
56256 
56256 
56253 
56256 
56253 
56256 
56256 
56256 
56253 
56256 
56256 
56256 
56253 
56214 
56253 
56256 
56256 
56256 
56232 
56256 
56256 
50586 
39765 
56310 
56259 
56253 
56235 
56235 
56277 
56214 
56235 
56214 
56232 
56256 
56253 
56256 
56253 
56256 
56253 
56256 
56256 
56253 
56256 
56232 
56319 
56190 
56235 
56235 
56214 
96769 
56670 
56196 
56238 
56214 
56214 
56190 
56214 
56193 
56274 
56232 
56232 
56211 
56190 
56208 
56190 
56190 
56211 
56187 
56190 
56208 
56190 
56190 
56211 
56187 
38457 
57503 
56319 
56736 
56175 
56259 
56253 
56259 
56253 
56259 
56253 
56259 
56232 
56259 
56253 
56256 
56211 
56259 
56253 
56259 
56253 
56259 
56232 
56259 
56253 
56259 
29457 
56574 
56223 
56190 
56256 
56295 
56211 
56211 
56235 
56232 
56256 
56250 
56256 
56232 
56256 
56250 
56256 
56253 
56256 
56250 
56256 
56295 
56214 
56232 
56235 
56232 
56253 
54999 
36441 
56310 
56259 
56259 
56232 
56238 
56211 
56259 
56253 
56256 
56211 
56259 
56253 
56280 
56253 
56259 
56253 
56259 
56253 
56259 
56253 
56259 
56253 
56283 
56256 
56253 
56214 
17480 
56550 
56262 
56256 
56214 
56190 
56193 
56211 
56193 
56211 
56193 
56190 
56214 
56190 
56256 
56190 
56214 
56190 
56214 
56190 
56193 
56211 
56193 
56190 
56214 
56190 
56214 
50499 
40146 
56289 
56316 
56256 
56232 
56211 
56232 
56256 
56253 
56253 
56253 
56256 
56253 
56256 
56253 
56253 
56253 
56256 
56316 
56190 
56235 
56211 
56232 
56256 
56253 
56253 
56253 
13983 
56541 
56256 
56253 
56253 
56253 
56256 
56295 
56190 
56235 
56232 
56211 
56256 
56253 
56253 
56253 
56256 
56253 
56253 
56253 
56256 
56253 
56253 
56298 
56190 
56232 
56235 
50037 
40408 
56307 
56262 
56256 
56214 
56235 
56235 
56256 
56256 
56256 
56256 
56253 
56193 
56256 
56256 
56256 
56256 
56256 
56256 
56256 
56256 
56256 
56256 
56256 
56256 
56256 
56256 
12090 
57282 
56181 
56226 
56205 
56223 
56205 
56223 
56205 
56223 
56202 
56199 
56181 
56178 
56223 
56289 
56160 
56178 
56181 
56199 
56202 
56247 
56223 
56226 
56223 
55431 
42532 
56292 
56220 
56223 
56220 
56265 
56157 
56178 
56181 
56199 
56199 
56220 
56202 
56220 
56199 
56223 
56199 
56220 
56199 
56223 
56199 
56265 
56154 
56181 
56178 
56202 
56199 
16494 
56580 
56253 
56220 
56199 
56223 
56199 
56220 
56199 
56223 
56196 
56157 
56220 
56223 
56220 
56199 
56220 
56220 
56223 
56220 
56199 
56220 
56202 
56220 
56199 
56220 
56199 
51582 
39144 
56253 
56226 
56199 
56178 
56181 
56178 
56199 
56247 
56223 
56247 
56199 
56247 
56223 
56313 
56154 
56181 
56178 
56202 
56220 
56247 
56199 
56250 
56220 
56247 
56220 
56250 
17574 
56616 
56205 
56265 
56247 
56181 
56178 
56178 
56223 
56199 
56220 
56199 
56223 
56199 
56220 
56199 
56220 
56199 
56223 
56262 
56157 
56181 
56178 
56178 
56223 
56199 
56220 
53202 
37248 
56280 
73998 
77397 
63633 
56400 
56295 
56196 
56178 
56205 
56157 
56175 
56157 
56187 
56169 
56157 
56184 
56175 
56208 
56154 
56157 
56361 
56349 
56214 
56181 
56154 
25779 
56631 
56160 
56181 
75084 
77739 
56544 
56166 
56199 
56247 
56325 
56280 
56388 
56199 
56178 
56190 
56463 
56397 
56208 
56157 
56199 
56220 
56223 
56223 
56235 
56226 
35601 
56637 
56199 
56202 
56175 
56157 
56151 
56157 
59238 
88260 
65949 
56316 
56208 
56265 
56166 
56163 
56160 
56157 
56166 
56220 
56157 
56157 
56169 
56157 
56160 
56154 
56157 
26193 
56580 
56184 
56154 
56223 
56196 
56199 
56217 
56196 
56154 
56220 
56199 
