9765282 
9757820 
9755492 
9751120 
9731798 
9707865 
9700651 
9696563 
9682704 
9680004 
9661858 
9660985 
9614851 
9612127 
9610045 
9608408 
9601778 
9581228 
9578580 
9577444 
9568001 
9537905 
9535144 
9507452 
9481866 
9478958 
9445007 
9425292 
9415519 
9400973 
9373960 
9342010 
9338567 
9333983 
9321684 
9308843 
9302234 
9298737 
9296119 
9282620 
9222176 
9212783 
9208698 
9175833 
9156159 
9152465 
9148419 
9135388 
9132957 
9131633 
9113264 
9107776 
9099556 
9094357 
9077439 
9057577 
9054986 
9042442 
9023082 
9017417 
9009535 
9007904 
9000780 
8992745 
8983146 
8976900 
8975191 
8972964 
8970529 
8969391 
8960705 
8948749 
8946216 
8928615 
8924802 
8918297 
8909803 
8892954 
8892673 
8891301 
8891046 
8887581 
8866181 
8865924 
8864808 
8863038 
8862287 
8860033 
8851476 
8847221 
8844332 
8843459 
8840540 
8835580 
8831931 
8830201 
8827037 
8826866 
8825706 
8817720 
8811080 
8803922 
8798410 
8781951 
8780787 
8780029 
8778953 
8777211 
8773587 
8773575 
8773238 
8772550 
8770085 
8767739 
8764975 
8761887 
8760731 
8757676 
8757514 
8753314 
8751699 
8751495 
8750425 
8748374 
8746056 
8744820 
8744247 
8740994 
8740433 
8738443 
8734901 
8730513 
8729633 
8728236 
8728201 
8726820 
8725240 
8722974 
8720201 
8719955 
8716727 
8716057 
8712182 
8709823 
8707227 
8707050 
8706559 
8702279 
8700838 
8700727 
8698787 
8697657 
8695619 
8694021 
8690570 
8690253 
8689753 
8688886 
8676940 
8676826 
8676159 
8676021 
8675425 
8670013 
8669325 
8667995 
8667850 
8664521 
8664069 
8658111 
8657060 
8656382 
8656367 
8654874 
8654373 
8650724 
8648819 
8642150 
8640662 
8640147 
8640001 
8638582 
8638351 
8637631 
8634041 
8632088 
8631314 
8630607 
8628439 
8627186 
8625815 
8624620 
8620487 
8618849 
8618600 
8616576 
8616217 
8612505 
8609573 
8609075 
8602787 
8600396 
8598791 
8598542 
8598434 
8598284 
8597732 
8597643 
8597305 
8596597 
8596516 
8593290 
8592545 
8592416 
8591556 
8590557 
8590121 
8586133 
8585364 
8582110 
8581953 
8580818 
8579876 
8578866 
8578800 
8573626 
8572131 
8571977 
8569477 
8568242 
8565489 
8564217 
8563087 
8562373 
8561408 
8559334 
8557354 
8556164 
8555597 
8554314 
8554210 
8553917 
8549459 
8548185 
8543686 
8543479 
8543115 
8539359 
8537830 
8537463 
8535282 
8534889 
8534854 
8533369 
8533050 
8532909 
8532668 
8532634 
8532169 
8530928 
8528942 
8528371 
8526622 
8523906 
8522874 
8522459 
8519785 
8516822 
8516166 
8515592 
8515008 
8514459 
8513412 
8512848 
8511667 
8511012 
8509786 
8507745 
8505827 
8505774 
8505043 
8504408 
8503724 
8503356 
8502074 
8500449 
8500438 
8500413 
8497016 
8492000 
8491940 
8490741 
8488349 
8487004 
8486658 
8484587 
8480595 
8475392 
8474990 
8472365 
8471435 
8470783 
8469296 
8464800 
8464156 
8461215 
8458135 
8457899 
8456668 
8456482 
8455302 
8454913 
8453795 
8452241 
8452059 
8452031 
8451441 
8448162 
8447740 
8445099 
8443876 
8441892 
8441850 
8441683 
8441442 
8439228 
8438379 
8437978 
8436976 
8435584 
8435285 
8434382 
8434302 
8431018 
8429601 
8427956 
8427314 
8424763 
8423939 
8423220 
8421170 
8420103 
8418851 
8418833 
8418253 
8417757 
8416826 
8415017 
8415010 
8411101 
8410923 
8410338 
8408789 
8408093 
8407086 
8405769 
8404056 
8403866 
8403011 
8402523 
8402263 
8402145 
8401394 
8401136 
8400413 
8399190 
8398849 
8398763 
8398706 
8397783 
8393034 
8388281 
8385184 
8383471 
8382432 
8381267 
8378986 
8377148 
8377069 
8376938 
8376544 
8376352 
8375404 
8375030 
8373593 
8373570 
8373500 
8370091 
8369866 
8369725 
8369717 
8369597 
8368948 
8368905 
8368805 
8367812 
8366532 
8364092 
8363424 
8362010 
8361263 
8361084 
8359494 
8358168 
8357227 
8353968 
8351348 
8350794 
8350456 
8349883 
8349130 
8347698 
8347675 
8344146 
8344011 
8343858 
8342968 
8342786 
8341329 
8341045 
8338666 
8338432 
8336388 
8333632 
8332139 
8331840 
8330457 
8329961 
8329643 
8328918 
8328812 
8325575 
8324991 
8324946 
8323880 
8323167 
8322381 
8322161 
8319250 
8319247 
8318472 
8317683 
8317548 
8315797 
8315756 
8314028 
8309770 
8309463 
8309242 
8307793 
8302797 
8301941 
8299876 
8299421 
8298367 
8296758 
8296734 
8296569 
8296532 
8294754 
8294417 
8292119 
8288304 
8287109 
8286907 
8286861 
8286486 
8285847 
8284950 
8284007 
8283297 
8283133 
8278995 
8276831 
8276749 
8275688 
8275614 
8275011 
8274533 
8268937 
8268688 
8268143 
8267082 
8265738 
8263946 
8263561 
8262737 
8260692 
8260659 
8259429 
8259123 
8258890 
8258214 
8258143 
8255161 
8251997 
8251620 
8249332 
8249003 
8248293 
8245656 
8244936 
8244012 
8243907 
8238835 
8236806 
8236029 
8235875 
8235659 
8235432 
8234390 
8231954 
8230604 
8229594 
8227565 
8225284 
8221577 
8221420 
8217155 
8215832 
8211193 
8204189 
8203074 
8202091 
8198884 
8198877 
8197870 
8195811 
8195059 
8194613 
8194395 
8194359 
8193833 
8193076 
8189400 
8188683 
8188206 
8188136 
8183809 
8182306 
8181455 
8178247 
8177583 
8176736 
8174119 
8173395 
8172370 
8169332 
8169208 
8163755 
8158065 
8155316 
8154118 
8150222 
8150138 
8149464 
8142266 
8140621 
8136343 
8136045 
8133513 
8133352 
8123520 
8117002 
8116570 
8109485 
8103388 
8096624 
8093505 
8090690 
8079056 
8078638 
8076680 
8075560 
8075544 
8073266 
8072900 
8069903 
8064836 
8060576 
8047660 
8042962 
8042912 
8041752 
8037699 
8033501 
8026969 
8014970 
8012593 
8009036 
8007252 
8006937 
7996830 
7990477 
7989818 
7986705 
7981299 
7980773 
7978738 
7976723 
