1282694 
1282599 
1282413 
1282383 
1281997 
1281981 
1281699 
1281677 
1281471 
1281378 
1281266 
1281042 
1280803 
1280520 
1280520 
1280150 
1279905 
1279767 
1279348 
1278994 
1278912 
1278887 
1278727 
1278524 
1278450 
1278366 
1278363 
1278349 
1277754 
1277554 
1277403 
1277187 
1277073 
1276944 
1276770 
1276749 
1276556 
1276510 
1276476 
1275986 
1275971 
1275782 
1275719 
1275695 
1275666 
1275641 
1275226 
1275105 
1275066 
1274847 
1274816 
1274672 
1274618 
1274588 
1274586 
1274062 
1274026 
1273739 
1273637 
1273599 
1273591 
1273472 
1273057 
1272963 
1272957 
1272841 
1272236 
1272141 
1272141 
1272115 
1272111 
1272042 
1271958 
1271907 
1271774 
1271771 
1271760 
1271738 
1271681 
1271390 
1271340 
1270957 
1270629 
1270617 
1270614 
1270612 
1270586 
1270560 
1270506 
1270485 
1270293 
1270276 
1270032 
1270017 
1269959 
1269699 
1269560 
1269528 
1269444 
1269435 
1269398 
1269386 
1269331 
1269073 
1269033 
1268901 
1268754 
1268635 
1268561 
1268328 
1268256 
1267938 
1267881 
1267548 
1267515 
1267485 
1267092 
1267086 
1266983 
1266558 
1266459 
1266329 
1265586 
1265400 
1265349 
1265202 
1265151 
1265139 
1264944 
1264920 
1264863 
1264711 
1264638 
1264463 
1264399 
1264356 
1264260 
1264254 
1264146 
1264038 
1263848 
1263837 
1263730 
1263723 
1263688 
1263420 
1263395 
1263347 
1263306 
1263234 
1263192 
1263192 
1263084 
1263046 
1263039 
1263021 
1262833 
1262814 
1262622 
1262559 
1262418 
1262391 
1262379 
1262181 
1262166 
1262109 
1262088 
1261923 
1261635 
1261608 
1261599 
1261557 
1261479 
1261468 
1261404 
1261356 
1261281 
1261236 
1261221 
1261191 
1261152 
1261073 
1261071 
1261035 
1260924 
1260921 
1260891 
1260876 
1260861 
1260855 
1260838 
1260819 
1260717 
1260684 
1260645 
1260612 
1260575 
1260513 
1260468 
1260405 
1260384 
1260372 
1260372 
1260282 
1260273 
1260267 
1260222 
1260219 
1260192 
1260173 
1260141 
1260138 
1260108 
1260102 
1260084 
1260057 
1259974 
1259820 
1259811 
1259805 
1259766 
1259727 
1259715 
1259715 
1259688 
1259610 
1259574 
1259538 
1259424 
1259418 
1259403 
1259391 
1259388 
1259352 
1259316 
1259301 
1259241 
1259229 
1259160 
1259154 
1259121 
1259094 
1259094 
1259076 
1259067 
1259028 
1259016 
1259016 
1258995 
1258971 
1258956 
1258944 
1258926 
1258524 
1258464 
1258320 
1258311 
1258192 
1258173 
1258016 
1257870 
1257854 
1257231 
1257213 
1257079 
1256919 
1256910 
1256784 
1256680 
1256442 
1256329 
1256326 
1256133 
1255750 
1255734 
1255610 
1255599 
1255279 
1255169 
1254296 
1254200 
1254147 
1253917 
1253757 
1253403 
1253075 
1253070 
1253054 
1252967 
1252874 
1252759 
1252738 
1252612 
1252553 
1252411 
1252396 
1252148 
1251856 
1251701 
1251694 
1251593 
1251391 
1251382 
1251363 
1251072 
1250733 
1250726 
1250457 
1250450 
1250355 
1250347 
1250172 
1250127 
1250069 
1249824 
1249815 
1249738 
1249688 
1249311 
1249275 
1249241 
1249034 
1248848 
1248695 
1248669 
1248601 
1248571 
1248303 
1248303 
1248281 
1248133 
1248050 
1248015 
1248011 
1247977 
1247830 
1247515 
1247470 
1247397 
1247312 
1247249 
1247211 
1247148 
1247111 
1247079 
1247044 
1247037 
1247028 
1246962 
1246865 
1246756 
1246713 
1246695 
1246635 
1246625 
1246611 
1246576 
1246563 
1246455 
1246380 
1246307 
1246228 
1245909 
1245758 
1245753 
1245744 
1245737 
1245602 
1245523 
1245442 
1245417 
1245195 
1245112 
1244980 
1244899 
1244779 
1244778 
1244777 
1244688 
1244581 
1244571 
1244550 
1244542 
1244477 
1244301 
1244258 
1244215 
1244207 
1244146 
1244128 
1244104 
1243983 
1243976 
1243949 
1243939 
1243936 
1243933 
1243904 
1243896 
1243861 
1243860 
1243831 
1243803 
1243765 
1243745 
1243728 
1243653 
1243622 
1243615 
1243610 
1243579 
1243501 
1243464 
1243376 
1243347 
1243329 
1243213 
1243212 
1243189 
1243135 
1243114 
1243082 
1243080 
1243074 
1242960 
1242940 
1242900 
1242818 
1242806 
1242785 
1242697 
1242629 
1242602 
1242547 
1242448 
1242424 
1242393 
1242334 
1242218 
1242150 
1242002 
1241856 
1241830 
1241554 
1241552 
1240833 
1240590 
1240511 
1239629 
1238585 
1237216 
1236143 
1236136 
1234426 
1233777 
1233111 
1231958 
1231869 
1231816 
1231313 
1231248 
1229701 
1229339 
1228847 
1228599 
1228554 
1228287 
1226516 
1226411 
1226195 
1225872 
1225716 
1224523 
1224457 
1224331 
1223055 
1222611 
1222263 
1221610 
1221270 
1221100 
1220835 
1219996 
1219867 
1219709 
1219549 
1219219 
1218861 
1218670 
1218641 
1218438 
1218386 
1218304 
1218254 
1218215 
1218206 
1217975 
1217426 
1216900 
1216729 
1216712 
1216583 
1216497 
1216466 
1216362 
1215959 
1215725 
1215200 
1214962 
1214076 
1213999 
1213963 
1213628 
1213515 
1213458 
1213430 
1213254 
1213207 
1213183 
1213150 
1213149 
1213090 
1212704 
1212677 
1212652 
1212601 
1212397 
1212133 
1211870 
1211512 
1211447 
1211420 
1211328 
1210998 
1210974 
1210901 
1210541 
1210459 
1210418 
1210386 
1210073 
1210044 
1210027 
1210023 
1209895 
1209799 
1209754 
1209649 
1209341 
1209121 
1209023 
1208888 
1208718 
1208571 
1208471 
1207431 
1207275 
1206761 
1206744 
1206660 
1206546 
1206525 
1206490 
1206181 
1205898 
1205658 
1205373 
1205326 
1205222 
1205136 
1204718 
1204686 
1204648 
1204466 
1203821 
1203623 
1203391 
1203227 
1203206 
1202975 
1202966 
1202847 
1202807 
1202084 
1202066 
1202020 
1201966 
1201916 
1201375 
1201336 
1201129 
1201012 
1200932 
1200874 
1200802 
1200358 
1200262 
1200127 
1199900 
1199827 
