76801683 
76800520 
76787846 
76786117 
76778645 
76751789 
76750004 
76748313 
76747504 
76742449 
76730694 
76727072 
76724957 
76720310 
76717616 
76717593 
76712650 
76705197 
76703187 
76699004 
76696845 
76694719 
76694243 
76690563 
76688615 
76684743 
76682890 
76669567 
76664396 
76652512 
76650295 
76647470 
76635240 
76633392 
76632578 
76623939 
76622473 
76615051 
76609969 
76595007 
76591848 
76587902 
76587508 
76587390 
76556696 
76529218 
76528836 
76501424 
76494810 
76492633 
76485123 
76481974 
76480357 
76480314 
76477643 
76473084 
76470736 
76461340 
76460961 
76443471 
76442125 
76425713 
76418275 
76412104 
76410173 
76396995 
76383540 
76380935 
76377196 
76366343 
76363498 
76359435 
76347813 
76346173 
76346099 
76341385 
76332985 
76317548 
76314245 
76305013 
76292372 
76287257 
76257659 
76257217 
76243208 
76242149 
76240868 
76232753 
76219170 
76209731 
76195894 
76182163 
76168415 
76163238 
76162970 
76160449 
76151472 
76141890 
76139966 
76134027 
76131183 
76129119 
76120949 
76117888 
76111502 
76104039 
76099360 
76091711 
76089851 
76082313 
76081857 
76080616 
76077146 
76066181 
76050004 
76048367 
76043983 
76040194 
76039094 
76027922 
76010602 
76005204 
75981844 
75967098 
75966667 
75963101 
75962656 
75960483 
75950910 
75944242 
75937094 
75936694 
75936334 
75934771 
75932105 
75926580 
75890298 
75881995 
75865853 
75861546 
75860801 
75859159 
75855696 
75849904 
75846030 
75823866 
75818982 
75816048 
75811255 
75808506 
75807418 
75806648 
75798611 
75795623 
75791719 
75781571 
75772222 
75769599 
75752684 
75745635 
75744680 
75728790 
75726262 
75718842 
75715345 
75705676 
75699353 
75680548 
75677612 
75675927 
75668919 
75666057 
75663007 
75650636 
75646905 
75635917 
75627201 
75620810 
75615332 
75586355 
75578657 
75571334 
75566308 
75552408 
75551074 
75548401 
75544150 
75536088 
75527147 
75525085 
75524286 
75504881 
75489675 
75489587 
75486649 
75486076 
75480835 
75477820 
75464132 
75460430 
75440545 
75424228 
75423476 
75409207 
75384471 
75372821 
75348125 
75348120 
75334404 
75324797 
75315499 
75310588 
75298801 
75296212 
75294891 
75286763 
75285244 
75283842 
75281768 
75280588 
75259740 
75252338 
75251132 
75246618 
75242723 
75242347 
75211166 
75195200 
75186394 
75185268 
75183457 
75168028 
75167598 
75161783 
75150489 
75146971 
75136815 
75125303 
75121548 
75120355 
75115045 
75108560 
75108385 
75089145 
75088655 
75082022 
75068713 
75032836 
75028251 
75025981 
75014663 
75014507 
75001962 
74998746 
74988719 
74980817 
74977073 
74974290 
74968142 
74967857 
74965665 
74961750 
74943597 
74937748 
74934223 
74906812 
74891566 
74879214 
74870170 
74868533 
74865592 
74863417 
74862749 
74862049 
74855210 
74845780 
74845440 
74841499 
74839003 
74838842 
74832792 
74828718 
74827841 
74797558 
74795026 
74788569 
74785098 
74779403 
74775445 
74766698 
74759123 
74753641 
74751140 
74748866 
74730984 
74720096 
74715067 
74710597 
74705373 
74702763 
74701305 
74699550 
74691937 
74688888 
74678374 
74666510 
74658594 
74650564 
74648705 
74645991 
74624935 
74617536 
74608117 
74607329 
74604932 
74602829 
74600097 
74590948 
74590522 
74589358 
74586000 
74581937 
74571085 
74567224 
74559439 
74556297 
74555849 
74546822 
74545493 
74525186 
74508788 
74504892 
74497799 
74493841 
74484017 
74482383 
74481362 
74478183 
74462205 
74422527 
74419280 
74416853 
74413250 
74396066 
74383332 
74382639 
74379385 
74376890 
74365854 
74363397 
74363339 
74357953 
74355504 
74347172 
74338353 
74338151 
74332784 
74329647 
74326605 
74326490 
74322065 
74322049 
74321350 
74311686 
74311686 
74306435 
74304892 
74298588 
74289354 
74273874 
74273814 
74271617 
74269475 
74268459 
74265785 
74260812 
74256128 
74241887 
74234897 
74233362 
74230028 
74224859 
74222741 
74222365 
74209284 
74205381 
74188444 
74176345 
74175215 
74173181 
74171163 
74159586 
74158948 
74157658 
74146092 
74143816 
74130161 
74129232 
74123945 
74123773 
74092669 
74090175 
74089409 
74080345 
74075827 
74069911 
74069563 
74062023 
74061126 
74051845 
74046719 
74039501 
74036077 
74029301 
74025840 
74021005 
74006084 
73998993 
73992390 
73971061 
73961946 
73953154 
73948514 
73948461 
73946106 
73942096 
73935495 
73926270 
73923356 
73917025 
73916068 
73910994 
73909895 
73898566 
73887351 
73881172 
73879674 
73871451 
73867605 
73863774 
73860318 
73857754 
73848320 
73845508 
73841600 
73836778 
73836770 
73830346 
73823213 
73822965 
73816071 
73812059 
73809378 
73808463 
73790395 
73782615 
73780318 
73778818 
73772015 
73767364 
73765835 
73756152 
73753651 
73748570 
73746963 
73736827 
73733191 
73732785 
73731155 
73723784 
73716457 
73715885 
73708316 
73708206 
73702608 
73691773 
73688337 
73687145 
73683119 
73673057 
73669930 
73669669 
73660767 
73658092 
73651964 
73651390 
73649861 
73647612 
73636615 
73634796 
73633794 
73628764 
73612412 
73611796 
73605777 
73601921 
73590908 
73590636 
73588853 
73578578 
73576875 
73565070 
73562840 
73562434 
73560621 
73544403 
73544354 
73540417 
73520797 
73518234 
73510843 
73506025 
73505527 
73498678 
73492973 
73467816 
73458505 
73456546 
73445631 
73436448 
73429014 
73427296 
73420222 
73418183 
73411141 
73409480 
73404611 
73401468 
73397045 
73360092 
73357646 
73347047 
73345107 
73336971 
73333391 
73331653 
73329230 
73319247 
73312176 
73306937 
73304900 
73273378 
73254811 
73250557 
73242084 
73225036 
73223157 
73211894 
73206883 
73203036 
73178897 
73176203 
73170537 
73164898 
73159440 
73158540 
73145964 
73142710 
73142300 
73138335 
73106528 
73104269 
73102595 
73091074 
73080018 
73074132 
73073923 
73067049 
73061656 
73054513 
73051704 
73049129 
73046501 
73042923 
73035513 
73030942 
73018109 
73018008 
73017856 
73017812 
73012245 
73008672 
72993763 
72991772 
72981641 
72969417 
72968050 
72965837 
72953297 
72939905 
72935640 
72933590 
72929264 
72925694 
72903236 
72901444 
72892932 
72889618 
72878500 
72868083 
