9350155 
9340490 
9330313 
9320579 
9319782 
9267713 
9226377 
9226215 
9205999 
9166178 
9160416 
9148758 
9139763 
9138846 
9115012 
9114821 
9091176 
9087583 
9063139 
9040773 
9035293 
9010352 
8982558 
8968083 
8940293 
8891370 
8881228 
8855289 
8852005 
8848335 
8847511 
8843950 
8840043 
8832742 
8828873 
8823990 
8818256 
8809424 
8793743 
8791992 
8760235 
8749787 
8744689 
8734406 
8732276 
8731490 
8729744 
8716127 
8713054 
8712133 
8711512 
8711310 
8710053 
8700322 
8695868 
8682497 
8679060 
8678712 
8671452 
8667650 
8663525 
8654503 
8638959 
8636202 
8631294 
8615451 
8611233 
8606353 
8599358 
8596441 
8594034 
8589764 
8588531 
8584801 
8575250 
8569017 
8565061 
8564510 
8553819 
8552722 
8551593 
8551468 
8548621 
8543805 
8527542 
8526093 
8517270 
8516929 
8514678 
8512160 
8510324 
8509671 
8506909 
8505805 
8500923 
8491846 
8490687 
8489165 
8487800 
8487745 
8486544 
8486198 
8481335 
8474360 
8473998 
8471232 
8468566 
8467222 
8466496 
8465666 
8464937 
8463195 
8460279 
8457096 
8456709 
8456035 
8451031 
8450761 
8450076 
8449308 
8443215 
8440523 
8439597 
8438812 
8438131 
8435937 
8435139 
8433695 
8432783 
8432146 
8431313 
8431228 
8430733 
8430472 
8428307 
8424376 
8420510 
8419567 
8416710 
8415502 
8413657 
8413043 
8412831 
8412064 
8412036 
8410469 
8408513 
8406862 
8406405 
8405953 
8405928 
8403926 
8400100 
8398570 
8398101 
8396167 
8394767 
8392849 
8391907 
8390923 
8390032 
8389967 
8389858 
8387668 
8387040 
8386050 
8385189 
8384167 
8380928 
8379405 
8378062 
8377377 
8376900 
8376036 
8374093 
8373986 
8373172 
8371918 
8368329 
8365845 
8365394 
8364339 
8361906 
8361482 
8360792 
8360395 
8359439 
8358218 
8356307 
8354285 
8352350 
8351699 
8349735 
8344567 
8344365 
8344006 
8340906 
8338366 
8337257 
8336756 
8336560 
8336482 
8334487 
8333783 
8325444 
8325424 
8324837 
8323884 
8323774 
8320326 
8317100 
8317072 
8316015 
8312117 
8311120 
8310692 
8308797 
8308454 
8308076 
8307150 
8304834 
8304135 
8303568 
8302402 
8301732 
8301131 
8300431 
8298201 
8298114 
8294454 
8293802 
8292722 
8292086 
8291169 
8289864 
8288780 
8286211 
8286026 
8283895 
8283655 
8283009 
8281583 
8281293 
8280592 
8280197 
8279882 
8279809 
8273286 
8270203 
8265078 
8263902 
8260962 
8257553 
8252979 
8252640 
8251638 
8250636 
8249895 
8248701 
8248634 
8248532 
8248464 
8246501 
8246009 
8241790 
8241640 
8240237 
8237823 
8237060 
8235545 
8235339 
8233238 
8233120 
8233096 
8231823 
8229208 
8228334 
8225993 
8225103 
8221089 
8220372 
8219948 
8219736 
8217948 
8217687 
8216892 
8215878 
8214495 
8213987 
8212986 
8211444 
8211443 
8208851 
8207607 
8207030 
8206433 
8206403 
8200126 
8200099 
8199954 
8199862 
8199428 
8198187 
8195024 
8194597 
8194466 
8191193 
8187938 
8184747 
8181784 
8181230 
8179683 
8179668 
8176809 
8176189 
8175973 
8175230 
8172028 
8171976 
8171737 
8170520 
8170204 
8169646 
8167560 
8165981 
8164426 
8164279 
8163958 
8163880 
8163093 
8162340 
8162022 
8161927 
8160656 
8160646 
8160302 
8159269 
8158608 
8158313 
8157656 
8155986 
8155863 
8155797 
8154086 
8153898 
8152899 
8152897 
8152234 
8151541 
8149951 
8149939 
8149726 
8149376 
8149357 
8149155 
8148588 
8148169 
8147198 
8145250 
8144945 
8144922 
8143486 
8143474 
8142248 
8141993 
8141481 
8141198 
8140598 
8140039 
8139034 
8137320 
8136004 
8134139 
8134102 
8134088 
8133765 
8132579 
8131787 
8129403 
8129164 
8128519 
8128317 
8128173 
8128091 
8126329 
8124540 
8123764 
8123759 
8123652 
8122744 
8121627 
8119143 
8119061 
8118905 
8118899 
8117718 
8116402 
8116068 
8115910 
8115183 
8113242 
8113185 
8112883 
8110443 
8110443 
8109559 
8109524 
8109078 
8109073 
8108880 
8108486 
8107806 
8107684 
8107619 
8107601 
8107503 
8107054 
8105715 
8102972 
8102967 
8101526 
8101179 
8098931 
8097695 
8097214 
8096704 
8096679 
8096489 
8094497 
8094263 
8093782 
8093699 
8093462 
8092216 
8089701 
8089680 
8089633 
8088597 
8088285 
8088171 
8087545 
8087493 
8086311 
8085774 
8083898 
8082680 
8082364 
8079648 
8078601 
8077930 
8077274 
8076733 
8075143 
8072427 
8072176 
8071838 
8071103 
8069760 
8068473 
8066487 
8065100 
8064058 
8064011 
8063813 
8063334 
8063008 
8062805 
8062055 
8061982 
8061490 
8061430 
8060970 
8059488 
8058725 
8056153 
8056004 
8055943 
8055943 
8054361 
8054169 
8052719 
8051814 
8051704 
8050701 
8050582 
8050320 
8049270 
8046859 
8045425 
8045003 
8044433 
8041969 
8041764 
8036698 
8035471 
8034396 
8032867 
8031593 
8031270 
8027495 
8025306 
8024336 
8024103 
8023922 
8023520 
8023294 
8018986 
8018570 
8018172 
8016850 
8014980 
8014796 
8012402 
8011287 
8008907 
8007446 
8006914 
8006081 
8004381 
7994915 
7994222 
7993888 
7992348 
7990052 
7988214 
7988072 
7984726 
7984701 
7983257 
7980675 
7978850 
7978136 
7976858 
7976411 
7972008 
7971558 
7971271 
7967211 
7966079 
7965183 
7964430 
7959645 
7956883 
7950871 
7950612 
7949852 
7938424 
7937758 
7935237 
7927339 
7926175 
7919590 
7913472 
7908990 
7903625 
7903419 
7895688 
7891943 
7890761 
7890175 
7874416 
7868192 
7861144 
7855804 
7855611 
7851363 
7850725 
7849273 
7848288 
7846704 
7843842 
7842298 
7834421 
7833683 
7830397 
7828535 
7826215 
7824784 
7822640 
7818719 
7816791 
7816708 
7815339 
7804164 
7803311 
7801010 
7798729 
7796664 
7795220 
7788398 
7788204 
7785898 
7777583 
7773995 
7772130 
7765757 
7763881 
7761885 
7758665 
7749314 
