17205 
5322 
5421 
5475 
5502 
5496 
5700 
5562 
5373 
5784 
5592 
5337 
5499 
5571 
5511 
5457 
5424 
5418 
5634 
5547 
5604 
5724 
5427 
5790 
5598 
5460 
5709 
5472 
5904 
5544 
5565 
5409 
5721 
5577 
5475 
5745 
5469 
5574 
5607 
5637 
5499 
5568 
5451 
5571 
5523 
7647 
6842 
4536 
5817 
5583 
5778 
5439 
5511 
5490 
5274 
5688 
5730 
5859 
5784 
5595 
5637 
5568 
5562 
5568 
5607 
5469 
5241 
5658 
5667 
5364 
5706 
5502 
5541 
5397 
5589 
5367 
5388 
5730 
5520 
5454 
5715 
5661 
5547 
5712 
5364 
5580 
5757 
5373 
5766 
5322 
5727 
5499 
5598 
5574 
5451 
5385 
5466 
5670 
5412 
5568 
5370 
5742 
5448 
5601 
5361 
5274 
5463 
5637 
5442 
5574 
5574 
5409 
5736 
5751 
5565 
5388 
5466 
5739 
5394 
5388 
5403 
5736 
5577 
5391 
5553 
5538 
5574 
5412 
5409 
5739 
6237 
5448 
5574 
5466 
6066 
5415 
5445 
5583 
5436 
5649 
5394 
5670 
5454 
5412 
5379 
5817 
5754 
5370 
5706 
5421 
5586 
5727 
5385 
5502 
5451 
5760 
5748 
5475 
5691 
5778 
5352 
5532 
5490 
5583 
5529 
5580 
5541 
5334 
5601 
5418 
5484 
5931 
5433 
5448 
5595 
5433 
5622 
5466 
5385 
5478 
5424 
5457 
5778 
5430 
5604 
5391 
5421 
5550 
5319 
5748 
5610 
5469 
5580 
5544 
5565 
5337 
5727 
5697 
5781 
5784 
5316 
5733 
5481 
5325 
5973 
5484 
5772 
5577 
5763 
5508 
5580 
5379 
5841 
5436 
5415 
5763 
5577 
5580 
5466 
5781 
5409 
5583 
5592 
5430 
5391 
5493 
5472 
5715 
5565 
5490 
5637 
5409 
5577 
5580 
5466 
5793 
5406 
5568 
5445 
5691 
5574 
5580 
5589 
5568 
5556 
5586 
5589 
5472 
5712 
5622 
5511 
5658 
5421 
5931 
5565 
5706 
5643 
5394 
5754 
5487 
5646 
5769 
5421 
5775 
5580 
5460 
5742 
5496 
5703 
5475 
5640 
5379 
5580 
5520 
5565 
5376 
5709 
5481 
5349 
5526 
5763 
5751 
5565 
5460 
5565 
5388 
5535 
5379 
5331 
5565 
6132 
5478 
5706 
5799 
5547 
5598 
5361 
5274 
5430 
5664 
5547 
5712 
2301 
64 
4716 
5649 
5703 
5634 
5460 
5433 
5700 
5730 
5505 
5757 
5454 
5628 
5772 
5439 
5700 
5604 
5586 
5538 
5751 
5559 
5529 
5658 
5379 
5670 
5673 
5364 
5340 
5361 
5994 
5835 
5418 
5574 
5466 
5703 
5361 
5256 
5709 
5652 
5484 
5706 
5577 
5379 
5832 
5472 
5706 
5550 
5577 
5385 
5499 
5394 
5658 
5493 
5496 
5343 
5712 
5772 
5751 
5580 
5478 
5646 
5343 
5769 
5451 
5244 
5565 
6078 
5676 
5442 
5538 
5988 
5559 
5730 
5475 
5466 
5631 
5373 
5445 
5763 
5742 
5454 
5526 
5724 
5661 
5676 
5328 
5703 
5586 
5652 
5535 
5466 
5613 
5547 
5403 
5769 
5727 
5763 
5397 
5541 
5244 
5652 
5775 
5307 
5664 
5313 
5739 
5565 
5412 
5523 
5367 
5766 
5484 
5472 
5874 
5580 
5688 
5421 
5580 
5526 
5733 
5538 
5346 
5475 
5799 
5721 
5466 
5472 
5724 
5382 
5685 
5532 
5418 
5658 
5580 
5664 
5658 
5319 
5730 
5481 
5325 
5769 
5730 
5616 
5367 
5667 
5655 
5505 
5523 
5577 
5466 
5487 
5538 
5631 
5307 
5535 
5589 
5505 
5607 
5727 
5676 
5763 
5463 
5736 
5553 
5370 
5580 
5478 
5442 
5574 
5307 
5535 
5481 
5607 
5574 
5433 
5733 
5508 
5514 
5298 
5262 
5745 
5577 
5598 
5568 
5571 
5769 
5421 
5550 
5322 
5559 
5388 
5445 
5604 
5688 
5565 
5709 
5457 
5556 
5541 
5550 
5319 
5730 
5484 
5781 
5478 
5427 
5763 
5445 
5661 
5598 
5487 
5712 
5364 
5580 
5547 
5385 
5523 
5346 
5865 
5319 
5490 
5658 
5565 
5727 
5622 
5457 
5814 
5727 
5577 
5403 
5652 
5526 
5388 
5448 
5655 
5850 
5337 
5427 
5763 
5721 
5454 
5526 
5442 
5667 
5811 
5376 
5721 
5661 
5652 
5535 
5421 
5661 
5382 
5529 
5409 
5406 
5412 
3420 
64 
4773 
5559 
5415 
5550 
5241 
5745 
5673 
5814 
5280 
5472 
5766 
5643 
5541 
5406 
5505 
5172 
5739 
5571 
5523 
5424 
5739 
5574 
5337 
5445 
5544 
5700 
5859 
5484 
5727 
5565 
5781 
5754 
5409 
5730 
5670 
5496 
5478 
5712 
5457 
5805 
5556 
5565 
5457 
5406 
5349 
5538 
5385 
5721 
5712 
5448 
5463 
5496 
5736 
5541 
5376 
5373 
5337 
5379 
5814 
5484 
5571 
5451 
5751 
5376 
5574 
5403 
5643 
5742 
5574 
5571 
5388 
5571 
5397 
5769 
5661 
5721 
5529 
5574 
5547 
5373 
5568 
5514 
5661 
5436 
5598 
5442 
5739 
5502 
5640 
5553 
5394 
5310 
5454 
5457 
5613 
5424 
5634 
5703 
5349 
5505 
5553 
5589 
5337 
5706 
5376 
5712 
5565 
5748 
5574 
5589 
5622 
5622 
5331 
5379 
5670 
5409 
5781 
5562 
5583 
5547 
5760 
5343 
5346 
5265 
5367 
5487 
5661 
5472 
5292 
5376 
5274 
5703 
5538 
5574 
5442 
5370 
5310 
5658 
5766 
5601 
5577 
5553 
5505 
5700 
5718 
5310 
5289 
5499 
5445 
5373 
5601 
5490 
5538 
5688 
5637 
5904 
5478 
5790 
5721 
5559 
5697 
5730 
5553 
5379 
5694 
5763 
5349 
5838 
5277 
5418 
5703 
5505 
5742 
5778 
5631 
5589 
5370 
5652 
5517 
6093 
5631 
5610 
5634 
6072 
5793 
5763 
5472 
5640 
5475 
5463 
5754 
5655 
5481 
5613 
5667 
5514 
5619 
5763 
5328 
5559 
5742 
5580 
5553 
5367 
5598 
5589 
5742 
5466 
5739 
5451 
5787 
5748 
5433 
5754 
5577 
5460 
5751 
5373 
5412 
5643 
5766 
5394 
5763 
5571 
5370 
5541 
5568 
5469 
5634 
5736 
5580 
5397 
5706 
5373 
5628 
5343 
5604 
5445 
5379 
5481 
5700 
5604 
5823 
5514 
5418 
5553 
5544 
5649 
5727 
236736 
5994 
5745 
5520 
5583 
5748 
5400 
5748 
5478 
5664 
5556 
5454 
5346 
5445 
5826 
5589 
5391 
5415 
5736 
5379 
5466 
5397 
5499 
5733 
5577 
5589 
5769 
5529 
5430 
5619 
5643 
5370 
5316 
5379 
5397 
5331 
5436 
5760 
5586 
5574 
5520 
5634 
5406 
5529 
5472 
5250 
5844 
5559 
5619 
5574 
5667 
5595 
5556 
5466 
5352 
5298 
5652 
5580 
5367 
5568 
5523 
5700 
5625 
5373 
5772 
5757 
5577 
5559 
5703 
5436 
5406 
5802 
5643 
5295 
5502 
5793 
5625 
5655 
5325 
5505 
5436 
5415 
5736 
5367 
5487 
5436 
5553 
5403 
5733 
5544 
5598 
5553 
5232 
5481 
5574 
5346 
5502 
5544 
5520 
5520 
5634 
5649 
5610 
5313 
5412 
5817 
5760 
5505 
5802 
5673 
5472 
5403 
5484 
5523 
5475 
5316 
5406 
5757 
5532 
5571 
5376 
5790 
5439 
5727 
5676 
5649 
5580 
5469 
5415 
5391 
5577 
5733 
5646 
5403 
5256 
5424 
5559 
5817 
5526 
5409 
5556 
5409 
5652 
5493 
5742 
5619 
5430 
5712 
5643 
5421 
5445 
5691 
5457 
5490 
5760 
5550 
5373 
5748 
5415 
5592 
5544 
5388 
5256 
5472 
5634 
5403 
5478 
5373 
5730 
5415 
5535 
5409 
5706 
5583 
5718 
5640 
5469 
5763 
5406 
5724 
5718 
5730 
5718 
5619 
5433 
5550 
5475 
5412 
5379 
