9236613 
9231802 
9217836 
9190291 
9185626 
9179779 
9179482 
9168887 
9168464 
9150697 
9133946 
9129642 
9127954 
9121854 
9119870 
9106260 
9087270 
9084897 
9074294 
9071146 
9051446 
9008103 
8992230 
8988136 
8961998 
8950750 
8939615 
8909345 
8854917 
8849490 
8840699 
8807913 
8807125 
8783270 
8769402 
8765733 
8734767 
8732837 
8713687 
8709370 
8687317 
8685976 
8676608 
8674122 
8668237 
8657494 
8650273 
8635249 
8634948 
8619467 
8609336 
8608586 
8607594 
8601687 
8585837 
8585704 
8576789 
8571063 
8563394 
8554158 
8549996 
8549015 
8546155 
8541152 
8533583 
8526904 
8523734 
8522239 
8520821 
8516414 
8515570 
8514853 
8513614 
8510105 
8508534 
8502239 
8500677 
8497467 
8495863 
8494669 
8494507 
8492273 
8480591 
8475732 
8474671 
8470846 
8468217 
8461272 
8447326 
8444565 
8443024 
8437473 
8435346 
8434732 
8432584 
8432279 
8422395 
8418029 
8417258 
8415120 
8414569 
8413927 
8413077 
8412091 
8410494 
8407445 
8402240 
8400088 
8395111 
8394578 
8392314 
8385783 
8385765 
8384755 
8383783 
8382727 
8382627 
8380862 
8376568 
8369556 
8369087 
8368872 
8367223 
8366953 
8363203 
8360645 
8359409 
8357121 
8355092 
8353648 
8352822 
8352387 
8352126 
8351988 
8351178 
8347176 
8346298 
8346286 
8345038 
8344779 
8340603 
8339765 
8336537 
8334308 
8333557 
8329725 
8329338 
8320976 
8320481 
8316291 
8314441 
8313314 
8312931 
8310923 
8309612 
8309270 
8306820 
8306456 
8306099 
8305530 
8304839 
8304686 
8300035 
8299723 
8298555 
8298445 
8297877 
8296805 
8296548 
8289737 
8289185 
8289110 
8287110 
8286865 
8285414 
8283510 
8280424 
8280392 
8279332 
8278719 
8278090 
8278088 
8277743 
8276884 
8275774 
8273698 
8272283 
8271435 
8269300 
8266200 
8262726 
8261744 
8261446 
8256056 
8255462 
8252037 
8251407 
8250593 
8248349 
8247827 
8247542 
8246525 
8245605 
8245276 
8245151 
8244015 
8243318 
8239253 
8239097 
8237154 
8236300 
8234950 
8231888 
8229129 
8225834 
8222739 
8220446 
8219838 
8217472 
8216586 
8215301 
8214876 
8214589 
8212995 
8211893 
8210765 
8209038 
8208371 
8208060 
8206368 
8204963 
8203932 
8203418 
8202855 
8201575 
8201358 
8198639 
8198070 
8196982 
8195156 
8193593 
8193076 
8192998 
8191646 
8191642 
8191580 
8191318 
8190161 
8187808 
8187023 
8186383 
8186109 
8185080 
8181404 
8179918 
8176525 
8176172 
8175443 
8174716 
8170555 
8168991 
8168109 
8166601 
8165141 
8162946 
8162096 
8161637 
8161081 
8159424 
8159406 
8157654 
8155610 
8154569 
8152946 
8152902 
8152095 
8151860 
8149607 
8149386 
8145522 
8145176 
8144261 
8142370 
8142180 
8141793 
8136535 
8135296 
8133168 
8132977 
8132620 
8130567 
8130402 
8125158 
8124339 
8124289 
8123746 
8123396 
8122661 
8122352 
8120579 
8119162 
8118742 
8118251 
8118199 
8115261 
8115102 
8114827 
8113540 
8112598 
8112241 
8111227 
8108245 
8107985 
8107567 
8106326 
8105849 
8102130 
8099538 
8099243 
8099187 
8098908 
8097008 
8096225 
8094478 
8094385 
8094253 
8094193 
8093594 
8093387 
8091892 
8086600 
8086375 
8085263 
8083511 
8081612 
8081349 
8081084 
8081044 
8079898 
8078076 
8077007 
8075516 
8075459 
8074372 
8073503 
8071354 
8068648 
8067934 
8067509 
8066478 
8066393 
8065516 
8065223 
8062532 
8061506 
8061446 
8059438 
8058900 
8057827 
8057667 
8057619 
8057491 
8056896 
8056359 
8056175 
8054928 
8052217 
8052005 
8051288 
8050474 
8050262 
8049901 
8048721 
8048337 
8047925 
8046291 
8045643 
8044938 
8044150 
8042915 
8042421 
8041204 
8040033 
8039415 
8039330 
8038022 
8037640 
8036244 
8034286 
8034068 
8033875 
8032158 
8031424 
8030967 
8030798 
8030273 
8029070 
8028886 
8028746 
8028616 
8028513 
8028208 
8026913 
8026552 
8025332 
8020622 
8020193 
8018813 
8016171 
8015917 
8014119 
8013573 
8011160 
8010856 
8010534 
8009976 
8009880 
8009841 
8009618 
8009506 
8008727 
8008094 
8006351 
8005851 
8003312 
8003128 
8002632 
8000942 
7999942 
7999509 
7997582 
7997539 
7994182 
7990919 
7988094 
7987130 
7986614 
7986485 
7984906 
7984212 
7983988 
7983403 
7981214 
7981188 
7980975 
7980754 
7977238 
7976176 
7974661 
7974147 
7973377 
7973339 
7972994 
7971557 
7971537 
7970924 
7970218 
7970181 
7969746 
7969602 
7968540 
7968108 
7967434 
7967411 
7967287 
7966750 
7965913 
7965608 
7965569 
7965153 
7965011 
7964615 
7964277 
7963771 
7963348 
7962640 
7962070 
7961886 
7961874 
7960609 
7960472 
7960351 
7959857 
7958510 
7958164 
7957688 
7956103 
7956042 
7955506 
7954967 
7954958 
7953430 
7952255 
7951438 
7950999 
7950226 
7947994 
7947075 
7946319 
7945884 
7945320 
7944308 
7943633 
7941160 
7941102 
7938478 
7937757 
7936358 
7935784 
7934750 
7932508 
7932502 
7931241 
7930322 
7929300 
7927427 
7925910 
7925522 
7925162 
7923410 
7923253 
7918992 
7918128 
7917797 
7917292 
7913430 
7913314 
7910637 
7908920 
7897562 
7896836 
7895717 
7893902 
7893587 
7893439 
7888756 
7884818 
7879832 
7876697 
7864542 
7862375 
7861855 
7855918 
7853272 
7852806 
7850981 
7849109 
7848528 
7847616 
7846925 
7841735 
7840350 
7838108 
7835603 
7835592 
7833418 
7831899 
7829497 
7824386 
7807924 
7807027 
7806317 
7804750 
7801009 
7799783 
7799593 
7797061 
7792751 
7791520 
7785353 
7782472 
7775934 
7775825 
7768416 
7767062 
7765707 
7749824 
7746410 
7733462 
7728871 
7725634 
7724787 
7720145 
7712240 
7708951 
7708360 
7707535 
7706003 
7702406 
7694749 
7686394 
7684865 
7679767 
7678268 
7674494 
7664947 
7663066 
7660194 
7655119 
7653345 
