1959167 
1603927 
1381753 
1493855 
1382830 
1548376 
3686222 
1508446 
1359673 
1437822 
1501810 
1460868 
1319150 
1553110 
1451072 
1272320 
1432439 
1473187 
1363679 
1516401 
785970 
1344703 
1460519 
1366598 
1456778 
2006239 
1398588 
1457555 
1460568 
1273263 
1415546 
1411837 
1474698 
1457285 
1425528 
2301327 
1382595 
1684293 
3508969 
1562761 
1526705 
1469897 
1368133 
1533195 
1276595 
1488600 
1419171 
1462349 
1423895 
1463312 
1461996 
1481978 
1373707 
1781404 
1438090 
1756444 
1422006 
1726693 
1419814 
1439240 
1561716 
1426153 
1409902 
1414765 
1429199 
1460582 
1464474 
1411656 
1471668 
1420784 
1421388 
1432161 
1447509 
1351278 
1484553 
1397251 
1482422 
3585624 
1522268 
1451853 
1424117 
1422768 
1492656 
1398207 
1739583 
1395334 
1432273 
1492584 
1498121 
1440896 
1481215 
1207994 
1467733 
1470532 
1445206 
1412262 
1467839 
1485772 
108025 
1501051 
3110273 
1460875 
1464657 
1522372 
1508407 
1469698 
1457783 
1461444 
337484 
1451385 
1444203 
1365400 
1473913 
1360378 
1507562 
1716729 
1382910 
1236875 
1505138 
1401472 
1459706 
1457519 
1434162 
1413892 
1412516 
1112853 
1566829 
1508047 
1446398 
1457179 
1446692 
1462699 
1321504 
1422252 
1402237 
1434105 
1495848 
1397769 
1473884 
1352839 
1462454 
1289340 
1511242 
1413448 
1488381 
1422329 
1751424 
1374112 
1444761 
4702304 
1439375 
1482912 
1409225 
1466991 
1461205 
1309884 
1470718 
1466033 
1441172 
1423855 
1487762 
1431358 
1477544 
1405553 
1535506 
410996 
1507431 
1413012 
1532772 
1430837 
1499462 
1455776 
1540580 
3511449 
1470914 
1774126 
1437731 
1472466 
1370079 
1409169 
1084660 
1463396 
1465647 
1423300 
1410749 
1412365 
1456479 
1458544 
1551823 
1459924 
1440908 
1411963 
1713620 
1460778 
1435189 
1410331 
1460437 
1321560 
757422 
3138511 
1538070 
1544684 
1475982 
1444990 
1462219 
1611675 
1480186 
1364879 
1513846 
1405267 
1458521 
1412183 
1536604 
1145470 
1459823 
1375422 
1459907 
1458800 
1438178 
1462432 
1455445 
1142527 
929795 
1261901 
1422647 
1455774 
1463156 
1413261 
1411208 
1467463 
3331998 
1520429 
1509335 
4672156 
1728394 
1408079 
1152214 
1415367 
1448277 
1351715 
1496226 
1417632 
1515286 
1406070 
457553 
1609481 
1369373 
1484754 
1369828 
1518698 
1420242 
1549684 
1440146 
1689505 
1396080 
1458294 
1373846 
1474981 
1471959 
1435955 
1417919 
1060254 
1471617 
1443426 
1411685 
1686401 
1413201 
1468646 
1489264 
1012242 
1482673 
1389112 
1517601 
1404499 
1515749 
1394304 
1508257 
1418762 
1491006 
1367004 
1519255 
1402740 
1554208 
1460538 
1520272 
989188 
1477081 
1373484 
1410256 
1412767 
1461721 
1456597 
1512365 
1446600 
1174408 
1400883 
1713373 
1490398 
1509480 
1482188 
1472266 
1448420 
3397513 
1474502 
1468030 
1351847 
1472983 
1396671 
1505931 
1386693 
1157001 
1514460 
1395780 
1455570 
1414301 
1455628 
1438098 
1463216 
4480102 
1432556 
1425091 
1425983 
1418927 
1425862 
1478347 
1323372 
603094 
1411849 
1435581 
1530530 
1434707 
1540459 
1480977 
606594 
1518782 
1457943 
1482363 
1373938 
1499237 
1417896 
1506532 
1131400 
1458898 
1420704 
1483648 
1478339 
1434850 
1458844 
1460845 
1282472 
1461091 
1457731 
1432799 
1498758 
1497542 
1460713 
1727684 
1439713 
1478350 
1472419 
1494694 
1437735 
1461662 
1480081 
1368792 
1525869 
1462892 
405800 
1440462 
1344886 
1471864 
1356644 
1491708 
1600685 
810783 
1473001 
1362635 
1412615 
1410990 
1416424 
1415912 
1607138 
1213356 
1442349 
1414400 
1432765 
1427307 
1685827 
1402671 
1438338 
1086964 
1480020 
169463 
1364329 
1353904 
1467353 
1358780 
1413390 
1408816 
990907 
1521306 
1484537 
1412236 
1415114 
1412610 
1408715 
1416591 
1443669 
4179753 
1375738 
1472144 
1367307 
1484028 
1427329 
1457873 
685655 
775105 
1701518 
1395531 
1439109 
1427153 
1451335 
1479378 
1464240 
1435090 
1434600 
1437072 
1447886 
1450156 
1446447 
1395521 
1522932 
175564 
1541326 
1509275 
1488925 
1510717 
1374639 
1463274 
1156819 
1455886 
1374190 
1409872 
1410890 
1464091 
1459758 
1428523 
1358673 
1743092 
1674155 
1470117 
1461106 
1474056 
1469390 
1457479 
1344422 
1420643 
1414132 
1418493 
1463824 
1485784 
1378295 
1519851 
1402112 
1484576 
335408 
1457816 
1398620 
1499548 
1395679 
1404846 
1408892 
1320236 
1022908 
1453801 
1460735 
1464329 
1412612 
1411008 
1708910 
1291160 
1237566 
1416642 
1502687 
1501004 
1535950 
1520977 
8065775 
1697543 
1557599 
1532214 
1543456 
1245283 
1433599 
1425711 
1433057 
1434522 
1663481 
1692099 
1413854 
1399311 
1474635 
1436376 
1432152 
1430053 
1701791 
1415170 
1447069 
1567022 
1474953 
1431462 
1475936 
1527272 
1469316 
1448046 
1479215 
1405591 
1559145 
292253 
1513984 
1391822 
1509605 
1358343 
1508865 
1416209 
1482367 
3412502 
1622684 
1458658 
1507655 
1408139 
1804342 
1569014 
1220573 
1513660 
1353826 
1716175 
1365386 
1436339 
1457173 
1462867 
1068422 
1418851 
1470126 
1457550 
1533947 
1508285 
1473705 
1454443 
1457555 
1225881 
674839 
1443568 
1413919 
1423939 
1441263 
1382348 
1516167 
716459 
1566477 
1490634 
1467878 
1410506 
1504958 
1383446 
1509419 
1229693 
1740668 
1420451 
1460003 
1412329 
1431451 
1459790 
4698525 
1589110 
1520432 
1476151 
1447403 
1427069 
1438347 
1287928 
1463179 
1421868 
1463431 
1526340 
1455074 
1425884 
1480294 
1504796 
1318543 
1477563 
1496508 
1369031 
1493619 
1396100 
1546444 
1714039 
344951 
1289932 
1506921 
1403263 
1497196 
1052021 
1588670 
1196607 
1493263 
1352314 
1474727 
1365624 
1477366 
1414712 
1462766 
1544145 
1647256 
1432584 
1501692 
1416203 
1439858 
1417299 
1408088 
1413279 
1117542 
1419965 
1409758 
1462061 
1457569 
1695508 
1489076 
1386853 
1531223 
272386 
1499785 
1348696 
1462073 
1409482 
1502081 
1413522 
1460544 
1462761 
1456053 
1461867 
1422165 
1446226 
1459040 
1450111 
1445361 
1486776 
1161064 
1513853 
1497997 
1456538 
1450790 
1448515 
1487292 
4424308 
1765495 
1404535 
1424800 
1421817 
1447971 
1341972 
1483563 
1394026 
1518197 
1390000 
1517515 
1431256 
1502873 
1425147 
1567759 
1428132 
1520773 
1429800 
1461921 
1481874 
1476491 
1441359 
1658192 
1476077 
1471078 
1419383 
1464157 
1456078 
1452553 
1456937 
1316531 
1803424 
1453271 
1459457 
1436111 
1410014 
1414026 
1504900 
1084413 
1449835 
1457742 
1457066 
1462063 
1475639 
1449032 
1414733 
1420360 
1360844 
659512 
1450907 
1440331 
1487300 
1386315 
1494677 
1411372 
1514950 
3594141 
1426047 
1535819 
1422205 
1485204 
1365584 
1716955 
942957 
1511138 
1412465 
1457797 
1442877 
1424360 
1456727 
1464817 
1207823 
750829 
2962348 
1572113 
1534856 
1537245 
1505627 
1502169 
1180713 
1459636 
1442264 
1417587 
1464591 
1460896 
4216420 
1172282 
858619 
1406472 
1427922 
1705865 
1451824 
1400590 
1533630 
462750 
1570070 
1598447 
1521408 
1479799 
1368319 
1472104 
1439410 
1157091 
1496606 
1433975 
1610200 
1392625 
1478960 
1457997 
1455452 
1210033 
1439004 
1456635 
1455696 
1408705 
1457909 
1460907 
1498087 
1379684 
1228604 
806650 
1664189 
1405017 
1466186 
1509228 
1436563 
1535976 
351941 
1583402 
1518255 
1455781 
1458844 
1438742 
1435878 
1067467 
1524685 
1377773 
1528121 
1399159 
1499192 
1408276 
1509566 
1421045 
1458367 
1566174 
1456854 
1510152 
1417205 
1460166 
1458000 
1453037 
870283 
1700652 
1404441 
1459505 
1456392 
1415490 
1462140 
1521257 
1494409 
1417564 
664293 
1496313 
1506161 
1471007 
1457437 
1463020 
1421197 
1529600 
3611246 
1434223 
1519982 
1398011 
1557077 
1453237 
1525138 
4290917 
1398667 
1478609 
1368026 
1469482 
1724535 
1371362 
1465017 
1379808 
1461981 
1471141 
1485538 
1433296 
1467187 
1532460 
1039317 
619688 
1430341 
1474998 
1476838 
1455548 
1477211 
1430169 
1589190 
1455594 
1498374 
1511533 
1498942 
1461317 
1460610 
1492084 
1396959 
1484492 
3434172 
1547992 
1513712 
1672744 
1356972 
1459475 
915155 
1498068 
1419517 
1449493 
1657800 
1398057 
1449007 
1454580 
1285368 
1460077 
1407903 
1462338 
1461801 
1462260 
1457518 
1445116 
1458719 
1110088 
945817 
1439559 
1459753 
1421828 
1408319 
1496211 
1484924 
3658984 
1617914 
1785226 
1471670 
1451362 
1379182 
1521385 
1070384 
1476558 
1349687 
1458111 
1391282 
1501438 
1409383 
1464031 
1459395 
1338047 
1414730 
1422470 
1479848 
4677721 
1440361 
1487008 
934736 
685758 
1393255 
1419890 
1441941 
1466277 
1461890 
1429304 
3471228 
1561704 
1521442 
1443532 
1547031 
1409948 
1492691 
1504923 
1022403 
1547438 
1404894 
1517362 
1379750 
1472335 
1366969 
1441059 
1141511 
1453863 
1464310 
1456942 
1428316 
1474380 
1463117 
1458058 
1245040 
1091865 
1189815 
1434234 
1414660 
1434537 
1460257 
1729724 
1442853 
633900 
1567767 
1467680 
1459431 
1481696 
1431695 
1526979 
1000039 
1481112 
1404745 
1513156 
1381136 
1456439 
1416131 
1454714 
1492454 
1407767 
1460802 
1434396 
1437863 
1457423 
1487074 
1542433 
1505858 
1628950 
1436288 
1417177 
1437257 
1456790 
1712353 
1438557 
1466738 
1509520 
1458558 
1462911 
1435923 
1396200 
1525744 
1388645 
1520286 
1406219 
