1290149 
1290145 
1289917 
1289696 
1289653 
1289650 
1288927 
1288903 
1288782 
1288320 
1288042 
1288035 
1288014 
1287780 
1287704 
1287644 
1287500 
1287044 
1286839 
1286737 
1286565 
1286242 
1286222 
1286204 
1286094 
1286088 
1285945 
1285858 
1285171 
1285029 
1284906 
1284738 
1284590 
1284133 
1283832 
1283685 
1283679 
1283635 
1283622 
1283541 
1283485 
1283433 
1283408 
1283238 
1283116 
1282923 
1282886 
1282858 
1282609 
1282478 
1282460 
1282366 
1282281 
1282257 
1282063 
1281959 
1281684 
1281573 
1281539 
1281529 
1281449 
1281354 
1281101 
1280916 
1280826 
1280796 
1280697 
1280577 
1280487 
1280185 
1280165 
1280085 
1279922 
1279848 
1279641 
1279469 
1279435 
1279194 
1279160 
1279062 
1278654 
1278609 
1278579 
1278522 
1278497 
1278306 
1278253 
1278196 
1278180 
1278089 
1278086 
1277936 
1277932 
1277791 
1277695 
1277478 
1277430 
1277414 
1277175 
1277078 
1277014 
1276906 
1276866 
1276794 
1276773 
1276513 
1276381 
1276119 
1276038 
1275987 
1275930 
1275606 
1275537 
1275380 
1275249 
1275162 
1274743 
1274589 
1274489 
1274422 
1274395 
1274394 
1274217 
1274029 
1273917 
1273716 
1273635 
1273504 
1273143 
1272609 
1271925 
1271691 
1271690 
1271674 
1271658 
1271605 
1271370 
1271202 
1270983 
1270941 
1270548 
1270471 
1270369 
1270143 
1270041 
1270032 
1269822 
1269276 
1269136 
1268997 
1268982 
1268844 
1268241 
1267896 
1267779 
1267767 
1267563 
1267466 
1267454 
1267439 
1267326 
1267281 
1267107 
1267010 
1266803 
1266780 
1266770 
1266738 
1266498 
1266259 
1266169 
1265441 
1265349 
1265230 
1265133 
1265079 
1264870 
1264623 
1264467 
1264293 
1264185 
1263840 
1263791 
1263552 
1263444 
1263381 
1263348 
1263339 
1263282 
1263123 
1263048 
1263021 
1262982 
1262982 
1262931 
1262889 
1262874 
1262853 
1262793 
1262736 
1262721 
1262694 
1262683 
1262658 
1262637 
1262601 
1262568 
1262478 
1262467 
1262345 
1262286 
1262250 
1262247 
1262137 
1262133 
1262061 
1262010 
1261965 
1261947 
1261887 
1261875 
1261836 
1261833 
1261830 
1261824 
1261806 
1261755 
1261737 
1261722 
1261623 
1261620 
1261593 
1261566 
1261563 
1261527 
1261519 
1261467 
1261452 
1261359 
1261350 
1261344 
1261257 
1261146 
1261137 
1261107 
1261092 
1261052 
1261023 
1260981 
1260918 
1260894 
1260873 
1260858 
1260843 
1260804 
1260804 
1260801 
1260769 
1260747 
1260744 
1260651 
1260648 
1260642 
1260531 
1260480 
1260447 
1260432 
1260432 
1260411 
1260393 
1260327 
1260282 
1260183 
1260147 
1260108 
1260074 
1259990 
1259979 
1259898 
1259871 
1259718 
1259397 
1259363 
1259224 
1258959 
1258890 
1258881 
1258622 
1258471 
1258242 
1258065 
1257836 
1257591 
1257217 
1257021 
1257000 
1256909 
1256818 
1256660 
1256519 
1256126 
1255891 
1255847 
1255680 
1255634 
1255626 
1254905 
1254826 
1254588 
1254549 
1254300 
1254287 
1254022 
1253393 
1253386 
1253323 
1253038 
1252979 
1252815 
1252702 
1252686 
1252476 
1252380 
1251578 
1251282 
1251256 
1251192 
1251136 
1250936 
1250847 
1250622 
1250527 
1250467 
1250406 
1250229 
1250225 
1250179 
1250158 
1249964 
1249889 
1249853 
1249775 
1249325 
1249239 
1249171 
1249017 
1248891 
1248888 
1248643 
1248575 
1248423 
1248318 
1248292 
1248235 
1248229 
1248183 
1248145 
1248127 
1248074 
1247946 
1247568 
1247413 
1247369 
1247270 
1247255 
1246903 
1246867 
1246822 
1246820 
1246600 
1246576 
1246558 
1246554 
1246548 
1246417 
1246376 
1246190 
1246167 
1246075 
1246065 
1245880 
1245850 
1245550 
1245461 
1245448 
1245374 
1245340 
1245298 
1245169 
1245166 
1245006 
1244894 
1244881 
1244834 
1244772 
1244748 
1244715 
1244697 
1244573 
1244536 
1244479 
1244479 
1244468 
1244426 
1244398 
1244329 
1244326 
1244296 
1244114 
1244094 
1244066 
1244064 
1243985 
1243967 
1243954 
1243838 
1243834 
1243833 
1243750 
1243679 
1243678 
1243592 
1243542 
1243530 
1243518 
1243511 
1243466 
1243347 
1243319 
1243259 
1243203 
1243198 
1243196 
1243176 
1243067 
1243051 
1243050 
1243001 
1242734 
1242699 
1242571 
1242450 
1242441 
1242437 
1242433 
1242305 
1242288 
1242285 
1242188 
1241892 
1241585 
1241421 
1241355 
1241274 
1241082 
1240466 
1239342 
1239013 
1236339 
1235961 
1234967 
1233637 
1233250 
1232690 
1232622 
1231445 
1229509 
1229125 
1228790 
1228522 
1228231 
1227964 
1227131 
1227113 
1226934 
1226505 
1225706 
1225270 
1224782 
1224758 
1224608 
1224585 
1224555 
1223873 
1223338 
1223125 
1222957 
1222849 
1222687 
1222633 
1221143 
1221066 
1219790 
1219786 
1219622 
1219505 
1219079 
1219033 
1218943 
1218305 
1218276 
1218195 
1218090 
1217876 
1217619 
1217100 
1217057 
1217039 
1217021 
1216930 
1216701 
1215967 
1215687 
1214848 
1214824 
1214578 
1214086 
1213810 
1213649 
1213059 
1212904 
1212814 
1212466 
1211944 
1211898 
1211088 
1211081 
1210990 
1210900 
1210607 
1210579 
1210495 
1210407 
1210386 
1210318 
1210219 
1210130 
1209729 
1209313 
1209287 
1209182 
1209132 
1209109 
1208577 
1208421 
1208277 
1208140 
1208040 
1207482 
1207202 
1207144 
1207078 
1206559 
1206492 
1206017 
1205803 
1205803 
1205770 
1205729 
1205391 
1205172 
1205142 
1205020 
1204952 
1204751 
1204510 
1204469 
1204398 
1204234 
1204155 
1204129 
1204033 
1203641 
1203544 
1203236 
1203154 
1203136 
1203095 
1202960 
1201703 
1201678 
1201423 
1200886 
1200780 
1200624 
1200091 
1199716 
1199437 
1199300 
1199078 
1198901 
1198840 
1198555 
1198480 
1198377 
1198169 
1197921 
1197108 
1197014 
1196393 
