6864 
6864 
6864 
6864 
6864 
6864 
6864 
6864 
6864 
6864 
6864 
6864 
6864 
6864 
6864 
6864 
6864 
6864 
6864 
6864 
6864 
6864 
6864 
6864 
6864 
6864 
6864 
6864 
6864 
6864 
6864 
6861 
6861 
6861 
6861 
6861 
6861 
6861 
6861 
6861 
6861 
6858 
6858 
6858 
6858 
6855 
6855 
6855 
6855 
6855 
6855 
6852 
6852 
6852 
6852 
6852 
6849 
6849 
6849 
6849 
6846 
6846 
6846 
6846 
6846 
6846 
6846 
6846 
6846 
6846 
6846 
6846 
6846 
6846 
6846 
6846 
6846 
6846 
6846 
6846 
6846 
6846 
6846 
6846 
6846 
6846 
6846 
6846 
6846 
6843 
6843 
6843 
6843 
6843 
6843 
6843 
6843 
6843 
6843 
6843 
6843 
6843 
6843 
6843 
6843 
6843 
6843 
6843 
6843 
6843 
6843 
6843 
6840 
6840 
6840 
6840 
6840 
6840 
6840 
6840 
6840 
6840 
6840 
6840 
6840 
6840 
6837 
6837 
6837 
6837 
6837 
6837 
6837 
6837 
6837 
6837 
6837 
6837 
6837 
6834 
6834 
6834 
6834 
6834 
6834 
6834 
6834 
6834 
6834 
6834 
6834 
6834 
6834 
6834 
6834 
6834 
6831 
6831 
6831 
6831 
6831 
6831 
6831 
6831 
6831 
6828 
6828 
6828 
6828 
6828 
6828 
6828 
6828 
6828 
6828 
6828 
6828 
6828 
6828 
6828 
6828 
6828 
6828 
6828 
6828 
6828 
6825 
6825 
6825 
6825 
6825 
6825 
6825 
6825 
6825 
6825 
6825 
6825 
6825 
6825 
6825 
6825 
6825 
6825 
6825 
6825 
6825 
6825 
6825 
6825 
6825 
6825 
6825 
6825 
6825 
6825 
6825 
6825 
6825 
6825 
6825 
6825 
6825 
6822 
6822 
6822 
6822 
6819 
6819 
6819 
6819 
6819 
6819 
6819 
6819 
6816 
6816 
6816 
6816 
6816 
6816 
6816 
6816 
6816 
6816 
6816 
6816 
6813 
6813 
6813 
6813 
6813 
6810 
6810 
6810 
6810 
6810 
6810 
6810 
6807 
6807 
6807 
6807 
6807 
6807 
6807 
6807 
6807 
6804 
6804 
6804 
6804 
6804 
6804 
6804 
6804 
6804 
6801 
6801 
6801 
6801 
6801 
6801 
6801 
6801 
6801 
6801 
6801 
6801 
6798 
6798 
6798 
6798 
6798 
6798 
6795 
6795 
6795 
6795 
6795 
6795 
6792 
6792 
6792 
6792 
6792 
6792 
6789 
6789 
6789 
6789 
6789 
6789 
6789 
6789 
6789 
6786 
6786 
6786 
6786 
6786 
6783 
6783 
6783 
6783 
6783 
6783 
6783 
6783 
6783 
6783 
6780 
6780 
6780 
6780 
6780 
6780 
6780 
6780 
6780 
6780 
6780 
6780 
6780 
6780 
6777 
6777 
6777 
6777 
6777 
6777 
6777 
6777 
6777 
6774 
6774 
6774 
6774 
6774 
6774 
6774 
6774 
6774 
6774 
6774 
6774 
6774 
6774 
6774 
6771 
6771 
6771 
6771 
6771 
6771 
6771 
6771 
6771 
6771 
6771 
6768 
6768 
6768 
6768 
6768 
6768 
6768 
6765 
6765 
6765 
6765 
6765 
6765 
6765 
6765 
6765 
6765 
6762 
6762 
6762 
6762 
6762 
6762 
6762 
6762 
6762 
6762 
6762 
6762 
6762 
6762 
6759 
6759 
6759 
6759 
6759 
6759 
6759 
6759 
6759 
6756 
6756 
6756 
6756 
6756 
6756 
6756 
6756 
6756 
6756 
6756 
6756 
6756 
6756 
6756 
6756 
6753 
6753 
6753 
6753 
6753 
6753 
6753 
6753 
6753 
6750 
6750 
6750 
6750 
6750 
6750 
6750 
6750 
6750 
6750 
6750 
6750 
6750 
6750 
6750 
6750 
6750 
6750 
6750 
6750 
6747 
6747 
6744 
6744 
6744 
6744 
6744 
6744 
6744 
6744 
6744 
6744 
6744 
6744 
6744 
6744 
6744 
6744 
6744 
6741 
6741 
6741 
6741 
6741 
6741 
6741 
6741 
6741 
6738 
6738 
6738 
6738 
6738 
6738 
6735 
6735 
6735 
6735 
6735 
6735 
6735 
6735 
6735 
6735 
6735 
6735 
6735 
6732 
6732 
6732 
6732 
6732 
6732 
6732 
6729 
6729 
6729 
6729 
6729 
6729 
6729 
6729 
6729 
6729 
6729 
6729 
6729 
6729 
6729 
6729 
6729 
6726 
6726 
6726 
6726 
6726 
6726 
6726 
6726 
6726 
6726 
6726 
6726 
6723 
6723 
6723 
6723 
6723 
6723 
6723 
6723 
6720 
6720 
6720 
6720 
6717 
6717 
6717 
6717 
6717 
6717 
6717 
6717 
6714 
6714 
6714 
6714 
6711 
6711 
6711 
6708 
6708 
6705 
6705 
6705 
6705 
6705 
6705 
6705 
6705 
6705 
6702 
6702 
6702 
6702 
6699 
6699 
6699 
6696 
6696 
6696 
6696 
6693 
6693 
6693 
