15879 
6651 
6894 
6576 
6993 
6591 
6528 
6579 
6528 
6705 
6726 
6579 
6630 
6630 
6672 
6576 
6531 
6555 
6552 
6651 
6627 
6522 
6543 
6966 
6666 
6561 
6570 
6561 
6543 
6873 
6822 
6582 
6762 
7290 
6687 
6717 
6585 
6573 
6711 
6687 
6717 
6723 
6741 
6795 
6696 
6561 
6534 
6495 
6747 
6594 
6546 
6522 
6699 
6528 
6714 
6558 
6522 
6681 
6558 
6636 
6588 
6555 
6528 
6660 
7134 
6585 
6570 
6528 
6537 
6702 
6543 
6600 
6627 
6801 
6666 
6597 
6558 
6627 
7284 
6651 
6627 
6726 
6549 
6537 
6720 
6597 
6549 
6723 
6528 
6714 
6789 
6924 
6963 
6636 
7119 
6940 
5970 
6546 
6726 
6636 
6720 
6855 
6603 
6750 
6597 
6573 
6591 
6552 
6651 
6627 
6528 
6606 
6708 
6663 
6564 
6606 
6546 
6540 
6612 
6600 
6699 
6534 
6708 
7230 
6564 
6624 
6579 
6534 
6636 
6810 
7311 
6771 
6666 
6645 
6561 
6549 
6600 
6888 
6861 
6807 
6720 
6690 
6561 
6720 
6591 
6579 
6591 
6606 
6738 
6696 
6561 
6591 
6537 
6618 
6594 
6570 
6768 
6798 
6930 
6558 
6528 
6735 
6663 
6627 
6621 
6639 
6576 
6510 
6927 
6702 
6921 
6774 
6963 
6624 
6801 
6771 
6855 
6603 
6750 
6798 
6573 
6567 
6546 
6618 
6801 
6564 
6696 
6540 
6675 
6585 
6525 
6558 
6600 
6735 
6597 
6594 
6531 
6552 
6621 
6603 
6534 
6735 
6585 
6627 
6588 
6744 
7098 
6555 
6669 
6624 
6531 
6816 
6792 
7089 
6576 
6573 
6564 
6576 
6828 
6573 
6546 
6552 
6609 
6735 
6579 
6795 
6633 
6600 
7014 
6600 
6573 
6597 
6846 
6690 
6831 
6828 
6855 
6603 
6594 
6597 
6546 
6588 
6552 
6651 
6612 
6591 
6654 
6699 
6738 
6600 
6549 
6768 
6972 
7035 
6831 
6843 
6687 
6519 
6684 
6612 
6588 
6558 
6603 
6618 
6705 
6693 
6855 
6669 
6594 
6567 
6525 
6666 
6564 
6651 
6627 
6552 
6576 
6501 
6945 
6903 
6798 
6558 
6804 
6765 
7017 
6819 
6711 
6528 
6672 
6633 
6543 
6780 
6936 
6897 
6678 
6765 
6630 
6768 
6891 
6564 
6612 
6531 
6537 
6984 
6822 
6738 
6864 
6927 
6687 
6630 
6612 
3825 
64 
6192 
6582 
6654 
6624 
6528 
6528 
6768 
6831 
6861 
6531 
6537 
6864 
6654 
6705 
6546 
6537 
6570 
6726 
6819 
6543 
6618 
6732 
7023 
6618 
6561 
6603 
6894 
6864 
6903 
6618 
6570 
6774 
7041 
6930 
6549 
6594 
6600 
6669 
6897 
6567 
6732 
6807 
6633 
6633 
6615 
6813 
6777 
7128 
6831 
7416 
6759 
6765 
6693 
6597 
6939 
6594 
6564 
6678 
6762 
6591 
6573 
6579 
7059 
6903 
6804 
6915 
6819 
6663 
6903 
6573 
6597 
6846 
6678 
6774 
6954 
6552 
6798 
6642 
6726 
6585 
6609 
6549 
6588 
6612 
6753 
6810 
6885 
6717 
6675 
6546 
6720 
6861 
6906 
6900 
6690 
6660 
6687 
7125 
6582 
6543 
6552 
6552 
6612 
6783 
6606 
6525 
6729 
6618 
6633 
6570 
6648 
6534 
6618 
6579 
6723 
6879 
6639 
6774 
6708 
6459 
6576 
6558 
6621 
6582 
6513 
6501 
6516 
6654 
6558 
6528 
6531 
6579 
6759 
6576 
6960 
6876 
6867 
6924 
6831 
6894 
6561 
6540 
6975 
6723 
6570 
6543 
6501 
6636 
16032 
7064 
6832 
6984 
7184 
7136 
7012 
6764 
7032 
6908 
6820 
6764 
7008 
7040 
7096 
6852 
6968 
7116 
6888 
7060 
7084 
6940 
6736 
6804 
6848 
7040 
7012 
6964 
6816 
7008 
7204 
6708 
6760 
6884 
7148 
7024 
7760 
7052 
7016 
7156 
7200 
6788 
6880 
6780 
6828 
6792 
6860 
7408 
7016 
7068 
6916 
6948 
6764 
7020 
6820 
6832 
6824 
6868 
7016 
7176 
7228 
6804 
6736 
2456 
2514 
6368 
6964 
6868 
6792 
6792 
6804 
7092 
7196 
6768 
6808 
6808 
6920 
6788 
6804 
7024 
7016 
6840 
6972 
6768 
6984 
7264 
7076 
7288 
6780 
6796 
6796 
6932 
6836 
6792 
6784 
6992 
6968 
7104 
7028 
6804 
6816 
6932 
6820 
6732 
6764 
6780 
7044 
7084 
6916 
7044 
6752 
7104 
6832 
6804 
6868 
6748 
6932 
6944 
7020 
6816 
6744 
6808 
6800 
6812 
6992 
7040 
7000 
7032 
7032 
6796 
6988 
7200 
6808 
6788 
6784 
6784 
6888 
6988 
6780 
6776 
6760 
6820 
6820 
6796 
6816 
6804 
6900 
7172 
7040 
7100 
6744 
6808 
6800 
6796 
6816 
6988 
7184 
7120 
6680 
6760 
7000 
7200 
6808 
6788 
6976 
6788 
6832 
7116 
6808 
6808 
7028 
6840 
6820 
6796 
6816 
6804 
6900 
7056 
6800 
7232 
6988 
6816 
6828 
7032 
6956 
7084 
7208 
7264 
6792 
6796 
6724 
6856 
6836 
6780 
6788 
6760 
6844 
6864 
6728 
6880 
7024 
7044 
6816 
6780 
6852 
6968 
7064 
6828 
7032 
6956 
7040 
6852 
6896 
7016 
6744 
7008 
7200 
6788 
6776 
6832 
6800 
6948 
6840 
6848 
6812 
7056 
7280 
7008 
6984 
6816 
6744 
6808 
6792 
6816 
6820 
6800 
7056 
7028 
6868 
6820 
6800 
6904 
7024 
6756 
7064 
7124 
7004 
7032 
6816 
6820 
6980 
7116 
7100 
7076 
6976 
6984 
6904 
7188 
7044 
6792 
6760 
6868 
6800 
7036 
6812 
6968 
7020 
78252 
7492 
7020 
6796 
6884 
6976 
6800 
6772 
6856 
6900 
7200 
6744 
7016 
6820 
6840 
7080 
7028 
7020 
7036 
6932 
7068 
6980 
6856 
6800 
6852 
6936 
7088 
6856 
6780 
6828 
7000 
7028 
6964 
7012 
6932 
7040 
6816 
6776 
6780 
6860 
6996 
6816 
6756 
6776 
7368 
7268 
6796 
6772 
6792 
6872 
7004 
7016 
6748 
6824 
6924 
6932 
6748 
6780 
6804 
6868 
7392 
6928 
6840 
6796 
6840 
7040 
6828 
6812 
6836 
6916 
6964 
6816 
6824 
6832 
6880 
6856 
7056 
6972 
6768 
6864 
7260 
6892 
6748 
6736 
6872 
7120 
6748 
6780 
7000 
7232 
7000 
7236 
6796 
6756 
6812 
6984 
7200 
6776 
6756 
6840 
7024 
6812 
6812 
6832 
7096 
6880 
6944 
7104 
7060 
6868 
6908 
6748 
6944 
6756 
6840 
6796 
6812 
6812 
6824 
6912 
6960 
6936 
7104 
7060 
6904 
7076 
6776 
6784 
6792 
6848 
6960 
6936 
7076 
6816 
6844 
6932 
6968 
7200 
6824 
6904 
16380 
6612 
6663 
6840 
6705 
6954 
6888 
6822 
6585 
6663 
6816 
6768 
7278 
6762 
7029 
6834 
6576 
6750 
6972 
6987 
6834 
6591 
6927 
6840 
6681 
6864 
6567 
6573 
6594 
7083 
6732 
6861 
6789 
6534 
7059 
6690 
6717 
6570 
6564 
6720 
6825 
6897 
6609 
6825 
6843 
6996 
6735 
6606 
6714 
6789 
6978 
6945 
6774 
6786 
227007 
7011 
6735 
6561 
16004 
7004 
6760 
6748 
6864 
6852 
6836 
6960 
7024 
7104 
7104 
7120 
6836 
6820 
6836 
6820 
6764 
6772 
6804 
7168 
6816 
6784 
6832 
6900 
6860 
6832 
6804 
6820 
6800 
7228 
6820 
6764 
6804 
6804 
6896 
7084 
6788 
6772 
6804 
6860 
7084 
6764 
6772 
6804 
6944 
6824 
6760 
6776 
6804 
7128 
7012 
7064 
7040 
7112 
6856 
6908 
6812 
7032 
6804 
7412 
6840 
6808 
6796 
6784 
6848 
6820 
7048 
6792 
6992 
6888 
6824 
6760 
6776 
6804 
