16405557 
12244604 
10775138 
12647199 
15985036 
9139769 
10324238 
12653186 
10500872 
10698714 
10506720 
10264091 
8969345 
12224042 
10378750 
9085483 
15085295 
9424608 
10517991 
10373816 
17112621 
10655319 
10706088 
10300842 
9014808 
12242204 
10719225 
10176425 
13438862 
10696402 
26560208 
13086083 
10712666 
9810537 
9611727 
10327293 
12434485 
11058721 
12751897 
9065537 
12093911 
10764660 
10152894 
10038431 
10632448 
9354872 
10437567 
12299283 
10236515 
9847527 
13133541 
10404082 
13642751 
10380032 
10557225 
10279768 
9241037 
12657279 
10608589 
10179720 
10332826 
8977024 
15873215 
10089952 
10297525 
10642026 
10629878 
10509434 
10551797 
10350633 
10982073 
10594996 
10193503 
9056147 
15364342 
10680493 
10337683 
10411245 
10272978 
9181987 
10672433 
12433309 
10149528 
9511420 
9993235 
10310811 
11887981 
12621914 
12254395 
10422355 
10320388 
9029786 
10737361 
10336370 
12433816 
10183263 
10229651 
10688496 
8994641 
15551274 
10322491 
10501752 
10410886 
10369941 
9285207 
12881597 
9958606 
8920489 
10370166 
12203047 
10580163 
13431422 
8960805 
12206983 
10432445 
9122073 
11785720 
10888753 
10613234 
10086158 
9254185 
12314337 
10265127 
12417727 
10264835 
12140320 
10743271 
9930821 
9118512 
12600077 
10295781 
10433035 
9049833 
12129080 
10382584 
13778251 
10408192 
9014766 
12479857 
10471299 
10175175 
10520397 
9180519 
10365913 
10456733 
12515564 
9984817 
12217836 
10457472 
12272570 
10547069 
9328339 
21897553 
10365711 
17321964 
14065159 
8486242 
15478301 
10717541 
10610270 
10265546 
9115137 
12993276 
10497705 
10225702 
9994412 
9483770 
12774888 
9913077 
11985970 
12184490 
10833502 
10158880 
8968129 
10319098 
10577276 
12885637 
10030803 
10032970 
11619782 
10363058 
13874464 
10381612 
10449305 
10645810 
10301884 
11758973 
10448810 
10681528 
10197516 
9729775 
9685650 
12431167 
10459208 
11986333 
12351485 
10219111 
10474291 
10331179 
10342375 
9278476 
12764408 
9987904 
9980919 
11404239 
10144949 
13508332 
9310743 
10384346 
10530459 
10444704 
12604029 
10002953 
9044777 
12180737 
10312871 
10346624 
10010846 
14057371 
9123504 
12511299 
10087996 
10082526 
9596083 
10278046 
12649791 
10076456 
9218905 
11983121 
10501150 
13668179 
10599146 
9748204 
9685606 
12520504 
10341504 
10140331 
11348288 
10038010 
9814232 
9642886 
10279139 
15695120 
10330295 
10681081 
10310743 
9050916 
12343428 
10515011 
10322583 
9881565 
11605527 
10032928 
10147228 
14451358 
10410282 
10423468 
10473012 
10349555 
10411042 
9369793 
13677737 
9852616 
10776213 
10339165 
10545516 
13731713 
10644821 
10292851 
9293979 
10215475 
12599338 
10175937 
9544636 
10116407 
12421090 
9998304 
9932193 
14834951 
9999990 
8931088 
11904742 
13612734 
9419410 
10566270 
12401534 
10574134 
9947802 
8968301 
12165822 
13765991 
10174759 
9449253 
10208651 
10285303 
12735594 
9776280 
9229762 
12510203 
10454577 
11315176 
10334314 
12458681 
14874580 
9281704 
12319091 
10367796 
10557764 
10449975 
9056152 
29734453 
10416591 
13071544 
12422715 
10320898 
10512584 
9364611 
12388711 
10661915 
9857410 
10342681 
11685069 
10174939 
12662708 
14835031 
9891560 
11140583 
10095274 
9952430 
11775048 
10565957 
10308666 
9820491 
11746990 
10049711 
9932382 
15340471 
9939580 
9630326 
9908115 
12607299 
9836852 
9316133 
12504101 
10046858 
10335919 
9909323 
10637104 
14177079 
10356853 
8932346 
12365157 
10247438 
10462553 
10295313 
9237617 
12863527 
9728033 
10441972 
8994575 
15693892 
10028116 
10393921 
10369982 
9263505 
12667725 
10090681 
9087150 
12085028 
10337314 
10489394 
10289293 
8935582 
13127842 
9710147 
9115427 
12468088 
10350808 
10080604 
9302483 
10434930 
12517315 
10016975 
10412658 
12050120 
12298478 
10269856 
10442643 
10144105 
10379083 
9733450 
12531282 
9701597 
8921560 
12730070 
10508434 
9666265 
12992667 
9802351 
13016130 
9658422 
9011648 
12548052 
10220609 
10404163 
9646625 
9788149 
12918594 
12935551 
8936441 
10479025 
12922380 
9693265 
10345587 
11287044 
10188192 
10438185 
11237590 
9826778 
10342663 
9178271 
15429875 
10346743 
9887396 
12021036 
9732738 
11234850 
10027879 
10452200 
10648668 
10288908 
11374267 
12292879 
12401990 
9733120 
10443084 
9315737 
10288538 
13383860 
9629859 
9028893 
12845237 
9717070 
10385305 
12266665 
12904797 
9731331 
10262544 
11293073 
9768976 
10641981 
11174115 
9810861 
9783361 
10574376 
11799391 
13175351 
11223608 
10058528 
10242170 
10275258 
11760733 
9804558 
10592650 
10261181 
10279934 
11526638 
12988104 
11279735 
9878357 
9513420 
10157450 
13648700 
9869687 
11235581 
10054694 
10193197 
11003314 
9948217 
14375275 
10108909 
10276027 
9643007 
11868149 
9918489 
10737867 
10990184 
9922286 
10545558 
10277951 
11464511 
13456000 
10231491 
10211071 
13858059 
9761742 
10053769 
9893579 
10627004 
9558332 
11321426 
9795895 
10918442 
13061055 
11272050 
9800349 
9916952 
10077800 
12339154 
11194799 
9709806 
10409055 
11027238 
9954983 
10558086 
13214536 
11719173 
9762040 
9756562 
12147076 
9708279 
11139993 
10333032 
10233653 
11855232 
9821663 
10656217 
13567399 
11463855 
9635505 
10699897 
10265699 
10313746 
11826296 
9556603 
10536251 
10444504 
11508336 
9699388 
12964178 
10372867 
12392463 
9604020 
9990533 
11995991 
9904774 
9999284 
9747194 
12755344 
9446266 
11236025 
13041771 
10435046 
10348476 
11547345 
9718244 
10523657 
9806714 
12355028 
9572234 
11279794 
9663213 
10372292 
37698703 
23948312 
11075911 
9926108 
10021249 
11711831 
9708865 
10553496 
15438815 
9828659 
10373673 
10545261 
10351577 
11708814 
9826741 
11588654 
9631912 
10444065 
10401320 
11733040 
24050352 
15336624 
11035097 
10245092 
19832097 
20844252 
9702348 
10106455 
10639218 
10682583 
14665857 
9526105 
11236627 
9976082 
10994971 
11449267 
9812227 
10565597 
10367419 
10270410 
11705337 
9526716 
12859946 
12337189 
9743745 
10327470 
9807535 
12623439 
9481438 
11132345 
9890911 
10408047 
10279763 
11547649 
13079213 
10457086 
11823185 
9607468 
11342576 
9872436 
10386075 
10400065 
11467690 
9798855 
10197139 
14823939 
9609370 
10514127 
12143770 
9644467 
10347970 
11996833 
9452247 
9325536 
12112695 
9945223 
10404936 
13455281 
10371387 
11777769 
9782000 
11339651 
9811313 
10559821 
10543904 
10380209 
10936066 
10345435 
10365475 
13640924 
11667816 
9412533 
11500491 
9605881 
13754729 
9872423 
10434611 
10553304 
10320441 
10826650 
14205722 
9460679 
11476137 
9557528 
10416903 
11450046 
10630469 
9514412 
11552990 
9565260 
9589833 
10208948 
15173937 
9718577 
10654199 
12132459 
9408099 
10338128 
10883784 
11439587 
9990089 
9851577 
9711763 
12507766 
12658131 
11291322 
9949258 
10183509 
11316237 
10661332 
9417028 
10045634 
12416460 
9404307 
10441091 
10547813 
14973661 
9448704 
10346221 
11709141 
9320900 
11285470 
9664026 
10729182 
10495502 
10323088 
10336110 
11861693 
9606371 
12442227 
12643075 
9458918 
10707307 
10255498 
11563290 
10601842 
10108207 
10272154 
11724348 
9419699 
9317924 
16025171 
9665817 
10190663 
9350262 
12624015 
9527030 
10690018 
11173526 
10969949 
10128737 
10307442 
9592125 
15143703 
9185056 
11447661 
9653664 
10354105 
10508766 
10566724 
10465596 
11831603 
9543893 
11821095 
10615257 
13750416 
9758084 
10723450 
9185742 
10572143 
10765656 
10467897 
11630434 
9422078 
10360980 
9591948 
12695486 
12543442 
11419345 
9597750 
10471250 
11249076 
9655459 
10838542 
10194925 
11795610 
9303595 
10434223 
10451148 
14968999 
9407527 
10004220 
9917325 
12830946 
9148788 
11738064 
9517564 
11471258 
9479781 
10331993 
10389124 
13819632 
11849373 
9287803 
11588221 
9778689 
10410041 
10373699 
10353002 
12190657 
9094200 
11298708 
9657506 
14501273 
9645935 
10396066 
10250417 
12109325 
9058444 
10414387 
11762687 
9580577 
11385762 
10737425 
9123467 
11702117 
12837704 
10196056 
11559935 
9482088 
11613614 
9412074 
10560453 
10399142 
11634638 
9450335 
11362596 
10504533 
13694342 
10463610 
10458424 
11345908 
10316506 
9971645 
10469968 
11756381 
9361569 
11313999 
10388896 
10301141 
12756824 
11769603 
9064882 
11299440 
9591229 
10390534 
10736502 
10397750 
14253622 
10377861 
10831932 
15415749 
9164983 
11307035 
9749974 
10448095 
11343482 
10430446 
10042002 
11667268 
9113503 
10334020 
11410456 
12864855 
11500778 
11328772 
9906429 
10508950 
10206915 
12138675 
9264264 
10379101 
11462891 
9759401 
10141051 
15274629 
21163562 
9431088 
47690706 
16487865 
10169031 
10815754 
15367889 
9116600 
11786612 
9331601 
10531291 
10555770 
10328605 
12057139 
9220970 
10351600 
10520952 
10401498 
14464161 
9901919 
10554269 
10144592 
11918901 
9228446 
10417179 
11730345 
9445059 
10247690 
10707270 
10187032 
11900143 
34020108 
35121302 
9488614 
10358707 
10270151 
11924204 
9374918 
15277888 
9454133 
10599782 
10667363 
10187413 
10838775 
12480039 
9380417 
10249163 
11747670 
9345664 
11160924 
13141055 
9893868 
10360025 
12423929 
9319644 
10422659 
12368245 
9307532 
10459984 
10288527 
11946331 
9081807 
13911119 
10319487 
11903650 
9177422 
11121622 
9685308 
10597134 
10426901 
10494837 
10410594 
12057766 
9038828 
14754352 
11032809 
10446617 
10259712 
8980329 
10756191 
10467777 
12115917 
8963712 
10251139 
12081285 
8946054 
13761133 
11812097 
9200813 
10506541 
11428717 
9449024 
10871431 
10179177 
15874538 
8969234 
12133610 
10456437 
13643177 
9050521 
12121316 
10482315 
10068230 
9216917 
11981389 
9074914 
10407110 
11630468 
9367354 
10374575 
11917910 
11194128 
10364424 
9455232 
10344692 
12043721 
9380375 
10990529 
9873994 
10331709 
10340200 
11859836 
12791777 
11812107 
9210035 
10493962 
10491819 
10339054 
12345031 
8927756 
11931137 
