11169018 
11804049 
6811085 
8352002 
10575261 
9272334 
9128150 
9085128 
8135693 
7524587 
8770928 
10566221 
8158348 
8534460 
7583931 
8833654 
10379534 
8203296 
8382390 
8134979 
10144024 
8262175 
8598133 
9232425 
8314661 
8809581 
8248324 
12906829 
8221748 
8591161 
8565442 
8847347 
8561941 
8469871 
7564969 
10836050 
9063277 
7841399 
14724380 
10231691 
8515539 
11049795 
8296084 
10459215 
7881818 
9101226 
8947994 
8109089 
8195896 
8208613 
8448492 
11323424 
7954356 
8664478 
9522623 
11210926 
8566133 
8841325 
14060171 
8282933 
8872392 
9680650 
8023594 
8597964 
7307965 
10363298 
9162368 
8106786 
8634179 
12515848 
8923515 
7982641 
7969833 
7519481 
8852400 
8011679 
9074661 
8556951 
9985207 
8166757 
8318465 
8809180 
10230900 
7773167 
9152933 
8665511 
8376761 
7833161 
7883453 
10985418 
8327523 
8834401 
8602501 
9662543 
8087862 
8053510 
9219568 
13540195 
7719737 
9194444 
8932221 
8314510 
7778582 
7744339 
8900425 
8138190 
9197278 
9232188 
7869492 
7896291 
7186795 
9116725 
11275459 
8545273 
8673078 
8612800 
9824017 
7713103 
8053442 
8444652 
11106692 
7972991 
8990143 
8586922 
8681439 
7703087 
8705012 
13953773 
7655957 
9270811 
8908660 
8001638 
8195206 
8625397 
10824328 
7962837 
8024218 
9037621 
10410889 
7849894 
8020059 
8586320 
13638315 
7947087 
8710317 
8675908 
9576177 
8308951 
8265062 
8655981 
10419180 
7995165 
8985026 
8466294 
8632771 
7971460 
11820418 
10773846 
7803014 
9346834 
9042816 
7993847 
7947032 
9131188 
10353756 
8042447 
9086089 
8960562 
8485097 
9597170 
11453194 
8621042 
8661078 
8805528 
9687014 
8521258 
8605450 
8312799 
8416826 
8671504 
10563422 
7959214 
8878071 
9914017 
7951332 
11041972 
7984959 
8771535 
8185160 
8479155 
8786832 
9752671 
8392870 
9654418 
8653736 
8740201 
9806038 
8060498 
8996015 
11861962 
9611919 
7701770 
8645532 
9734938 
7966781 
8781734 
8663567 
10112783 
8389072 
8621337 
7962412 
10667215 
8101189 
8788730 
11152947 
10457593 
7901541 
8081461 
10211808 
7809669 
8994702 
8789418 
9901607 
7995131 
8807771 
7887394 
10580851 
8309050 
12736132 
8839115 
7757099 
7799147 
8776932 
9812457 
8858733 
9014642 
8640978 
9961260 
7881099 
8198604 
8521606 
10937652 
11240647 
9050622 
9213481 
7677242 
7642011 
8871044 
10484673 
8357117 
8938828 
8630752 
8613325 
10295947 
7734398 
8620542 
10485725 
11634431 
8308711 
8808969 
8491137 
8536512 
9931331 
9030367 
8438730 
8465775 
8844975 
9939961 
7802639 
9450973 
9338407 
10931785 
7635908 
10672741 
8479361 
8346973 
9752330 
8218485 
8907666 
8182948 
10808789 
7942996 
8555342 
7806882 
11661082 
11212305 
8439208 
8873990 
9626784 
8369784 
8548300 
8654932 
8652113 
8209986 
8836385 
10908614 
7808282 
8618555 
9934878 
7773404 
12773946 
7996826 
8768845 
8474696 
9385939 
9113172 
8745887 
8238095 
8089338 
9795375 
11524039 
7612734 
7896268 
8623204 
13783520 
8086612 
8917625 
8560123 
9862007 
8065161 
7870208 
9025122 
10903516 
8082454 
8231529 
10856262 
7987374 
8863310 
12596275 
8819916 
8135237 
7666174 
8659481 
10942746 
7771874 
9102362 
8700610 
10176433 
7995129 
7950663 
9065262 
10903934 
10966793 
8683871 
14156983 
7636501 
8505283 
9788211 
8021210 
9074999 
9112474 
8892234 
8670923 
8965729 
10201813 
7731078 
13199128 
8440153 
8304335 
9496552 
8164741 
8684516 
10185161 
7893802 
9049787 
9055176 
8733637 
9958985 
8711280 
8016068 
8205128 
14120023 
7799141 
8689440 
9637066 
7978409 
8877814 
8589907 
28414069 
7292554 
10122951 
7686380 
8823051 
12966744 
7860032 
8725099 
8684573 
10023130 
8596978 
9641723 
9130305 
8906003 
8063360 
9854786 
8983798 
7568405 
13331742 
7688968 
14581806 
7906484 
8828953 
8645945 
9587512 
8516568 
8799155 
8582396 
8984739 
8609762 
10814605 
8371455 
12885421 
7893890 
8519574 
8695993 
9843368 
9178110 
7628904 
7732010 
11424052 
9166968 
7876421 
10023878 
7897538 
9141185 
10007853 
11404741 
9435198 
8166721 
9094458 
8758387 
8781722 
8660420 
10923112 
8043307 
10061996 
9232087 
7984179 
7829758 
11372072 
10867460 
10440709 
7686346 
7949316 
8986587 
8758490 
11113661 
8037829 
8795054 
10195550 
7768656 
8967288 
8808885 
8798881 
12004140 
10067912 
7764238 
8679287 
9091589 
8964560 
8740096 
9089019 
10481669 
7791545 
8884837 
9987000 
7874985 
9793477 
8997934 
10995277 
8544537 
9798861 
9131059 
7732869 
9146040 
8408681 
9056739 
10565266 
7720821 
8961799 
8638727 
8623633 
13553310 
7512191 
8879140 
8689208 
10112973 
8782563 
7894790 
7914439 
11128180 
9192112 
7541243 
10071204 
8006761 
8742442 
10303611 
11611151 
8016078 
8667741 
8894938 
8828269 
11065618 
9068081 
7077342 
9469359 
8186522 
8705737 
8837769 
8887795 
8258032 
14199558 
7544150 
9724647 
7841809 
8689802 
9935859 
7974016 
9844985 
9238617 
7609136 
8862042 
8730493 
10412179 
8082423 
12815790 
7682905 
11763997 
9997779 
7734936 
8966706 
8954549 
10472502 
7578683 
8953307 
8841783 
9962045 
7810276 
9606263 
9490466 
10493843 
8685721 
9648245 
9032873 
8823451 
7392672 
8827358 
10411869 
7693678 
8852810 
8800641 
9144600 
10274486 
7539132 
11907498 
8731571 
10295536 
7669086 
7444576 
8902850 
8593113 
26524157 
9845658 
7427066 
8630139 
8769059 
8861511 
12017203 
8551634 
9885529 
7880888 
8602476 
10627641 
8716123 
8065543 
11176116 
8801843 
7951138 
8716871 
8621071 
10384527 
10251063 
9797792 
8185287 
8617273 
8904223 
8929031 
8837165 
9096429 
10594273 
7404253 
8815636 
10146524 
8281754 
7330847 
7819308 
8834596 
8914210 
8658227 
8636458 
10543560 
7474068 
9313132 
8897189 
8493242 
10608048 
8149449 
8318248 
10521230 
11452622 
7910538 
8692541 
8942074 
8835719 
7445527 
9281433 
7372871 
9281784 
8759364 
8827831 
10155915 
7572675 
8894105 
9053196 
11916139 
9927323 
7516547 
8588832 
8745156 
9962755 
9076239 
7908381 
9741240 
7957553 
8656623 
8679615 
9902080 
9218840 
11012543 
8538997 
8595811 
7472681 
9078684 
7656725 
8529723 
9018808 
8799450 
10632094 
7514253 
9095557 
8698809 
8827090 
7779745 
8828131 
8594888 
7185993 
9822650 
9065513 
7721951 
9713837 
8040440 
8638209 
8916227 
9263161 
8573890 
8840536 
12090663 
10323506 
7317995 
8605826 
10368193 
7766361 
8846510 
8670707 
9245029 
10212177 
8473387 
8998089 
7957876 
10184314 
8988785 
10459793 
9795002 
7700264 
9147409 
8569973 
8779692 
10672050 
8966689 
7523277 
9090054 
8839200 
8624164 
10596141 
8234992 
12802478 
8783816 
7347107 
9676623 
9457200 
8650379 
8957122 
7391251 
9002386 
10621133 
8758157 
7188163 
8724134 
13932966 
10923562 
10110604 
7831080 
8865417 
10358033 
8884098 
8897332 
9039436 
8727226 
7286230 
8992706 
8607089 
10808631 
7168014 
13447283 
9025532 
8466800 
8755419 
7224035 
8662378 
10646890 
9098243 
7557699 
8675011 
10399206 
9107744 
8921025 
8572301 
8951528 
14411605 
8628421 
7658497 
8347770 
8444974 
7025589 
8787966 
8356249 
10100816 
8452897 
6944642 
9686079 
8857139 
8314747 
11617530 
6968911 
8570933 
8287137 
10282895 
8492576 
8332111 
7224976 
8457426 
7852536 
10668663 
8443185 
8468550 
8558167 
8263849 
11594128 
7328191 
8354153 
8338755 
8566096 
8302275 
10244239 
8639978 
8601293 
8254632 
8360880 
8645491 
8309520 
7015783 
8571511 
11574752 
10156615 
8367322 
8573963 
8557464 
8224795 
8000280 
7662832 
10060999 
8730848 
8377938 
8286204 
8440007 
8311972 
10676361 
10009058 
8263509 
8507414 
8307697 
7164733 
7485201 
8436241 
8544861 
7669005 
7702777 
8835552 
8255077 
8295948 
10341104 
11613857 
6980424 
8332110 
10207046 
8519081 
8398321 
8290595 
8589929 
8666001 
8305736 
8689025 
7598837 
8016553 
10236620 
8245192 
8293935 
10218519 
10178218 
8439752 
8282619 
7022713 
9696402 
8685443 
7017248 
9897392 
8824008 
8312369 
8397809 
8554308 
8297286 
8356069 
10222649 
7516000 
8622449 
8185682 
8345588 
10719495 
8700846 
7909410 
9217883 
8917039 
8304200 
8452817 
7617374 
8633290 
12416779 
8457797 
8498885 
8296552 
8581471 
8360579 
8312379 
7127356 
7287724 
8635638 
8155270 
21948525 
26134246 
10166022 
8526613 
8317342 
7277142 
8405146 
10920130 
8909283 
8998108 
8706230 
8313089 
8496584 
7151896 
8381765 
8728183 
13722649 
8226796 
8318112 
6986573 
7036199 
8943181 
8175824 
8264162 
8347158 
7126688 
10324700 
8402519 
8343494 
7021041 
9740428 
12135645 
24769589 
8335621 
11383387 
6730276 
8564539 
8312931 
10325915 
8611664 
8629721 
8179004 
8876252 
8313824 
9687915 
8488579 
10510316 
8561774 
8338546 
8640582 
9003206 
8605557 
7326056 
10642979 
8601303 
8616159 
8503559 
7463781 
11803766 
8448511 
10886300 
8543643 
8315918 
6938427 
10354175 
8830949 
8617351 
8214072 
7300454 
8467202 
8487689 
8614118 
10403385 
11399526 
6958411 
9797551 
9014819 
8144467 
8220683 
8305305 
7349821 
10596686 
8236725 
8299132 
6989305 
9680004 
8751145 
8579125 
11242392 
7923420 
7802536 
10250678 
8412471 
8305890 
8105535 
8866589 
8287356 
7546217 
10195091 
8140156 
8342264 
7019279 
13864863 
8132930 
8337771 
8898906 
10023161 
8562795 
8632393 
8161949 
7228139 
10121049 
8433991 
8468703 
8301280 
8281559 
7157331 
13518537 
8757172 
8076336 
8184900 
8318941 
7115603 
10443202 
8829319 
8655106 
7344024 
10066834 
9566668 
8969800 
8629868 
11780889 
7638935 
8632409 
