74568095 
62523300 
59785887 
54676061 
59714778 
55550434 
55584291 
60129194 
56635159 
59009545 
55877269 
59305722 
55808705 
59588390 
54070176 
57545595 
59233620 
56083519 
58600092 
56269914 
59388192 
56135767 
57312987 
57118222 
56327511 
59655610 
54469294 
61077654 
55781369 
58738562 
55513631 
53039351 
58988709 
57445965 
60839404 
55717966 
58944139 
54488500 
58310315 
56991451 
56152814 
63807250 
55488709 
57211493 
57501313 
58926576 
55619030 
55391815 
58869392 
55792915 
59273042 
55986594 
57703856 
57601703 
89877294 
56804712 
59084923 
56053259 
78831248 
80702822 
59496874 
56165903 
58233614 
57743422 
60152285 
55630634 
55378746 
58776730 
58493982 
59223764 
54953160 
59689228 
57824143 
55715011 
60158189 
56414822 
60049470 
56116618 
57720595 
58414206 
58988973 
57341768 
57186080 
58942120 
56530849 
59287102 
55913272 
60167227 
56755094 
57415188 
55640393 
56392090 
59085931 
63157991 
58991669 
57069978 
57159748 
61946946 
59298345 
56649258 
56454715 
59692117 
56705693 
59368066 
56780132 
60054236 
55723131 
59222110 
55627894 
58138034 
59641594 
56997217 
59806472 
62508717 
60328787 
55976578 
59772994 
56290623 
79812025 
56544229 
55668493 
59762180 
57191351 
58926789 
58072812 
59320996 
56894475 
60287224 
55669778 
57523161 
59310071 
56301637 
59902158 
57567773 
58731744 
56598050 
60207777 
57050564 
56686431 
63680434 
56751331 
60382991 
55982166 
59715787 
57824179 
59672444 
60515209 
59334624 
55025132 
58802018 
59506099 
55978332 
59824236 
56969832 
60459819 
55336939 
60988936 
55775717 
57368122 
59318727 
59034509 
59369643 
58257509 
59314890 
57291772 
59932866 
61744444 
59826372 
55668766 
56735230 
59535904 
103605227 
66526103 
58930913 
58043490 
56087180 
60465277 
100587437 
58529367 
60283465 
55774165 
60849858 
56868457 
58560030 
59402094 
55750316 
60258021 
55845131 
59599317 
57586644 
61167786 
55238792 
57677856 
60910249 
57324762 
58408114 
57708210 
61075391 
63360827 
59274852 
56462801 
58284544 
58349591 
57777056 
59855338 
57750386 
61578645 
57378226 
58851560 
59096951 
59996703 
56998747 
54630681 
59540212 
59364255 
60091380 
57617978 
59756478 
56206565 
60141333 
57294296 
63908219 
55473985 
57295037 
61463487 
57329458 
58484779 
58450454 
60368379 
57225961 
58377868 
56609226 
58657459 
59869780 
55896262 
61473903 
57527971 
60112507 
57762486 
58265586 
56987606 
60468980 
56565322 
58991989 
60226648 
57076225 
60228027 
56962476 
59026322 
59057131 
60616993 
61338355 
55694871 
61439383 
57544279 
59769341 
57464565 
60837565 
56952463 
59401489 
59236073 
60247006 
55429034 
60020899 
60766620 
57556643 
60104529 
57460228 
60477165 
57190460 
61105727 
57779569 
56454862 
59771661 
56248443 
62276458 
56991383 
58671210 
57248616 
61238033 
56177933 
60584192 
59124865 
57142184 
62316927 
55652939 
61977896 
57703824 
60756809 
56903832 
59990237 
55526138 
57247412 
62633836 
56210688 
60654991 
57879752 
60353887 
56908277 
59235118 
59282080 
59978976 
57071259 
55758329 
67204141 
57871263 
58649326 
59929938 
59341163 
57134943 
60716241 
58193468 
60233367 
56906094 
58498700 
59628110 
56950112 
61370253 
58223850 
60614059 
58322302 
60644960 
58363891 
58685085 
60641648 
57675385 
60844459 
58629590 
59697780 
58584545 
59390846 
57431535 
59942492 
57637134 
57646862 
60902973 
56581946 
60409589 
57125624 
60580797 
57619093 
59465196 
60031003 
60769464 
57876222 
61731137 
55916771 
59235194 
58673767 
60107909 
59603812 
56194902 
61490063 
57950830 
60216953 
56702475 
58811964 
64075546 
58670871 
60298664 
56605744 
59420646 
58336338 
61462455 
55855205 
61379572 
56616926 
57886864 
60246729 
55928046 
60391871 
58323988 
59588037 
57847636 
60430306 
57413027 
56133992 
60371990 
58327448 
59411508 
57293031 
60124759 
57004112 
60707631 
56679980 
60509310 
56790367 
57566985 
61257864 
56814426 
60333017 
58374350 
59222662 
58282696 
59406819 
58029390 
55917403 
60212748 
57177419 
61254608 
56295361 
61499554 
55222844 
61446016 
55421526 
58935688 
58493888 
57751081 
59799106 
58844814 
66725107 
56082186 
63065664 
55697993 
61359413 
56047964 
58631055 
60258883 
57350626 
58590308 
58982796 
58564519 
57665245 
59942404 
56595696 
58842239 
59286056 
57388172 
61514616 
55933660 
61892144 
57454357 
58806250 
55214945 
59373277 
59672655 
57028157 
60318161 
57400479 
60254740 
57057777 
58250353 
57434677 
61937662 
56906077 
57577713 
60411101 
57660147 
60412703 
57683987 
60422798 
59740936 
62709835 
56698112 
57387653 
60052084 
56136921 
62077148 
55494936 
60250096 
59291831 
60393949 
57194276 
63265870 
58257805 
57650240 
59011455 
57595103 
61774900 
55899548 
62805832 
56659482 
58724154 
60134031 
57818446 
61610410 
57074904 
59179532 
57926670 
62304633 
56758474 
63259875 
58054636 
56350410 
59208771 
59739309 
59879390 
55621328 
62071413 
57011114 
56909017 
59225868 
57484932 
61807821 
56672853 
59623212 
58798981 
60309751 
57009617 
58277213 
60725415 
56712880 
60823067 
58737357 
59940535 
55919816 
60085955 
59475832 
56605649 
61030196 
56800099 
60586740 
56561309 
61128187 
58749021 
59715668 
61889566 
60451948 
57127593 
62476051 
55806798 
58341133 
60456385 
58920405 
60669708 
57802372 
59944695 
56796275 
61500958 
55738434 
58410015 
59351873 
57664197 
59149090 
59650969 
62956695 
56458029 
61092595 
58182445 
56869115 
60393833 
55730123 
60910142 
56596294 
60611862 
57838966 
61191711 
56983762 
59667738 
58032197 
56619104 
61149702 
58741069 
60741123 
56552099 
60083498 
58311542 
60109070 
58217824 
56688942 
60430139 
57292387 
61481530 
57247517 
59504651 
57375380 
61362238 
57278166 
60268920 
60907723 
56840704 
59280156 
59951995 
58404090 
56862474 
61421900 
57365484 
61682448 
58974476 
59613164 
56899886 
57276959 
58829180 
57123998 
61232211 
56274166 
57719883 
55668269 
56403023 
60677387 
57098846 
59805261 
57450553 
60025904 
57529313 
60707261 
56923427 
60287096 
60034670 
59701934 
55654010 
57449053 
61456558 
56323305 
60124804 
58235840 
61826978 
56295752 
60661536 
57088627 
58090181 
60504955 
57353182 
59985453 
58051682 
61129128 
57556443 
60998043 
59135661 
59948514 
57102619 
58054918 
65404072 
58563335 
60221746 
56099014 
61021572 
57201000 
60852852 
58592864 
58174507 
60676710 
57656333 
60319619 
56304694 
61849061 
57217464 
62355949 
58639147 
61067250 
58496871 
61539246 
57430198 
56382590 
62256331 
57927703 
59542588 
58155321 
61892589 
56433017 
63277505 
55031095 
59801822 
60346914 
57605394 
59808956 
57572773 
60711791 
55761850 
62040651 
63181277 
60944296 
57769658 
57716846 
60521210 
57004370 
62021769 
57869168 
60739862 
57787640 
59139490 
59380221 
61066590 
56915406 
56884505 
66703761 
57900150 
60482668 
56453801 
62556896 
57860320 
58487214 
59600681 
60218928 
55407921 
59858816 
58537582 
59002336 
59590074 
57681748 
60328076 
58176895 
58403671 
58630488 
57203343 
59417464 
58720112 
60081428 
57919969 
58761341 
58019385 
62073847 
57721551 
56301305 
59119381 
56270667 
59600154 
59736987 
60286102 
59346346 
61129973 
57057918 
60861265 
57538936 
61506993 
57206077 
57622186 
60241235 
59252707 
59676911 
58152488 
61337617 
58552319 
62118631 
57303464 
61709581 
56435863 
64768054 
59445973 
57410695 
61836749 
57411228 
62237958 
58991856 
60697105 
56612560 
61587646 
56831634 
58502139 
61787569 
59186040 
60587536 
56626731 
61732263 
57835421 
62004492 
56920735 
61921835 
56734344 
57414908 
61030279 
56156135 
62213808 
57455090 
59077426 
58832956 
61740482 
56776819 
62089687 
56808354 
56337921 
61043775 
57988024 
60372937 
62352507 
58995756 
58523204 
61101623 
58531757 
56655793 
61973899 
56867619 
59563462 
57196267 
58830872 
57654823 
60769631 
58049655 
61468268 
57176872 
62741763 
61365574 
56586094 
60180897 
57936714 
63145158 
58505766 
60540293 
56477624 
61986225 
55811423 
58052694 
60787621 
57644365 
60761948 
58264220 
60515563 
57801668 
59797310 
57762430 
58424963 
60315389 
58196493 
60361766 
58162058 
61425587 
56939838 
61802159 
57635493 
60755183 
55929567 
59251310 
58982876 
60064217 
61095133 
58163188 
59733117 
59950860 
60822599 
56550710 
60850066 
58829352 
56415639 
62264591 
56536525 
62467368 
58285194 
59852040 
57886600 
62748275 
56636963 
60673084 
58840255 
61929158 
60039798 
57869731 
60434872 
58392227 
61466550 
57812887 
60923898 
58016246 
57572630 
60333907 
59234918 
59781929 
58004628 
63133755 
57709108 
60737807 
55817539 
62043861 
57242905 
60983507 
56979338 
60736583 
56567219 
57515968 
60366160 
57965462 
59274874 
57221722 
62835255 
57643536 
57826759 
59856730 
55972895 
61997523 
56988754 
58388131 
58668654 
57399181 
60676152 
57978102 
60309271 
57845977 
61265753 
57860844 
59543101 
58785435 
56753943 
61660396 
57738483 
59244151 
59758797 
65820200 
56226765 
62575736 
58149480 
61807205 
56625299 
62547349 
56912247 
56317310 
62627228 
57361402 
59668895 
59695864 
58950656 
59447324 
61297041 
55820396 
59454677 
60314298 
58693037 
60431192 
57881358 
60907328 
58469123 
60035263 
60185940 
62194620 
56917707 
60806229 
56476836 
60226939 
59776088 
56824393 
62169223 
57583442 
60548715 
56138423 
63317750 
56494747 
59042560 
58575386 
60881219 
58940339 
59410010 
60540749 
56869458 
61508368 
58170047 
56792575 
60250868 
57599500 
60724708 
56529989 
66801079 
56945103 
60638971 
56711423 
62306012 
55673446 
54628486 
61236073 
57919025 
60802395 
57740217 
61806097 
58216778 
60812130 
58648251 
61124364 
55816319 
58870288 
59984580 
58382401 
60512328 
57894727 
60784583 
58506285 
55995443 
61142165 
57472867 
59436604 
58820682 
60803617 
58254605 
59350966 
58352371 
61042982 
59667872 
58208227 
62133846 
56067756 
61003913 
59198023 
59776072 
58619431 
60796579 
57841958 
61935966 
56296304 
57659137 
61524148 
58156369 
59864800 
57754185 
61963185 
57795506 
64273768 
56629649 
61232525 
57088995 
57586441 
61446033 
56252608 
60790725 
57157499 
