54831 
54831 
54831 
54831 
54831 
54831 
54831 
54831 
54831 
54831 
54831 
54831 
54828 
54828 
54828 
54828 
54828 
54825 
54825 
54825 
54825 
54822 
54822 
54822 
54819 
54819 
54819 
54819 
54819 
54816 
54816 
54816 
54810 
54807 
54807 
54804 
54804 
54804 
54801 
54801 
54795 
54789 
54786 
54786 
54786 
54786 
54783 
54783 
54783 
54783 
54783 
54783 
54783 
54783 
54783 
54783 
54783 
54783 
54783 
54783 
54783 
54783 
54783 
54783 
54783 
54783 
54783 
54783 
54783 
54783 
54783 
54783 
54783 
54783 
54783 
54783 
54783 
54783 
54783 
54783 
54783 
54783 
54783 
54783 
54783 
54783 
54783 
54783 
54783 
54783 
54783 
54783 
54783 
54783 
54783 
54783 
54783 
54783 
54783 
54783 
54783 
54783 
54783 
54783 
54783 
54783 
54783 
54783 
54783 
54783 
54783 
54783 
54783 
54783 
54783 
54783 
54783 
54783 
54783 
54783 
54783 
54783 
54783 
54783 
54783 
54783 
54783 
54783 
54783 
54783 
54783 
54783 
54783 
54783 
54783 
54783 
54783 
54783 
54783 
54783 
54783 
54783 
54783 
54780 
54780 
54780 
54780 
54780 
54780 
54780 
54780 
54780 
54780 
54780 
54780 
54780 
54780 
54780 
54780 
54780 
54780 
54780 
54780 
54780 
54780 
54780 
54780 
54780 
54780 
54780 
54780 
54780 
54780 
54780 
54780 
54780 
54780 
54780 
54780 
54780 
54780 
54780 
54780 
54780 
54780 
54780 
54780 
54780 
54780 
54780 
54780 
54780 
54780 
54780 
54780 
54780 
54780 
54780 
54780 
54780 
54780 
54780 
54780 
54780 
54780 
54780 
54780 
54780 
54780 
54780 
54780 
54780 
54780 
54780 
54780 
54780 
54780 
54780 
54780 
54780 
54780 
54780 
54780 
54780 
54780 
54780 
54780 
54780 
54780 
54780 
54780 
54780 
54777 
54774 
54771 
54771 
54771 
54771 
54771 
54771 
54771 
54771 
54771 
54771 
54771 
54771 
54771 
54771 
54771 
54771 
54771 
54771 
54771 
54771 
54771 
54771 
54771 
54771 
54771 
54771 
54771 
54771 
54771 
54771 
54771 
54771 
54771 
54771 
54771 
54771 
54771 
54771 
54771 
54771 
54771 
54771 
54771 
54771 
54771 
54771 
54771 
54771 
54771 
54771 
54771 
54771 
54771 
54771 
54771 
54771 
54771 
54771 
54771 
54771 
54771 
54771 
54771 
54771 
54771 
54771 
54771 
54771 
54771 
54771 
54771 
54771 
54771 
54771 
54771 
54771 
54771 
54771 
54771 
54771 
54771 
54771 
54771 
54771 
54771 
54771 
54771 
54771 
54771 
54771 
54771 
54771 
54771 
54768 
54768 
54768 
54768 
54768 
54768 
54768 
54768 
54768 
54768 
54768 
54768 
54768 
54768 
54768 
54768 
54768 
54768 
54768 
54768 
54768 
54768 
54768 
54768 
54768 
54768 
54768 
54768 
54768 
54768 
54765 
54765 
54765 
54762 
54762 
54762 
54762 
54762 
54762 
54762 
54762 
54762 
54762 
54762 
54762 
54762 
54762 
54762 
54762 
54762 
54762 
54762 
54762 
54762 
54762 
54762 
54762 
54762 
54762 
54762 
54762 
54762 
54762 
54762 
54762 
54762 
54762 
54762 
54762 
54762 
54762 
54762 
54762 
54762 
54762 
54762 
54762 
54762 
54762 
54762 
54762 
54762 
54762 
54762 
54762 
54762 
54762 
54762 
54762 
54762 
54762 
54762 
54762 
54762 
54762 
54762 
54762 
54762 
54762 
54762 
54762 
54762 
54762 
54762 
54762 
54762 
54762 
54762 
54762 
54762 
54759 
54759 
54759 
54759 
54759 
54759 
54759 
54759 
54759 
54759 
54759 
54759 
54759 
54759 
54759 
54759 
54759 
54759 
54759 
54759 
54759 
54759 
54759 
54759 
54759 
54759 
54759 
54759 
54759 
54759 
54759 
54759 
54759 
54759 
54759 
54759 
54759 
54759 
54759 
54759 
54759 
54759 
54759 
54759 
54759 
54759 
54759 
54759 
54759 
54759 
54759 
54759 
54759 
54759 
54759 
54759 
54759 
54759 
54759 
54759 
54759 
54759 
54759 
54759 
54759 
54759 
54759 
54759 
54759 
54759 
54759 
54759 
54759 
54759 
54759 
54759 
54759 
54759 
54759 
54759 
54759 
54756 
54756 
54753 
54750 
54750 
54750 
54750 
54750 
54750 
54750 
54750 
54750 
54750 
54750 
54750 
54750 
54750 
54750 
54750 
54750 
54750 
54750 
54750 
54750 
54750 
54750 
54750 
54750 
54750 
54750 
54750 
54750 
54750 
54750 
54750 
54750 
54750 
54750 
54750 
54750 
54750 
54750 
54750 
54750 
54750 
54750 
54750 
54750 
54750 
54750 
54750 
54750 
54750 
54750 
54750 
54750 
54750 
54750 
54750 
54750 
54750 
54750 
54750 
54750 
54750 
54750 
54750 
54750 
54750 
54750 
54750 
54750 
54750 
54750 
54750 
54750 
54750 
54750 
54750 
54750 
54750 
54750 
