8328970 
5782507 
6139074 
5176862 
8146555 
5701380 
6292010 
6375888 
8800817 
7841182 
6652333 
5560496 
6405906 
5910411 
6299348 
12690368 
5571806 
6217342 
6381358 
6286510 
7902981 
5737247 
6357969 
5576121 
6436550 
7773645 
6823549 
8332181 
6338739 
6555541 
6620251 
7397506 
5727717 
6497229 
6432865 
6380951 
6464204 
6750333 
21400053 
6142485 
5466548 
6335696 
27650469 
6146613 
6287460 
6213404 
7633408 
6285687 
5625442 
6417993 
7105880 
6964250 
6473682 
6595940 
7453552 
5665043 
6615708 
6334792 
6618245 
6569743 
6355992 
10847012 
5531063 
6560167 
6351209 
6476692 
6452554 
6310804 
7534732 
6581202 
5916451 
6704996 
6374894 
6437153 
6447229 
6705647 
7758901 
5837961 
6194780 
5753370 
23195658 
6149410 
6391410 
39711155 
6406463 
8096648 
6430504 
5589926 
6411815 
7232074 
6730838 
6201576 
10080586 
6670771 
5711263 
6293261 
6620839 
6547197 
6321180 
6552654 
6475085 
5873250 
6501143 
8625075 
6929701 
5533295 
6486388 
7571594 
6863091 
5837421 
6458750 
11306500 
5679144 
6353787 
6581169 
6437680 
7284348 
5991845 
6545365 
6125024 
6550610 
6297335 
7996588 
5675931 
6635746 
5707918 
8489843 
5963396 
6587999 
6688632 
6413633 
10920472 
5407326 
6570186 
8188423 
5998136 
6315674 
6101604 
6773177 
6359383 
6528408 
8178468 
6456200 
5705275 
6385987 
7471886 
6950735 
5541407 
6380080 
5985726 
10005974 
6205094 
8761989 
6348046 
5458718 
6607634 
5568776 
6598290 
8353416 
5829279 
6585284 
7208681 
6854167 
5724954 
6355196 
7143123 
7062736 
5769931 
6624247 
5485887 
11037865 
6750265 
5918443 
6404806 
6271468 
6517002 
7570013 
6565411 
5543785 
6370968 
6024387 
8531488 
6708956 
5777168 
6304610 
5552040 
6667569 
7437189 
6733976 
10536989 
5708400 
6440131 
6410105 
6799499 
6284387 
6435315 
7606525 
6399253 
5618721 
5872738 
8123759 
6116603 
6140669 
5566966 
6459825 
8115933 
6755995 
5721553 
9698843 
6273237 
6645878 
6390640 
7524423 
6787599 
5348137 
6542598 
7291639 
6690254 
5830723 
6535073 
6722523 
6418263 
6563287 
6360297 
7715533 
5472969 
6512859 
10601195 
6195038 
6328729 
6370590 
5742351 
6070792 
8079624 
5904138 
6660637 
5485521 
6801919 
8150483 
6793212 
5868780 
6929707 
6161423 
6554418 
6475407 
6420892 
7943149 
9533414 
6552782 
6604288 
6297897 
5545481 
5928638 
8321023 
6147283 
5475172 
8275524 
6389371 
6526567 
6517739 
7449942 
6927827 
5275402 
6400374 
7684202 
5749424 
9507049 
5506341 
6584096 
8361027 
6572877 
5465632 
5420172 
8438551 
5858572 
6778297 
6456467 
6360574 
6390443 
6555209 
7791314 
6498508 
5836866 
6433598 
5528869 
6578119 
9409847 
8619185 
6390078 
5450035 
6642935 
7609495 
6092117 
6437476 
6395331 
6111690 
6073186 
6614893 
8412625 
6484550 
5327001 
6561162 
7268556 
6912601 
5346101 
10036299 
6720642 
5730183 
6735836 
6697495 
6334961 
6378581 
6413067 
6414919 
6429805 
8147301 
6237063 
5819186 
7700254 
6575291 
5642943 
6369464 
5669445 
7073841 
11882866 
5437795 
6407296 
6961132 
6809541 
5742164 
6842413 
6995439 
6836040 
5510395 
6725381 
5576172 
6405546 
8669363 
5985222 
6371016 
6523036 
6646664 
7366725 
10153220 
6265455 
7033336 
6767038 
5569411 
6592902 
7151626 
6918318 
5395776 
6573271 
7928011 
5580115 
6589224 
6480833 
6573001 
6816805 
6453678 
6336620 
6574428 
11167509 
5696573 
6303530 
6446889 
6398280 
6175380 
6412702 
8093877 
6090633 
6392316 
6364347 
6574212 
6596026 
8099234 
5642943 
6787319 
7425837 
6654211 
5341837 
6447145 
9725840 
6335864 
8062423 
5470045 
6377566 
7339074 
6774949 
5396801 
6422777 
6650777 
7103881 
6607612 
6407954 
6489416 
6403305 
8013249 
5420764 
6598055 
7623050 
6622568 
9336328 
5843176 
6383289 
6661036 
6297361 
6372234 
6579192 
7700764 
6466530 
5858859 
6680865 
7585793 
5947075 
6415277 
6376643 
6219368 
6052652 
8376154 
8609990 
6197890 
7477565 
5734113 
6426589 
6761235 
6244603 
6364585 
6559948 
8037775 
6662164 
5906003 
6609784 
5759747 
6511248 
8512963 
6673756 
5656771 
5401222 
8715115 
8591353 
6365806 
6458321 
6465117 
7541228 
6101257 
6354133 
6309817 
6375230 
6147028 
6646500 
7947686 
6566851 
5427320 
6399299 
6641372 
6409908 
7478413 
5950755 
6414525 
9978574 
6742228 
5349274 
6267531 
6432918 
12262616 
6774355 
5175180 
6627673 
6655041 
6469154 
7688578 
6172052 
6254060 
6515083 
8342473 
5351608 
6443592 
6595393 
9343913 
6401708 
6485820 
6726081 
5850893 
6251802 
7660376 
6892428 
5018482 
6984897 
7518893 
5704499 
6473774 
6337848 
6745812 
6172263 
6567490 
6527491 
10360731 
8661046 
4681624 
5911590 
6584510 
6419070 
6178539 
6406896 
8073422 
6823889 
5369124 
6389465 
7575970 
6771818 
5402108 
6557296 
7788993 
6173729 
5818321 
10652827 
6579516 
6338784 
6348935 
5482319 
5102424 
6843017 
5155774 
6388964 
6493683 
7799914 
5639361 
6616354 
6538003 
7857685 
5555589 
6404817 
6477596 
6792650 
6520145 
10198001 
6311364 
7908306 
6290604 
5243731 
7024039 
6145719 
6440616 
8060058 
5587121 
6752730 
7423211 
7219232 
5241560 
6332529 
6661686 
6609370 
7658366 
6576751 
5307356 
10924988 
6807647 
5250045 
6390244 
6492986 
6820784 
6340569 
6668802 
6415102 
6845088 
6392761 
7802487 
6865424 
5363850 
6315008 
7685126 
6712211 
5459463 
9987777 
6514098 
5931491 
6587194 
7731725 
6515039 
5276381 
6394786 
6668673 
6477191 
8003678 
5513446 
6476784 
6495399 
6477939 
13385608 
5313439 
6449333 
9995069 
6304281 
6621532 
6332337 
6434394 
6363017 
8054919 
5171954 
6364154 
7086382 
6402234 
6574075 
6347159 
8249677 
6631048 
5437077 
7463630 
6828867 
5504431 
6379131 
10744264 
5888281 
6299089 
6036212 
6401493 
6471831 
7695083 
5421431 
6609551 
7224452 
7191557 
4965671 
6332712 
6506466 
6602945 
7817092 
6893862 
5446477 
7312420 
6871910 
8357307 
6164858 
25842717 
5408991 
6180423 
8703891 
5525606 
5957991 
7547597 
6874802 
5071390 
6560305 
6569047 
6510519 
6531027 
7033908 
9032144 
6331491 
8078369 
5331947 
6380290 
6885456 
8163686 
8228925 
6215175 
5929814 
7012320 
7095226 
6684543 
6349596 
6644778 
6536204 
8159775 
5308924 
6280561 
9664769 
6441377 
8029201 
6808185 
5347653 
6328683 
7807220 
5266459 
6712126 
6629842 
6294627 
8062231 
7016399 
5787647 
6525573 
6208094 
6369120 
6548362 
6360730 
11305580 
5243110 
6561876 
6423490 
6400240 
7896704 
5492629 
6448623 
6339087 
6653604 
6392722 
8037784 
5227508 
7057597 
6497848 
6586800 
6292157 
6511000 
8126216 
5712043 
6329640 
9222159 
6615862 
6227145 
6349996 
7927286 
6327082 
6670370 
6437537 
5586888 
8167222 
6664650 
5138203 
6379327 
7426058 
7329716 
6452119 
6470415 
6609228 
9310452 
6684589 
5104916 
6531889 
6155288 
6411073 
7724997 
6886010 
5158491 
6558522 
7841724 
5561987 
6432327 
6627503 
6476523 
7457217 
6950175 
5276567 
6443609 
9823893 
6187476 
7978470 
5249217 
6525171 
6495244 
6448000 
7878197 
6555942 
5525479 
6677886 
7771802 
7067560 
6338926 
6578742 
6591983 
5160069 
6799197 
7664617 
6844139 
9526408 
4914241 
6364673 
6359747 
7884632 
5591556 
6485221 
6478681 
6388202 
6393538 
6771727 
8203039 
7052006 
6416666 
6509147 
6414993 
6610700 
6428069 
5401739 
6805988 
9220316 
6359262 
8308777 
6462575 
6411129 
4971939 
6818055 
6431314 
6476051 
8429972 
6585992 
5105482 
6616793 
6482778 
6491196 
8384701 
5117093 
6394282 
6393195 
10046183 
6199163 
6255464 
8189461 
6656837 
6401593 
6247551 
5612470 
6374253 
6932223 
8712488 
6510064 
6728213 
6832244 
5140833 
6628638 
6428952 
6588995 
6277151 
11494707 
6604380 
4852756 
6690821 
8067952 
5391984 
6393427 
6621068 
6540328 
7240290 
6443606 
8192868 
6692208 
6615696 
6685361 
5048667 
6643537 
6553550 
6546128 
11275372 
6440854 
6574269 
6621097 
6389449 
6410180 
6356612 
5269895 
8102790 
6621755 
6841744 
6586083 
5365938 
6643090 
7933190 
6615371 
6621994 
6740331 
6418211 
8533174 
6189041 
7991828 
6756932 
4859644 
6717986 
6348989 
6303444 
8823194 
6688370 
6734795 
6464870 
6723628 
6605717 
6341692 
6424211 
6824075 
5419838 
6337071 
8348703 
7868225 
6370559 
8187452 
6426359 
6433834 
5649901 
6697403 
6204854 
6445594 
8256031 
6832972 
5183005 
6872526 
6359039 
6585527 
8122645 
6824762 
6441040 
10198801 
6308372 
6289735 
6561168 
6340086 
6342859 
5391427 
6598556 
8304381 
6562890 
6560660 
5431853 
6608156 
8143032 
6749850 
6527935 
6571386 
6259657 
6766847 
9739562 
5000151 
6709698 
8590657 
6399956 
10891479 
5027047 
6519037 
6888502 
6903126 
8527571 
6590427 
6328085 
6617628 
6497462 
5333673 
6582980 
8376089 
6560631 
9187638 
4967834 
6529472 
6489306 
6514570 
8278282 
6518686 
6452759 
6540507 
6675144 
6972949 
6383862 
6656459 
6875710 
5395364 
6355435 
8181326 
6630324 
6258243 
6862691 
9524381 
5106234 
6430410 
8394629 
6466878 
6329834 
6581265 
6355553 
6679730 
5129878 
6588639 
6595353 
6384066 
8705266 
6615101 
6503161 
6463200 
6848432 
6687834 
8265143 
6313575 
6291884 
8470236 
6409775 
6578087 
6361744 
6472974 
5092620 
6792898 
8492514 
6518062 
6753468 
6822238 
6289125 
6494307 
6534837 
5310383 
10011143 
6201390 
6465782 
8385125 
6381298 
6420048 
6534663 
