64 
64 
8864 
40764 
40662 
40680 
40680 
40671 
40680 
40683 
40659 
67982 
40800 
40659 
40680 
40683 
40680 
40788 
40689 
40662 
40680 
40683 
40659 
40680 
40680 
40683 
40680 
40659 
40692 
40695 
40680 
40659 
40758 
40767 
40689 
40680 
40659 
40680 
40680 
40662 
40680 
40680 
40659 
40683 
40680 
40680 
40680 
40680 
40659 
25590 
42765 
40743 
40680 
40680 
40680 
40683 
40680 
40659 
40683 
40680 
40674 
40680 
40680 
40659 
40683 
40788 
40668 
40680 
40680 
40659 
40683 
40680 
40659 
40680 
40683 
40683 
40680 
40659 
40680 
40683 
40659 
40788 
40689 
40659 
40680 
40680 
40662 
3309 
40848 
40659 
40680 
40683 
40659 
40683 
40680 
40674 
40680 
40788 
40689 
40680 
40680 
40662 
40659 
40680 
40680 
40659 
40683 
40680 
40659 
40680 
40683 
40659 
40680 
40788 
40689 
40659 
40680 
40659 
40683 
40680 
40659 
40680 
40680 
40662 
40680 
958777 
81916 
69503 
61254 
55819 
52139 
49700 
48111 
47049 
46353 
45882 
40689 
40803 
40941 
40659 
40683 
40680 
40680 
40680 
40662 
40788 
40689 
40680 
40662 
40680 
40659 
40680 
40683 
41206 
40845 
40683 
40680 
40659 
40683 
40683 
40659 
40788 
40689 
40680 
40683 
40680 
40662 
40680 
40680 
40659 
40683 
40680 
40659 
40680 
40662 
40659 
40683 
40788 
40692 
40680 
40680 
40662 
40680 
40680 
40683 
40659 
40680 
40680 
40662 
40680 
40659 
9408 
40773 
40743 
40680 
40683 
40683 
40680 
40659 
40683 
40680 
40659 
40680 
40680 
40704 
40659 
40680 
40662 
40680 
40788 
40689 
40659 
40680 
40680 
40680 
40683 
40659 
40680 
40680 
40662 
40680 
40680 
40659 
40683 
40683 
40788 
40794 
40680 
40662 
7938 
40863 
40680 
40659 
40680 
40683 
40659 
40680 
40680 
40749 
40659 
40680 
40788 
40740 
40680 
40683 
40680 
40680 
40659 
40683 
40683 
40659 
40680 
40680 
40662 
40680 
40659 
40683 
40779 
40689 
40683 
40680 
40659 
40683 
40680 
40659 
40680 
40683 
6579 
40758 
40662 
40680 
40680 
40659 
40812 
40704 
40659 
40683 
40680 
40659 
40680 
40683 
40680 
40680 
40659 
40683 
40680 
40662 
40689 
40707 
42132 
40740 
40842 
40677 
40722 
40680 
40668 
40785 
40728 
41667 
40866 
41478 
40794 
40848 
40680 
37443 
27724 
40764 
40659 
40758 
40659 
40680 
40680 
40662 
40680 
40680 
40659 
40683 
40659 
40680 
40863 
40680 
40788 
40689 
40659 
40680 
40659 
40683 
40977 
40680 
40680 
40662 
40680 
40680 
40659 
40683 
40680 
40659 
40788 
40689 
40659 
40680 
40680 
19719 
41402 
40743 
40680 
40659 
40680 
40683 
40659 
40683 
40680 
40659 
40788 
40689 
40662 
40680 
40680 
40659 
40683 
40659 
40680 
40680 
40662 
40659 
40683 
40680 
40668 
40680 
40788 
40689 
40659 
40680 
40680 
40683 
40680 
40659 
40680 
40683 
40659 
7290 
41274 
40680 
40662 
40683 
40788 
40689 
40698 
40680 
40680 
40662 
40680 
40680 
40680 
40683 
40659 
40680 
40680 
40662 
40680 
40680 
40767 
40689 
40683 
40680 
40659 
40680 
40683 
40659 
40680 
40692 
40659 
40680 
40683 
34812 
34410 
40728 
40791 
40689 
40659 
40680 
40680 
40662 
40683 
40680 
40680 
40680 
40662 
40680 
40680 
40659 
40683 
40680 
40767 
40689 
40680 
40659 
40680 
40683 
40659 
40680 
40683 
40680 
40683 
40680 
40680 
40659 
51057 
42372 
42484 
42384 
42368 
24073 
42540 
42368 
42368 
42368 
42372 
42368 
42368 
42368 
42368 
42372 
42368 
42368 
42368 
42484 
42380 
42372 
42368 
42368 
42368 
42372 
42368 
42368 
42376 
42372 
42368 
42368 
42368 
42492 
42368 
42484 
42380 
42372 
42368 
42368 
42368 
5044 
42648 
42380 
42368 
42368 
42368 
42372 
42368 
42368 
42372 
42484 
42384 
42368 
42368 
42372 
42368 
42368 
42484 
42368 
42372 
42368 
42368 
42368 
42372 
42368 
42368 
42484 
42380 
42368 
42372 
42368 
42368 
42368 
49929 
40683 
40683 
22104 
37223 
40758 
40659 
40680 
40680 
40788 
40689 
40683 
40683 
40680 
40680 
40659 
40683 
40683 
40659 
40680 
40680 
40659 
40683 
40659 
40680 
40788 
40689 
40662 
40680 
40680 
40680 
40680 
40659 
40683 
40680 
40659 
40680 
40683 
40659 
40680 
40680 
20591 
40848 
40680 
40680 
50789 
42368 
42388 
42380 
42372 
42368 
42528 
42368 
42368 
42368 
42372 
42368 
42484 
42384 
42368 
42368 
42368 
42372 
42368 
42368 
42368 
42612 
42372 
42372 
42368 
42368 
42372 
42368 
42484 
42380 
278774 
42372 
42368 
42388 
42368 
42368 
42372 
42368 
42368 
42368 
42372 
42368 
42368 
42368 
42484 
42380 
42368 
42368 
42368 
42372 
42368 
42368 
42368 
42372 
42368 
42368 
42368 
42372 
42368 
42368 
42484 
42380 
42372 
42368 
42368 
42368 
15760 
45140 
42368 
42368 
51700 
44208 
44276 
44212 
44212 
44264 
44332 
44228 
44212 
44212 
44212 
44208 
44212 
44212 
44216 
44208 
44208 
44208 
44216 
44296 
44208 
44336 
44288 
44220 
44212 
44424 
44212 
44212 
44212 
44212 
44212 
5756 
30526 
44436 
44208 
44212 
44208 
44212 
44332 
44224 
44212 
44276 
44208 
44212 
44212 
44224 
44212 
44208 
44208 
44212 
44216 
44212 
44208 
44208 
44332 
44220 
44216 
44212 
44212 
44208 
44212 
33764 
47123 
44212 
44216 
44236 
52956 
42368 
42372 
42368 
42484 
42380 
42368 
42520 
42424 
42640 
42368 
42372 
42552 
42480 
42368 
42368 
42368 
42372 
42368 
42368 
42484 
42524 
42368 
42368 
42368 
42368 
42372 
42368 
42368 
42368 
42508 
21144 
64 
64 
64 
64 
64 
64 
64 
64 
64 
64 
64 
64 
64 
64 
22954 
42424 
42372 
42368 
42484 
42384 
50665 
40683 
40659 
40680 
40683 
40680 
40680 
40659 
40683 
40680 
40659 
40680 
40683 
40659 
40788 
40689 
40659 
40680 
41025 
40692 
40680 
40659 
40662 
40680 
40659 
40680 
40683 
40659 
40680 
40680 
40767 
40671 
17148 
40779 
40680 
41076 
40680 
40680 
40659 
40680 
40683 
40812 
40683 
40680 
40680 
40659 
40788 
40689 
40680 
40680 
40680 
40659 
40683 
40680 
40659 
40680 
40683 
40659 
40683 
40680 
40659 
51294 
42484 
42384 
42368 
42368 
42372 
42368 
42368 
23844 
42400 
42452 
42368 
42372 
42368 
42368 
42368 
42368 
42484 
42380 
42368 
42372 
42368 
42368 
42368 
42372 
42368 
42368 
42368 
42372 
42368 
42368 
43020 
42368 
42484 
42384 
42368 
42372 
42368 
42368 
42372 
42368 
42368 
42368 
42372 
26384 
40019 
42452 
42672 
42368 
42484 
42380 
42368 
42368 
42368 
42372 
42368 
42368 
42368 
42372 
42368 
42368 
42368 
42372 
42368 
42368 
42484 
42380 
42372 
42368 
42368 
42368 
42372 
42368 
50788 
40659 
40680 
40680 
40662 
40680 
40680 
34719 
28163 
40773 
40683 
50081 
42368 
42368 
42372 
42368 
42368 
42368 
42372 
42368 
42368 
42368 
42496 
42368 
42484 
42384 
42868 
42368 
42368 
42368 
42372 
42368 
42368 
42368 
42372 
42368 
42368 
42368 
42372 
42368 
42484 
42380 
42368 
39232 
27036 
42448 
42368 
42372 
42368 
42368 
42368 
42372 
42368 
42368 
42368 
42372 
42484 
42384 
42368 
43076 
42368 
42368 
42368 
42372 
42368 
42368 
42368 
42504 
42372 
42368 
42368 
42368 
42484 
42380 
42368 
42368 
42368 
42976 
42492 
1389479 
92405 
71690 
64047 
59120 
55601 
53362 
51880 
51028 
50249 
48798 
44400 
44208 
44212 
44212 
44212 
44212 
44208 
44328 
44220 
44212 
44212 
44212 
44212 
44212 
44208 
44212 
44084 
44384 
44208 
44208 
44212 
44216 
