98661 
91818 
68706 
68217 
67980 
68058 
68349 
70746 
81768 
75921 
68304 
68040 
68064 
68070 
68037 
92922 
68367 
68010 
68019 
68007 
68040 
68070 
68040 
68040 
68007 
68019 
68070 
68007 
68019 
68007 
68040 
68070 
67989 
68040 
67986 
68040 
68277 
50810 
68574 
68100 
68070 
68019 
68070 
68064 
68070 
68037 
68070 
68064 
68070 
68040 
68064 
68070 
68016 
68091 
68097 
68070 
68040 
58122 
68286 
67989 
68040 
67983 
68073 
68070 
68007 
68040 
67983 
68037 
68073 
67986 
68037 
67986 
68037 
68070 
68301 
68043 
67989 
68040 
68016 
68040 
31128 
68349 
68061 
67989 
68040 
67983 
67983 
68070 
68064 
68070 
68037 
68070 
77488 
71164 
71032 
70908 
70900 
70952 
70868 
70908 
70900 
70908 
53092 
70734 
70900 
70944 
70908 
70868 
70908 
70900 
70908 
70868 
70900 
70908 
70868 
70908 
70896 
70908 
70868 
70908 
70900 
70952 
70868 
70900 
32867 
71084 
70868 
70820 
70824 
70904 
70896 
70908 
70912 
70908 
70896 
70908 
70868 
77838 
68235 
68061 
68070 
68040 
68070 
68061 
68070 
68019 
42678 
70907 
68070 
68064 
68070 
68019 
68091 
68064 
68091 
68019 
68061 
68070 
68040 
68070 
68061 
68070 
68040 
68103 
68064 
68070 
68037 
68061 
68070 
25561 
68274 
67983 
67983 
68070 
68064 
68070 
68070 
68091 
68064 
68091 
68019 
68064 
68070 
68016 
68070 
77774 
70912 
70820 
70820 
70904 
70900 
62176 
64 
64 
64 
59285 
70876 
70868 
70820 
70820 
70908 
70900 
70908 
70864 
70908 
70944 
70908 
70864 
63514 
71548 
70864 
70820 
70864 
70908 
70824 
70864 
70820 
70864 
70908 
70824 
70864 
70820 
70864 
77600 
68364 
68076 
67986 
68037 
34124 
64 
64 
64 
64 
64 
64 
64 
64 
42126 
68022 
68037 
67986 
67983 
68067 
68064 
68124 
68019 
74002 
68211 
68037 
68070 
68064 
68070 
68040 
68070 
68064 
68070 
68040 
68118 
68070 
68037 
68070 
68064 
68070 
68040 
68070 
68061 
68070 
68019 
68064 
26187 
68211 
68070 
68040 
68064 
78513 
70948 
70908 
70896 
70908 
70868 
70908 
70900 
70908 
70868 
70900 
70908 
70908 
70908 
70900 
70908 
70868 
3242567 
69741 
68007 
68016 
67977 
68097 
68016 
68007 
68067 
68064 
68034 
67959 
68247 
68043 
68253 
68112 
68217 
67968 
68208 
67935 
55299 
69008 
68292 
68118 
68082 
68262 
67965 
68238 
68238 
68184 
68262 
68169 
68262 
68235 
68262 
68061 
68040 
67986 
68019 
68091 
67986 
68016 
68007 
28699 
68361 
68007 
68040 
68004 
68037 
68061 
68064 
68070 
68037 
68070 
68064 
68070 
68040 
68064 
68091 
68040 
68070 
68064 
68469 
67995 
68025 
68175 
1101184 
68517 
68019 
68070 
68064 
68070 
68037 
68073 
68064 
68070 
68064 
68064 
68070 
68040 
68070 
68067 
68070 
68043 
68070 
68061 
68067 
7491 
64 
64 
64 
64 
64 
64 
64 
64 
58291 
68103 
67986 
67983 
68397 
68064 
68070 
68064 
67995 
68064 
68070 
64410 
68202 
68070 
68214 
68073 
68040 
68070 
68058 
68067 
68019 
68091 
68064 
68061 
68040 
68064 
68070 
68043 
68070 
68040 
68091 
68064 
68094 
68019 
25559 
68298 
68064 
68070 
68040 
68067 
68097 
68070 
68040 
68061 
68073 
68040 
68073 
68064 
68070 
68019 
68091 
68040 
68094 
68019 
68064 
68070 
68067 
26136 
68202 
68070 
68058 
78397 
70996 
70824 
70868 
70824 
70868 
70912 
70868 
70868 
70820 
70864 
71104 
70908 
70896 
70908 
70868 
70900 
70904 
30624 
71116 
70828 
70824 
70868 
70820 
71112 
70892 
70824 
70868 
70908 
70828 
71300 
70952 
70972 
70908 
70868 
70944 
70904 
70908 
70920 
70920 
295811 
71156 
70888 
86591 
71048 
76917 
68070 
67986 
68037 
67980 
68019 
68094 
68295 
68043 
67989 
68037 
68073 
68001 
68037 
67986 
68142 
68136 
36926 
68238 
68058 
68262 
67872 
68199 
68205 
68721 
67983 
68277 
68589 
67974 
68022 
67953 
68085 
68064 
68019 
68073 
68061 
68265 
67986 
68070 
61229 
64 
64 
56751 
71476 
70892 
70908 
70820 
70864 
70828 
70868 
71100 
71024 
70788 
70868 
70848 
70868 
70868 
70820 
61724 
71120 
70896 
70908 
71376 
71304 
70812 
70884 
70840 
71040 
70820 
70856 
70912 
70828 
70868 
70832 
70908 
70912 
70904 
70884 
70804 
70864 
44872 
73798 
70824 
70728 
70968 
70900 
79566 
68097 
68070 
68064 
67983 
68397 
68073 
68040 
68196 
68070 
67983 
68166 
68271 
68223 
68268 
70443 
68133 
67980 
68097 
68031 
68061 
68070 
68022 
68073 
68064 
68073 
68043 
68091 
68040 
68088 
52635 
68253 
68097 
68019 
68070 
68064 
68064 
68040 
68067 
68064 
68073 
68004 
68007 
68016 
67983 
68040 
68073 
68043 
67959 
67986 
67986 
68040 
67983 
26125 
68304 
67983 
68010 
68067 
68007 
68097 
67983 
68037 
67983 
68028 
68070 
68019 
68067 
68076 
67929 
68067 
68544 
68268 
68202 
68286 
67992 
68016 
26161 
68376 
67989 
68034 
67983 
67983 
68067 
68112 
68016 
68007 
68040 
68121 
68064 
67989 
68061 
68070 
68043 
68097 
79311 
70908 
70900 
70892 
60732 
72840 
81452 
80424 
71236 
70940 
70852 
71232 
70864 
71276 
71220 
70868 
71276 
71224 
70868 
71276 
71220 
70868 
71272 
71480 
70872 
67196 
50876 
72664 
71204 
77902 
68193 
68154 
68139 
79997 
68394 
68268 
68313 
68157 
68115 
68154 
68400 
68055 
68511 
67989 
68547 
67935 
68133 
68409 
68076 
68082 
68178 
68079 
68220 
68055 
68085 
59895 
55654 
68328 
68022 
68055 
67998 
68052 
68088 
68001 
68052 
68019 
68052 
68085 
68025 
68052 
68055 
68052 
68088 
68022 
68031 
68019 
68052 
68088 
28640 
68502 
68088 
68139 
68055 
68592 
68088 
68085 
68055 
68085 
68079 
68451 
68034 
68100 
68085 
68055 
68085 
68079 
68085 
68109 
68085 
68079 
68085 
27789 
68283 
68082 
68079 
68082 
68052 
68082 
68076 
68136 
68052 
68076 
68082 
68055 
68106 
68076 
68082 
68052 
68082 
68076 
68082 
68190 
68109 
68106 
26586 
68880 
68067 
68055 
68736 
68025 
68019 
68127 
68103 
68079 
68085 
68055 
68085 
68079 
68085 
68055 
68079 
68139 
68055 
68085 
68079 
68106 
68851 
68283 
68085 
68115 
68070 
68061 
68067 
68040 
68103 
68808 
68067 
68040 
68064 
68262 
68064 
68067 
68943 
68067 
68061 
68274 
68037 
68091 
68040 
27313 
68685 
68532 
68154 
68016 
68004 
68016 
68259 
68067 
68061 
68067 
68040 
68064 
68067 
68016 
68070 
68415 
68124 
68037 
68067 
68064 
68277 
68019 
26464 
68346 
68019 
68016 
78297 
70908 
71072 
71356 
70904 
70900 
70908 
70868 
70896 
70904 
70868 
71264 
70960 
70912 
70820 
70820 
70904 
70896 
2077840 
71520 
70932 
70868 
70896 
70908 
70864 
70952 
70896 
70908 
70864 
70908 
70896 
70908 
70864 
70900 
70908 
70864 
70904 
70900 
48516 
71116 
70912 
70900 
70908 
78264 
68148 
68067 
68037 
78641 
70980 
70908 
70864 
70904 
70900 
70908 
70868 
70944 
70904 
70864 
70908 
70900 
35631 
71124 
70824 
70864 
70820 
70864 
70908 
70868 
70864 
70820 
70864 
71104 
70904 
70900 
70908 
70864 
70896 
70908 
70868 
70904 
70896 
70908 
30465 
71436 
70868 
71332 
70808 
71264 
70624 
70672 
71088 
70908 
77510 
68286 
68430 
68328 
68019 
68430 
68367 
68073 
68409 
68388 
68019 
68430 
38819 
70896 
70512 
71280 
70948 
70972 
70940 
70912 
70904 
70896 
70908 
70868 
70896 
70904 
70864 
70904 
70900 
70908 
70864 
70904 
71016 
70924 
29662 
71036 
70904 
70896 
70908 
