46588815 
46585543 
46576542 
46570935 
46569640 
46559129 
46552527 
46544232 
46538062 
46523116 
46521843 
46521342 
46519883 
46519261 
46517212 
46514050 
46512999 
46510286 
46504505 
46504302 
46501422 
46499220 
46498982 
46493536 
46491467 
46482056 
46468379 
46466959 
46462645 
46460878 
46444514 
46433611 
46419963 
46414110 
46410019 
46402145 
46372466 
46367826 
46363926 
46363337 
46350780 
46346242 
46339947 
46339944 
46338128 
46336298 
46335195 
46332971 
46332566 
46329259 
46329113 
46325926 
46316944 
46316582 
46313033 
46312286 
46295365 
46284001 
46282183 
46281634 
46276513 
46270645 
46255951 
46253812 
46246958 
46238270 
46228797 
46224500 
46219689 
46217744 
46217063 
46204173 
46198274 
46193338 
46181362 
46175513 
46169913 
46163481 
46158233 
46140352 
46133772 
46127138 
46122455 
46120742 
46117416 
46114482 
46110626 
46104025 
46103399 
46096084 
46071945 
46058283 
46052691 
46026263 
46016886 
46002542 
45997973 
45997328 
45984993 
45970128 
45936456 
45922626 
45906368 
45905219 
45891294 
45884419 
45872328 
45871801 
45853418 
45848989 
45842192 
45812284 
45808054 
45797280 
45795513 
45794721 
45785209 
45784928 
45783283 
45746708 
45741920 
45740256 
45730134 
45728586 
45724869 
45712845 
45699130 
45695741 
45690130 
45676214 
45643470 
45629147 
45626838 
45619770 
45616073 
45613345 
45608149 
45606310 
45602395 
45601346 
45594199 
45593275 
45587857 
45579138 
45577943 
45575651 
45553100 
45524713 
45512198 
45498123 
45483108 
45481477 
45472649 
45457773 
45446706 
45441755 
45435162 
45433226 
45422154 
45414251 
45409034 
45406205 
45396875 
45389206 
45385593 
45376682 
45367158 
45363656 
45362401 
45358888 
45358425 
45327544 
45326578 
45314306 
45307100 
45297517 
45296982 
45295932 
45283570 
45275673 
45273114 
45271043 
45265662 
45261030 
45236186 
45232808 
45230853 
45216629 
45213083 
45212185 
45205273 
45200509 
45189817 
45188086 
45187345 
45181756 
45165045 
45162298 
45140636 
45136908 
45132513 
45116109 
45115729 
45104112 
45069112 
45047624 
45040688 
45038440 
45027468 
45026701 
45015402 
45005992 
45002619 
45002437 
45001907 
44993923 
44984531 
44974501 
44969224 
44959174 
44956335 
44946493 
44945319 
44943009 
44934875 
44921808 
44921639 
44920257 
44918084 
44916056 
44908877 
44907674 
44903787 
44899200 
44898947 
44896964 
44885396 
44863068 
44862190 
44860104 
44857040 
44855575 
44853794 
44845759 
44834909 
44834685 
44830485 
44825736 
44824183 
44821696 
44815286 
44811361 
44800628 
44798905 
44796914 
44786553 
44783612 
44774292 
44766028 
44761315 
44759960 
44757976 
44753726 
44749928 
44743796 
44742656 
44741371 
44738385 
44732996 
44720195 
44717939 
44716541 
44713128 
44712174 
44707841 
44702781 
44699141 
44696182 
44688058 
44683006 
44682185 
44676766 
44669565 
44666583 
44665611 
44656918 
44644127 
44636569 
44624430 
44605770 
44603966 
44603090 
44598709 
44597229 
44567462 
44567054 
44545030 
44542153 
44538933 
44533531 
44510533 
44505820 
44503709 
44493334 
44490053 
44488845 
44468444 
44466316 
44452483 
44447868 
44446596 
44441331 
44435921 
44435624 
44433284 
44431831 
44431232 
44426886 
44424744 
44423239 
44404392 
44402988 
44388258 
44387966 
44380779 
44377426 
44365491 
44356181 
44353652 
44347645 
44344370 
44342831 
44331293 
44330889 
44330453 
44322630 
44315703 
44313275 
44309657 
44308464 
44308243 
44304020 
44296872 
44281816 
44278838 
44274021 
44263826 
44256830 
44254050 
44253218 
44248515 
44248103 
44247797 
44245123 
44244713 
44234440 
44229293 
44218138 
44214461 
44206476 
44198510 
44192585 
44191989 
44191083 
44184374 
44167228 
44159545 
44157765 
44151386 
44139877 
44126598 
44121281 
44108016 
44106354 
44104386 
44102888 
44101198 
44100755 
44099204 
44093612 
44088566 
44088469 
44087130 
44086588 
44085851 
44084785 
44084335 
44081329 
44080613 
44080124 
44068168 
44066422 
44060689 
44057572 
44056790 
44050345 
44048441 
44047242 
44044667 
44038861 
44037360 
44036282 
44035655 
44034183 
44030062 
44020825 
44014433 
44007210 
43995849 
43992941 
43991909 
43988467 
43986386 
43985554 
43985441 
43977210 
43974430 
43973475 
43971048 
43969310 
43965523 
43962965 
43960092 
43958470 
43953084 
43952038 
43939612 
43928812 
43928565 
43928125 
43924669 
43899537 
43894732 
43886983 
43881119 
43879629 
43877387 
43876697 
43875299 
43870245 
43870123 
43869278 
43854809 
43854391 
43852029 
43851367 
43850930 
43837748 
43835295 
43824356 
43823313 
43818132 
43816999 
43813269 
43810700 
43810431 
43810240 
43809904 
43803303 
43798519 
43789946 
43786456 
43781767 
43780506 
43777403 
43776139 
43766574 
43759454 
43759346 
43758177 
43740160 
43736404 
43730887 
43726401 
43723165 
43718362 
43714358 
43712818 
43708005 
43704833 
43704049 
43701782 
43701187 
43694136 
43690717 
43688217 
43686908 
43684084 
43683243 
43676753 
43675528 
43673829 
43670261 
43663440 
43662339 
43660572 
43654477 
43654114 
43653568 
43652088 
43648622 
43642994 
43642899 
43633433 
43630267 
43629649 
43626201 
43624480 
43622111 
43612143 
43604994 
43591751 
43591507 
43590997 
43584437 
43575584 
43574045 
43565448 
43563715 
43563689 
43558377 
43555858 
43555526 
43541940 
43539401 
43531279 
43529159 
43527264 
43522832 
43520682 
43511880 
43506435 
43506410 
43503598 
43503095 
43497000 
43485097 
43480449 
43477914 
43477388 
43467199 
43463585 
43455518 
43448864 
43441297 
43436030 
43430337 
43429189 
43428007 
43427815 
43427522 
43426710 
43423422 
43422779 
43420742 
43415348 
43402298 
43402087 
43394705 
43389521 
43384874 
43376325 
43365994 
43364243 
43352108 
43335090 
43331254 
43330791 
43328626 
43320797 
43317792 
43315454 
43311654 
43309678 
43304302 
43296146 
43294112 
43284827 
43280386 
43270953 
43266576 
43265423 
43261095 
43259026 
43244984 
43242106 
43241310 
43227212 
43222840 
43222145 
43212074 
43207601 
43186571 
43161436 
43159254 
43154911 
43152733 
43152079 
43146346 
43146268 
