98713895 
83065971 
75693926 
74152964 
72840014 
75128192 
73704742 
75535453 
71372210 
75549665 
81329553 
72541068 
75452686 
73332727 
76376661 
72165587 
74358375 
77131618 
101119014 
78329378 
71894773 
88398042 
87787653 
73382351 
76815926 
74675224 
74052179 
75798201 
71557153 
81432009 
69729034 
73947782 
74936827 
69454492 
92398674 
71610148 
75226110 
69412117 
73836018 
74685725 
72177765 
72978490 
70565770 
72561897 
70566351 
73652294 
70950555 
70987312 
70402460 
71762043 
75621478 
68551871 
74166432 
70277745 
70811556 
71194554 
72203725 
70669614 
73380505 
74697944 
71717521 
73696590 
72261932 
74462499 
74607711 
74058798 
71354134 
74866551 
75160493 
71428061 
74700525 
78521796 
73616099 
70880574 
75296453 
72658126 
92406956 
73911079 
69975769 
74286988 
77208594 
70848763 
73665692 
71885928 
72949633 
72530590 
73719229 
72293918 
72041909 
76098177 
70628413 
73918868 
71394751 
74288313 
72105574 
74151781 
71065301 
74180749 
72642466 
70970252 
73874665 
70858893 
75962653 
70477287 
72846226 
72460407 
79670577 
74304565 
69417462 
76511767 
72995941 
75429912 
71971827 
81362107 
74766802 
72303485 
75741914 
88796656 
112166153 
75904405 
70182657 
74954555 
115195505 
72308806 
76891644 
78153049 
71790416 
77972597 
70776980 
77136520 
71376677 
77975432 
76139597 
70748058 
78059224 
70932696 
76723999 
72506274 
74437798 
73425409 
73363579 
74925008 
71620855 
73846468 
71849773 
73443047 
73089575 
79555601 
75156399 
71363815 
75934116 
70469847 
75046610 
72170390 
74002553 
72603137 
75914395 
76175816 
73567998 
75009483 
73455417 
73897460 
72852106 
75816423 
75737705 
72120047 
76697378 
74220619 
75129637 
72108967 
74866672 
77540020 
72290196 
76678008 
70710099 
81675191 
72684545 
71322830 
76718965 
69294314 
75836700 
73411263 
73850130 
73810163 
74735494 
75431038 
73655292 
75525759 
71149135 
79784519 
71506068 
74659619 
75802126 
72743069 
76394139 
72171780 
75506016 
72639007 
74844974 
75409263 
71840917 
74811855 
72059616 
74803347 
74819031 
73494172 
75779266 
72033052 
76132955 
72120334 
73835187 
72553899 
74931128 
76759916 
72026146 
73774955 
72528306 
74519577 
71889770 
76566316 
70472123 
77245015 
74372996 
74095211 
73599189 
75960602 
74641001 
70530369 
76301641 
70764681 
71104583 
80860392 
72371527 
73979343 
73293733 
76560203 
76377448 
72831129 
73531323 
75096801 
73558807 
74560510 
74971936 
71003317 
76723093 
74413385 
73829479 
75225413 
71965271 
75526147 
71828674 
72415890 
73167638 
72778139 
76569586 
71244607 
74298011 
69059813 
76608325 
71502605 
74259356 
74255295 
71223597 
74181898 
69754551 
75549308 
69842364 
75369350 
69830913 
72460529 
74240701 
71379347 
74420055 
72260166 
73328926 
71752834 
74363287 
71277338 
74532323 
73757238 
71634365 
74978560 
70996110 
74489770 
71117945 
72973795 
73306817 
74226486 
72882980 
73744263 
74767061 
71160116 
74509416 
70809899 
74827950 
72212744 
74109180 
75256569 
68511501 
75254441 
69291814 
75077268 
72375137 
73633104 
74300671 
70947204 
74561225 
70238731 
76083858 
70918435 
71791394 
69963238 
71833904 
69142667 
72404114 
72194335 
73648566 
73136908 
69417595 
73024775 
73270231 
74441621 
72675985 
74997578 
70994934 
75607599 
76421393 
70935926 
74557413 
71635168 
74192985 
71858811 
74590293 
75391382 
70388891 
74836900 
71507190 
74186512 
70767259 
73637841 
71689643 
73057011 
73911475 
72920748 
72789487 
73074953 
74267944 
71134276 
73429616 
72751739 
73167566 
75316886 
69677441 
74690546 
70958655 
73444726 
71333179 
74168423 
72786978 
78921472 
74978526 
69950151 
74411148 
72646414 
74266469 
70256966 
74488994 
76132725 
67952237 
72144530 
71106696 
74658811 
71943892 
74889834 
72566273 
72759165 
77690723 
71216219 
75087947 
72294347 
74010765 
70513457 
71127833 
72831531 
72972219 
76525274 
71061163 
72928631 
73354486 
72674310 
72063086 
73604039 
72157372 
74273506 
75675737 
70758548 
72646531 
72571043 
72132146 
72548665 
73393272 
68941005 
78761499 
71506467 
72822538 
73857479 
73462276 
75005889 
73101436 
75446526 
74570435 
72575740 
76180696 
72774536 
75985367 
73518220 
76087133 
76423474 
72428101 
73841840 
74463332 
74810688 
75109295 
75702262 
71730558 
75147609 
74998983 
74408787 
75256920 
72715577 
76000589 
72919261 
75444951 
74667543 
73166649 
77334333 
74032833 
74665202 
73262150 
75537215 
74182131 
69092987 
71764955 
70802303 
76030500 
69945239 
72965300 
69883195 
71682967 
70559143 
73254059 
73708249 
69107467 
71785309 
72466686 
72476285 
73931526 
74186914 
72500074 
76699606 
77252228 
72312237 
75111753 
71316971 
76632207 
70419501 
76321297 
72848008 
72953588 
75168301 
70140398 
74838945 
71252740 
75235975 
71747892 
74616574 
74863073 
72947982 
73270680 
73214897 
72531485 
73643990 
74419523 
73954265 
72599536 
74872290 
76465954 
73303133 
70827656 
75297243 
72530474 
75588316 
74536790 
70987012 
72236243 
68898997 
76407330 
70993429 
76091396 
75837910 
73242795 
75940855 
72289308 
73603046 
74595658 
75656898 
75781250 
73435770 
75345507 
72950481 
80903829 
73045175 
74796572 
77328741 
72548820 
75714513 
73283395 
73760224 
71143799 
74345475 
74716684 
72953545 
74593345 
70017287 
74614358 
72184900 
73198294 
73208390 
78861231 
73155744 
71756828 
74367095 
72361952 
72612862 
71434087 
74400302 
71773286 
74467585 
75183949 
71641932 
74655277 
71737142 
75439849 
70710945 
74888191 
70461319 
75091558 
74733993 
71669754 
74196391 
68899514 
74172172 
70288819 
74596362 
74507135 
71379198 
76023087 
70678486 
75973676 
71982036 
73901980 
71450171 
77189839 
75883899 
70453821 
76857310 
72055841 
75269235 
71083925 
75688177 
74471974 
78589175 
76147003 
74336967 
75903300 
73089550 
74558142 
77984728 
72212341 
74024674 
73903907 
75312154 
73034163 
73892337 
73688124 
78831524 
75032911 
72719437 
75077819 
71169715 
75398940 
75380428 
75106904 
77147919 
73612139 
75892224 
76041114 
76349691 
72680859 
73599379 
73865327 
74370013 
75338414 
72162270 
71324833 
70816493 
73833335 
73925625 
70021339 
76722380 
73586619 
74068779 
71667912 
78609564 
71912232 
69270826 
72612993 
69327223 
70183851 
71299263 
76087970 
72355800 
74576302 
69929332 
73530143 
74570903 
70203875 
81168778 
72432832 
74457397 
71319337 
77146163 
74784786 
72022276 
72386187 
72966009 
74642951 
71348609 
75251144 
70872365 
75726446 
75396152 
71815497 
73972458 
72285388 
73539287 
73063456 
72477130 
76867609 
70633221 
73911925 
72725324 
73322431 
74299743 
75422278 
77950096 
72119745 
75489861 
72523445 
75420869 
74927324 
75396991 
77390964 
72943166 
75562113 
73186519 
74181168 
73777691 
76331964 
72957741 
73548013 
77294147 
72885797 
75864987 
74615434 
73971034 
71983056 
77653509 
77310144 
72270170 
74492418 
73496410 
76273825 
72053944 
77103354 
74676747 
72975566 
75762124 
72527009 
76205899 
73134948 
72422932 
72198896 
69228087 
72910054 
67837466 
73629808 
69388748 
76842893 
74049624 
75032587 
75088771 
72217939 
75647322 
73256335 
75641848 
73544641 
76550618 
75752057 
74572673 
76715534 
75231215 
73326532 
67616170 
76797755 
74177390 
73832133 
75840782 
73410814 
76200893 
73783811 
75300112 
77118401 
74632790 
75240402 
74339433 
73841246 
74250540 
77848072 
75049134 
73782869 
77086233 
73919604 
75402889 
71272837 
77226706 
74177982 
74101997 
76546756 
76777920 
74910808 
74834191 
74651836 
76436684 
71023537 
77006014 
73207632 
72763732 
73764974 
75582216 
74699054 
74535912 
75981504 
72955904 
75852912 
72387148 
76689474 
75990629 
72444870 
78599137 
73320503 
77386275 
73022831 
75892605 
76742778 
73580357 
73720517 
74641527 
74878773 
72944434 
73843560 
76005671 
74565728 
75043885 
69780733 
76082867 
72083200 
73782693 
74108113 
73339568 
77175093 
77124255 
75710707 
73184853 
74463346 
73283474 
76244191 
76014255 
71142628 
76354823 
75512965 
72570570 
74774024 
74750523 
76469831 
74559665 
76207748 
73224600 
76142161 
74053318 
75548923 
76521769 
73251349 
76905602 
73429237 
74461742 
72382238 
74366066 
75148100 
72397620 
74509251 
72284497 
74306045 
70745242 
74924527 
71291900 
73310707 
75727002 
70418611 
73932245 
71514520 
73783755 
70939473 
78991374 
76013119 
72324194 
75559882 
71180800 
76243365 
72543829 
75244531 
76064739 
73462890 
74533232 
72742722 
75126804 
71727742 
77545192 
75214420 
73053080 
74935660 
72846643 
74759662 
72408735 
75122802 
72242222 
76742131 
74152743 
72832501 
74530865 
73495572 
75753157 
72765079 
77024139 
77703867 
71801195 
77094795 
73542027 
74550123 
79504710 
72423670 
75767507 
73481949 
76420288 
71855706 
80587169 
75957163 
73237459 
75809545 
74269491 
73878456 
73658541 
73052019 
73760399 
71836021 
75996525 
72798801 
76121378 
72455286 
73376243 
74081839 
73559034 
75013671 
73427900 
74446242 
69861912 
76236718 
71908817 
75564038 
74680093 
71550394 
72845783 
72070347 
75893793 
71473515 
74070361 
70156122 
76562755 
74354184 
71565143 
74544692 
71249437 
75229039 
71627358 
75218843 
70568461 
76192571 
81028070 
71580121 
75426462 
72176078 
72496920 
73531284 
74176262 
74760188 
69902875 
73386212 
73132089 
72807697 
73767812 
74268229 
71837184 
73455191 
75657382 
73924880 
72463674 
73771904 
74669171 
70490803 
76245159 
71843315 
74769113 
75394474 
70132039 
75277197 
73164492 
74981762 
69765052 
75994813 
72212567 
74381416 
74422726 
71826278 
72634248 
71067436 
75796026 
72267843 
72028423 
76842416 
69451337 
79944465 
71811147 
73367062 
71740932 
73349315 
74394832 
76058888 
73766956 
73327732 
76512740 
72759557 
77241458 
71833285 
76677677 
75535427 
73288623 
74793357 
75085659 
76257341 
72059952 
76001660 
76172440 
73529224 
76332082 
71346203 
75185195 
75381640 
76052502 
76252099 
72509417 
75982511 
73776189 
76026469 
73836934 
73148356 
75948220 
71748188 
75060939 
73562605 
75684487 
78087272 
74036415 
78679545 
73147456 
77096233 
73540303 
75057627 
73143838 
76055009 
77025142 
