60102 
42573 
40692 
40680 
40683 
40659 
40680 
40680 
40662 
40680 
40659 
40680 
40683 
40659 
40680 
40680 
40767 
40689 
40680 
40659 
40680 
40683 
40659 
40680 
40680 
40662 
40680 
40659 
40680 
40683 
40659 
40680 
40788 
40692 
27777 
43349 
40791 
40680 
40683 
40659 
40680 
40659 
40683 
40680 
40659 
40680 
40680 
40680 
40767 
40689 
40680 
40662 
40680 
40680 
40659 
40662 
40680 
40659 
40680 
40683 
40659 
40680 
40680 
40662 
40788 
40689 
40659 
40680 
40680 
40662 
40680 
40680 
7917 
40866 
40800 
40683 
40680 
40659 
40680 
40683 
40788 
40689 
40680 
40659 
40680 
40680 
40662 
40680 
40659 
40680 
40683 
40659 
40680 
40680 
40662 
40680 
40788 
40668 
40680 
40683 
40659 
40662 
40680 
40680 
40659 
40683 
40659 
40680 
40680 
40662 
5180 
64 
64 
64 
64 
64 
64 
64 
64 
64 
64 
64 
64 
64 
64 
64 
11808 
40800 
40788 
40668 
40683 
40680 
40659 
40680 
40683 
40683 
51658 
40761 
40662 
40680 
40680 
40659 
40683 
40659 
40788 
40692 
40683 
40680 
40659 
40680 
40662 
40680 
40680 
40659 
40680 
40683 
40659 
40680 
40680 
40683 
40788 
40689 
40659 
40680 
40680 
40662 
40680 
40659 
40680 
40683 
40659 
40680 
40680 
40659 
37722 
20207 
40857 
40659 
40683 
40680 
40659 
40683 
40680 
40659 
40680 
40683 
40680 
40680 
40659 
40683 
40680 
40662 
40788 
40689 
40680 
40680 
40683 
40659 
40680 
40680 
40680 
40659 
40683 
40659 
40680 
40680 
40662 
40680 
40788 
40692 
40683 
40680 
25611 
35097 
40857 
40659 
40683 
40680 
40680 
40680 
40659 
40683 
40680 
40659 
40788 
40692 
40683 
40683 
40680 
40659 
40680 
40683 
40659 
40680 
40680 
40683 
40680 
40662 
40680 
40680 
40788 
40692 
40683 
40680 
40680 
40683 
40659 
40680 
40680 
40662 
16035 
43358 
40800 
40680 
40680 
40662 
40788 
40689 
40659 
40680 
40683 
40659 
40680 
40683 
40680 
40659 
40680 
40662 
40680 
40680 
40659 
40680 
40788 
40692 
40683 
40659 
40680 
40680 
40683 
40680 
40659 
40680 
40680 
40662 
40680 
40680 
40659 
40683 
9207 
40887 
40800 
40680 
40680 
40662 
40680 
40680 
40659 
40683 
40659 
40680 
40683 
40659 
40680 
40680 
40767 
40689 
40680 
40659 
40683 
40680 
40659 
40683 
40680 
40659 
40680 
40683 
40659 
40680 
40680 
40659 
40788 
40689 
40680 
40659 
40680 
40683 
5949 
40887 
40800 
40659 
40683 
40659 
40680 
40680 
40662 
40680 
40788 
40689 
40680 
40680 
40662 
40680 
40680 
40659 
40683 
40680 
40662 
40680 
40659 
40680 
40683 
40659 
40788 
40689 
40680 
40662 
40680 
40659 
40680 
40683 
40659 
40680 
40680 
40662 
255985 
40797 
40683 
40680 
40788 
40689 
40659 
40683 
40680 
40659 
40680 
40680 
40683 
40680 
40659 
40680 
40683 
40659 
40662 
40680 
40788 
40668 
40680 
40683 
40659 
40680 
40680 
40683 
40680 
40680 
40659 
40683 
40680 
40659 
40680 
40683 
40788 
40689 
19826 
64 
64 
64 
64 
64 
64 
64 
64 
64 
64 
64 
64 
64 
64 
64 
64 
9445 
40791 
40683 
40680 
40659 
40680 
40683 
40659 
40680 
61258 
40818 
40662 
40680 
40788 
40692 
40683 
40680 
40659 
40683 
40680 
40659 
40680 
40683 
40659 
40680 
40680 
40680 
40680 
40662 
40788 
40689 
40680 
40659 
40683 
40680 
40683 
40680 
40680 
40659 
40683 
40680 
40659 
40680 
40683 
40659 
40788 
40689 
26385 
31478 
40857 
40659 
40683 
40680 
40659 
40680 
40680 
40662 
40680 
40659 
40680 
40683 
40743 
40689 
40680 
40659 
40680 
40683 
40680 
40680 
40659 
40683 
40680 
40659 
40680 
40683 
40680 
40680 
40788 
40671 
40683 
40680 
40659 
40680 
40683 
40680 
14109 
43355 
40800 
40683 
40659 
40680 
40680 
40662 
40788 
40689 
40680 
40680 
40683 
40659 
40680 
40680 
40662 
40680 
40680 
40659 
40683 
40659 
40683 
40680 
40788 
40668 
40680 
40683 
40659 
40680 
40659 
40683 
40680 
40659 
40680 
40683 
40659 
40680 
7338 
40884 
40797 
40659 
40680 
40680 
40683 
40680 
40659 
40680 
40680 
40662 
40680 
40680 
40659 
40683 
40659 
40680 
40788 
40692 
40662 
40680 
40683 
40659 
40680 
40659 
40683 
40680 
40659 
40680 
40683 
40659 
40680 
40680 
40788 
40689 
40680 
40659 
16397 
41250 
41127 
41103 
41106 
41103 
41106 
41124 
41106 
41103 
41106 
41106 
40806 
41142 
41106 
41106 
41106 
41106 
41103 
41106 
41310 
41106 
41127 
41106 
41106 
41106 
41106 
41127 
40827 
41121 
41106 
41106 
41127 
41127 
41103 
41127 
13791 
40812 
40800 
40659 
40680 
40683 
40659 
40680 
40788 
40671 
40683 
40680 
40659 
40680 
40683 
40659 
40680 
40680 
40683 
40680 
40659 
40680 
40683 
40659 
40788 
40689 
40680 
40683 
40680 
40662 
40683 
40683 
40659 
40680 
40680 
40662 
40680 
40659 
6176095 
47136 
46061 
40875 
40800 
40680 
40683 
40659 
40683 
40683 
40680 
40662 
40680 
40662 
40680 
40683 
58227 
40803 
40737 
40680 
40662 
40680 
40680 
40659 
40683 
40680 
40680 
40680 
40659 
40683 
40680 
40659 
40680 
40788 
40668 
40680 
40680 
40704 
40740 
40680 
40659 
40674 
40683 
40659 
40689 
40680 
40659 
40680 
40680 
40797 
40689 
40680 
40659 
39174 
19966 
40839 
40680 
40662 
40683 
40680 
40734 
40680 
40719 
40662 
40659 
40788 
40692 
40683 
40680 
40680 
40659 
40680 
40683 
40680 
40659 
40683 
40680 
40674 
40680 
40662 
40680 
40788 
40689 
40767 
40680 
40662 
40704 
40680 
40680 
40698 
40680 
26613 
33691 
40854 
40659 
40680 
40680 
40767 
40689 
40680 
40659 
40680 
40680 
40662 
40680 
40680 
40659 
40683 
40659 
40680 
40680 
40662 
40758 
40788 
40692 
40683 
40680 
40659 
40680 
40659 
40680 
40683 
40659 
40680 
40680 
40674 
40680 
40680 
40680 
14571 
43247 
40800 
40692 
40683 
40680 
40680 
40659 
40659 
40680 
40680 
40662 
40680 
40689 
40659 
40680 
40788 
40668 
40683 
40680 
40764 
40878 
40683 
40680 
40680 
40659 
40683 
40680 
40659 
40680 
40707 
40659 
40788 
40689 
40680 
40662 
40680 
40680 
7329 
40869 
40800 
40680 
40683 
40659 
40680 
40680 
40683 
40680 
40788 
40668 
40680 
40683 
40659 
40680 
40680 
40683 
40680 
40659 
40749 
40659 
40683 
41535 
40680 
40680 
40788 
40689 
40659 
40683 
40680 
40680 
40713 
40683 
40659 
40680 
40680 
40662 
3621 
40875 
40797 
40680 
40788 
40668 
40683 
40680 
40659 
40749 
40659 
40683 
40659 
40680 
40680 
40662 
40680 
40680 
40659 
40683 
41496 
47754 
50592 
47946 
48231 
41217 
40680 
40782 
40659 
40680 
40683 
40659 
40680 
40683 
40680 
40659 
40788 
10421 
64 
64 
64 
64 
64 
64 
64 
64 
64 
64 
64 
64 
64 
64 
64 
64 
64 
43266 
40800 
40680 
40662 
40680 
40680 
40662 
54820 
40809 
40680 
40659 
40680 
40683 
40788 
40689 
40680 
40683 
40680 
40680 
40659 
40683 
40680 
40662 
40680 
40680 
40659 
40683 
40659 
40680 
40788 
40692 
40680 
40659 
40680 
40683 
40683 
40680 
40659 
40680 
40683 
40680 
40659 
40680 
40683 
40680 
40788 
7995 
40872 
40680 
40662 
40683 
40680 
40659 
40680 
40683 
40659 
40680 
40659 
40683 
40680 
40659 
40788 
40689 
40680 
40674 
40680 
40680 
40662 
40662 
40680 
40659 
40680 
40683 
40908 
40947 
40809 
40659 
40767 
40692 
40683 
40659 
40680 
40680 
40662 
3459 
40854 
