100764128 
94888422 
71847484 
76848963 
73241557 
76799869 
73772147 
77991098 
75576562 
73481601 
76478765 
75316909 
76360145 
72859183 
77615032 
75947240 
86079873 
92604747 
77648511 
72760338 
114595525 
74675945 
74423160 
74998494 
79812720 
77158160 
76581791 
75694243 
75310180 
70713594 
76079448 
71079599 
76972632 
72336148 
73778055 
75003486 
72918815 
76711839 
72476060 
75792538 
70379003 
75244126 
72851814 
72760048 
77878730 
71573815 
75899609 
83032036 
76265089 
74849567 
84002305 
75110979 
74881044 
78488247 
76738111 
74145531 
76872690 
70462203 
75828210 
75155512 
75652027 
77785616 
74397720 
75226270 
76202378 
81723301 
77590613 
74177969 
75789606 
76153699 
77324219 
76435240 
76722460 
76343586 
73385320 
78635714 
74043106 
77341459 
74659267 
77533590 
75434013 
75597509 
77101194 
72998391 
76441629 
77478611 
75223234 
81510168 
74586436 
76748711 
79799177 
91016450 
78141174 
73221064 
78354986 
76193985 
76067679 
77651814 
74623748 
75334095 
76058343 
75410074 
78489473 
74520012 
75908713 
76145301 
78972935 
78815162 
74631307 
77468909 
73327761 
77282065 
74662499 
77633072 
75779496 
74347170 
77378634 
73957677 
75873456 
78507692 
73826627 
77045089 
74796880 
76052392 
75844447 
76964844 
78082918 
78022372 
75830062 
74291688 
78311494 
90881066 
107147437 
78339544 
76701134 
75309804 
114983513 
78040341 
76171319 
78654363 
74294536 
76995474 
77467637 
75232708 
77438853 
80925598 
76799519 
77354963 
73586921 
76940127 
74515220 
78894859 
76559032 
73521183 
76815093 
74863566 
75781232 
75297964 
77211461 
76634807 
74221965 
76680834 
75406176 
75430816 
73562541 
77152067 
77496559 
74147939 
76754322 
74280635 
76297702 
75037521 
77813768 
75763569 
74162448 
78456559 
72804693 
76655821 
78483542 
71780688 
76419331 
72604518 
75620387 
73854065 
77735179 
73521157 
73563385 
81771166 
71274314 
74197963 
68248684 
73479520 
75053285 
74931476 
75095425 
75150063 
74858819 
75394105 
76413341 
71919590 
76326317 
76704229 
73166534 
76499535 
75606269 
75204236 
75919042 
79050004 
75103623 
75610761 
76252909 
74264802 
77371559 
72726265 
78566354 
76719724 
73160416 
78954557 
75064511 
76579368 
77830135 
73407141 
75568937 
76155825 
75021948 
76038007 
77926936 
78409042 
74328551 
72225453 
69973298 
78540361 
73648557 
78601403 
73930608 
72336978 
75370521 
74831123 
75420139 
72569262 
75112296 
75940288 
72512998 
73496499 
73514735 
75673414 
73385910 
76386927 
76872073 
74956962 
77840593 
72264158 
78908569 
73040894 
79033827 
78287158 
75635085 
76761254 
74914617 
78032785 
76943230 
75771616 
74775540 
76102433 
76036188 
76821403 
76855442 
78576544 
72432370 
83250430 
75393542 
75439942 
79897470 
75435098 
75197466 
76240388 
77595189 
78255355 
74748865 
77729104 
73340651 
76751491 
76281864 
77999600 
76572211 
75371604 
77459724 
73261121 
79864374 
73556223 
78031093 
77320363 
75442816 
77151243 
74923875 
76335007 
77900233 
73899031 
77320755 
75036524 
77873469 
70182824 
73256013 
71844852 
70519979 
72029681 
68285500 
71847567 
69123490 
71696262 
70347900 
76707003 
70376910 
74259864 
78622159 
72313721 
75979497 
74088631 
77128730 
72807164 
77198285 
77813415 
74239917 
77586449 
76456420 
75273722 
79439263 
72640878 
77007088 
73891195 
80247716 
73708304 
78014687 
78106862 
74924566 
77544832 
75782787 
74974679 
78413081 
74037849 
77103820 
74706260 
77131251 
74863056 
79647995 
76650969 
73968485 
77759220 
74957440 
76501945 
78181875 
74748044 
81534785 
73719650 
77049920 
75099705 
79050414 
75254736 
76349293 
77131670 
72304986 
77422623 
73616030 
71820583 
73823376 
68868688 
72528208 
67316057 
73418404 
69133676 
77612013 
71430826 
73888040 
75590482 
74379792 
74211757 
74480863 
74204451 
74652983 
76860239 
74636411 
74224899 
73288337 
72991773 
73921792 
72756204 
77207733 
73896837 
74094915 
75077429 
71620433 
77523925 
71261875 
75257779 
79955135 
72681306 
77207623 
73718523 
74238943 
72732051 
75736404 
76702126 
72473715 
77533454 
72895772 
74345730 
74188667 
76723094 
77840734 
74451441 
76150550 
74689697 
77585712 
76349569 
77897783 
77012144 
74774875 
75411406 
76142577 
75257349 
78032918 
75210910 
75194024 
76380579 
77246553 
73609461 
77121851 
75670960 
76776365 
77496050 
75193170 
75255066 
75786235 
78239021 
76870361 
79396271 
76696625 
74002357 
77138595 
73556139 
76077402 
75625988 
73049857 
75921213 
73011800 
77565493 
74842088 
73068447 
76363663 
71653465 
75694392 
73544742 
76041282 
75596227 
72043730 
77374581 
72550164 
75683262 
74457728 
74553814 
77803721 
73331069 
75918610 
72827872 
74164662 
75893095 
75937683 
71157822 
77450434 
74832017 
74160319 
74175626 
72963407 
74715068 
73824841 
76263961 
75228068 
78472120 
77795547 
73207714 
76173431 
72357338 
75935898 
76760633 
72331311 
76085160 
72880314 
75136502 
73149308 
78021469 
75587636 
73473830 
73577352 
72873374 
75668494 
73736498 
74671938 
75951746 
72617271 
76032263 
73686688 
74126957 
72979353 
75458902 
76475118 
73447908 
75108162 
74190765 
74017729 
74377994 
72450933 
69934135 
75543911 
75053071 
72705036 
77200065 
72020146 
77344473 
75883679 
75904200 
77190752 
74698853 
75719959 
75117127 
76795339 
75446645 
78909403 
76300670 
74267804 
78584119 
74925830 
75279249 
78863531 
73660256 
77016425 
72723906 
77114185 
74932960 
77122029 
76966452 
74166722 
75323898 
76208847 
76302552 
73351409 
75161745 
76597456 
76498799 
76969046 
71700716 
77982803 
77078165 
72122334 
78300434 
74287380 
74977454 
76452467 
75795185 
78649681 
74286111 
79683044 
75571106 
76820896 
75393496 
76547762 
78300498 
72430830 
77203202 
75735874 
75781767 
74520038 
76548927 
79124060 
73479332 
76413295 
72366350 
77537370 
74921281 
73852192 
73151390 
74110734 
76436825 
70763595 
75341838 
72662707 
75205980 
76478698 
70160632 
76596832 
71147695 
75967376 
73517094 
74532624 
75553176 
70632164 
77042515 
73228851 
73422217 
72492426 
75089820 
72845468 
80105104 
74266077 
73413787 
73656864 
73865478 
73745146 
77952518 
72043386 
75579733 
72593628 
75038745 
70977862 
76841844 
71708024 
76891006 
75514542 
73565598 
75345371 
72392416 
78016465 
73110378 
72819029 
78100955 
73264541 
80506807 
75341540 
75925278 
79704274 
74242182 
78577054 
75239552 
77980185 
78833389 
75042156 
77929501 
74287434 
79008219 
73403579 
77839639 
78091826 
75199884 
82160657 
72776340 
78640348 
77425104 
74643219 
77394866 
73703560 
76935817 
74294272 
79122402 
76147722 
75818836 
78928631 
74157351 
71713014 
72913024 
77675772 
73948826 
72184918 
76244810 
74075760 
75540219 
71318126 
78220898 
73956635 
73996013 
75802245 
71252273 
76017976 
72263557 
77018701 
75450084 
75042191 
73564226 
72588540 
75297849 
72565441 
75028134 
76219523 
73832951 
75991744 
72958931 
77902926 
73216360 
77782077 
75496667 
74539883 
76191933 
72074138 
78223135 
72187383 
76223059 
78785031 
73245853 
76698636 
74511548 
75514793 
74442042 
78493920 
74712175 
75361526 
76663210 
73712929 
77287351 
73748423 
76546788 
78738348 
74622612 
77263687 
74497727 
76823691 
79569772 
75070444 
77071453 
74852668 
76999826 
74512004 
75746670 
78224252 
75054822 
76851146 
76248765 
75642519 
84401782 
73924134 
75869048 
76365266 
77718687 
75298805 
76329513 
77118023 
75778685 
78287602 
72951099 
78431596 
78676132 
72000587 
77273166 
76425555 
74972051 
76287418 
75754978 
78507250 
75325194 
77988917 
73752018 
78213994 
79909918 
71259181 
76036656 
73552340 
76282488 
73747156 
75639313 
76499815 
73535870 
75876044 
70386845 
76608912 
72564080 
75592347 
75359852 
72618247 
74699669 
78501487 
74620005 
74292745 
74835639 
77839541 
72031350 
76829198 
72692182 
76447830 
72068521 
76162961 
75227416 
74262627 
75103477 
72663546 
75711444 
74857240 
75533079 
75674157 
73005856 
75714993 
73759883 
75747003 
73069416 
76566426 
76590873 
73304845 
77366346 
73545429 
75198975 
74196734 
75458270 
76731015 
72835516 
75265736 
73653850 
74505181 
74074540 
75911188 
78387441 
72572584 
76288400 
77757648 
74715241 
75912350 
73074932 
74366391 
72519612 
76574662 
71675676 
76092638 
73335395 
76287708 
76343097 
74100702 
81483270 
72617385 
77322334 
77842713 
74041519 
77961590 
74680264 
76862231 
77824504 
74975458 
77485375 
75735005 
75470284 
76093240 
76645895 
76754392 
75734567 
76638266 
74395498 
75840691 
74731845 
77123687 
76999538 
73775961 
78127549 
72469439 
76285263 
78210552 
80372347 
75187134 
76803827 
79175573 
75332586 
78770118 
79794121 
75301679 
77934561 
72799245 
79101986 
77906271 
75577967 
74861080 
76409273 
76857918 
74569813 
77344426 
77261256 
73962531 
78137848 
74572139 
75136437 
79570161 
74060527 
76269770 
76421774 
76819988 
76337250 
78075850 
75715905 
74215505 
79120406 
73933087 
76655401 
74512902 
73425309 
76516901 
72933290 
77323296 
76086388 
80237421 
76801184 
76342867 
76555484 
74582019 
77224054 
76091558 
77034622 
76755007 
73332606 
76532799 
74045875 
75186605 
77605941 
73727413 
76565552 
73354659 
74594097 
74623623 
77739206 
75414671 
75214860 
77673090 
73508130 
74674587 
72572628 
76958759 
73837074 
72236788 
75456284 
72694774 
74550546 
73626086 
76116632 
75894235 
71455837 
75403374 
72570379 
75981477 
70497810 
76307494 
81373870 
72940315 
75342734 
74850180 
76195104 
75327200 
72745821 
77905799 
74620174 
76749808 
74062876 
77557784 
73447942 
77310133 
76035584 
73850664 
77951555 
75627919 
77873350 
78607260 
75598292 
77109381 
76365174 
76917703 
77329471 
77673163 
79033060 
73835079 
78965876 
73754094 
77432808 
77738856 
74778754 
76853442 
76139457 
76372417 
80553331 
72982442 
77741771 
73950630 
77008173 
79152682 
76260742 
77146494 
74892316 
77561927 
73114148 
75427195 
75364782 
77965980 
75320728 
75579925 
74999137 
74544926 
78464179 
75618695 
75485448 
75864025 
74728972 
77423991 
75875839 
74991910 
76273353 
75979538 
77772612 
74450671 
77592866 
74561764 
75926882 
