104196 
84063 
67983 
67758 
67821 
68238 
52692 
68340 
68070 
68037 
68073 
68073 
68127 
68022 
68037 
68358 
68103 
68040 
68073 
68070 
68043 
68016 
68070 
68076 
68091 
68019 
68040 
68070 
68120 
64 
64 
64 
64 
64 
64 
64 
64 
64 
64 
64 
6424 
68154 
68121 
68175 
68121 
91665 
68196 
68130 
68100 
68127 
68076 
68127 
68100 
68130 
68076 
68154 
68070 
68076 
68106 
68100 
68127 
68076 
68127 
68100 
68130 
68076 
68100 
68088 
30912 
68541 
68322 
68124 
68040 
68073 
68070 
68043 
68037 
68070 
68073 
68070 
68040 
68037 
68070 
68073 
68070 
68079 
68037 
68070 
68073 
67983 
68004 
31958 
68526 
68121 
68100 
68127 
68076 
68109 
68154 
68127 
68076 
68100 
68091 
68076 
68106 
68100 
68127 
68076 
68130 
68100 
68127 
68076 
68100 
68067 
26352 
68352 
68100 
68127 
68076 
68070 
68061 
68109 
68076 
68121 
68067 
68076 
68130 
68154 
68106 
68076 
68130 
68100 
68127 
68076 
68121 
68091 
66159 
48853 
68439 
68100 
68121 
68106 
68097 
68109 
68121 
68106 
68076 
68121 
68067 
68040 
68091 
68100 
68127 
68076 
68163 
68100 
68127 
68076 
68100 
2349224 
68982 
68154 
68025 
68094 
68073 
68163 
68106 
68163 
68133 
68043 
68040 
68073 
68076 
68076 
67989 
67971 
2046951 
110698 
97178 
88965 
83308 
79712 
77245 
75789 
74563 
73618 
69848 
68139 
68277 
68097 
68106 
68121 
82755 
68232 
68154 
68133 
68010 
68127 
68121 
68106 
68070 
68127 
68100 
68127 
68073 
68070 
68100 
68043 
68079 
68022 
68106 
68124 
68076 
68103 
68121 
43017 
68439 
68202 
68043 
68064 
68070 
68073 
68064 
68448 
68415 
68220 
68457 
68367 
68079 
68040 
68157 
67986 
68163 
68256 
68484 
68370 
68019 
68163 
28813 
68040 
67902 
67890 
67713 
68157 
68208 
68064 
68109 
68127 
68097 
68265 
68130 
67980 
68034 
68343 
68100 
68043 
68073 
68067 
68043 
68358 
68094 
25260 
68442 
68040 
68037 
68016 
68070 
68073 
68088 
67986 
68049 
68097 
68127 
68073 
68106 
68124 
68106 
68097 
68127 
68214 
68127 
68082 
68121 
67878 
54542 
68094 
68118 
68037 
68070 
68073 
68073 
68040 
68016 
68316 
68100 
68043 
68076 
68070 
68025 
68034 
68070 
68070 
68061 
67983 
68121 
68064 
33510 
68448 
67977 
67983 
67980 
68067 
67983 
68430 
68364 
68040 
68427 
68388 
68016 
68064 
68364 
68127 
68289 
68217 
68427 
68367 
67986 
68115 
68364 
19235 
64 
64 
64 
64 
64 
64 
64 
64 
64 
64 
68337 
68130 
68067 
68013 
68124 
68112 
68190 
75847 
68361 
67995 
68220 
68055 
68106 
68160 
68118 
68073 
68121 
68067 
68076 
68124 
68100 
68130 
68037 
68031 
68076 
68094 
68061 
68076 
68130 
58896 
68448 
68121 
68391 
68133 
68016 
68181 
68100 
68100 
68130 
68130 
68106 
68145 
67941 
67974 
68256 
68661 
68097 
68253 
69027 
68199 
67977 
68253 
284699 
68565 
68088 
68118 
68190 
68079 
68127 
68376 
68133 
68073 
68319 
68106 
68034 
68241 
68016 
68070 
68076 
68316 
68184 
68148 
68052 
68118 
68064 
23621 
68343 
68109 
68100 
68103 
68124 
68079 
68157 
68178 
68193 
68121 
68211 
68556 
68106 
68130 
68100 
68571 
68238 
68130 
68079 
68190 
68127 
67050 
48441 
68211 
68079 
68130 
68100 
68130 
68067 
68193 
68298 
68052 
68115 
68109 
68073 
68034 
68247 
68157 
68100 
68076 
68130 
67983 
68226 
68223 
37827 
68355 
68142 
68088 
68130 
68280 
68211 
68745 
68229 
68163 
68166 
68364 
68376 
68337 
68172 
68232 
68190 
68070 
68496 
68373 
68691 
67809 
67821 
27694 
68154 
67890 
67821 
68001 
68259 
68160 
68280 
68457 
68610 
68160 
68076 
68130 
68100 
68130 
68181 
68340 
68151 
67986 
68058 
68070 
68328 
68079 
10937 
64 
64 
64 
64 
64 
64 
64 
64 
64 
64 
64 
64 
60984 
68061 
68046 
123399 
68463 
68046 
68076 
68253 
68238 
67992 
68364 
68055 
68421 
68205 
68154 
68079 
68049 
68127 
68043 
68379 
68331 
68301 
67944 
68061 
68268 
68487 
27453 
68457 
68100 
68109 
68121 
68067 
68076 
68106 
68100 
67998 
68061 
68106 
68067 
68121 
68067 
68076 
68097 
68103 
68130 
68271 
68550 
68406 
64350 
52302 
68538 
68046 
68421 
68241 
68664 
68358 
68709 
68229 
68439 
68154 
68136 
68352 
68484 
67971 
68172 
68124 
68076 
68127 
68097 
68127 
68076 
2738666 
80398 
77116 
75527 
74633 
73734 
70705 
76008 
80688 
68943 
96577 
68310 
68070 
68160 
68418 
68250 
68298 
68322 
68034 
68022 
68151 
68034 
68274 
68058 
68379 
68199 
68022 
68310 
68070 
68022 
68121 
68070 
55200 
58690 
68268 
68112 
68043 
68037 
68304 
68196 
68022 
68097 
68070 
68505 
68040 
68043 
68073 
68259 
68211 
68121 
68412 
68037 
68070 
68475 
68043 
29787 
68334 
68070 
68073 
68073 
68043 
68037 
68106 
68076 
67983 
68004 
68100 
68121 
68109 
68706 
68136 
68076 
68130 
68100 
68127 
68076 
68460 
68070 
14867 
64 
64 
64 
64 
64 
64 
64 
64 
64 
64 
21238 
67986 
68067 
68061 
68127 
68076 
81162 
68550 
68124 
68070 
68043 
68154 
68073 
68076 
68070 
68043 
68073 
68046 
68043 
68652 
68076 
68802 
68088 
68130 
68073 
68043 
68016 
68070 
68094 
30726 
68502 
68076 
68121 
68067 
68076 
68127 
68100 
68130 
68076 
68439 
68070 
68073 
68070 
68043 
68352 
68076 
68508 
68022 
68682 
68052 
68043 
68073 
33545 
68289 
68019 
68001 
67983 
68067 
68061 
68124 
68016 
68088 
68040 
68091 
68016 
68172 
68016 
68004 
68016 
68328 
68019 
68037 
68481 
68343 
65796 
50698 
68121 
68106 
68100 
68106 
68076 
68121 
68067 
68076 
68130 
68100 
68127 
68361 
68139 
68076 
68043 
68037 
68070 
68076 
68070 
68043 
68037 
35133 
68508 
68043 
68043 
68016 
68070 
68073 
68070 
68043 
68037 
68073 
68073 
68070 
68043 
68064 
67980 
68103 
68127 
68043 
68016 
68070 
68094 
68070 
29456 
68343 
68070 
68073 
68073 
67986 
68118 
68073 
68073 
68070 
68043 
68016 
68325 
68124 
67986 
68016 
68004 
67983 
68067 
68061 
68067 
68040 
68124 
25827 
68349 
68043 
68022 
68037 
68070 
68073 
68073 
68043 
68037 
68304 
68124 
68007 
68037 
67983 
67980 
68067 
68097 
68070 
68037 
68067 
68064 
68067 
7925 
64 
64 
64 
64 
64 
64 
64 
64 
64 
64 
17334 
68079 
68007 
68016 
68127 
68073 
79755 
68427 
68100 
68127 
68076 
68100 
68070 
68097 
68106 
68121 
68106 
68133 
68106 
68100 
68127 
68076 
68121 
68067 
68076 
68109 
68121 
68106 
68097 
50322 
61823 
68088 
68061 
68070 
68016 
68088 
68064 
68067 
68016 
68064 
68067 
68037 
68070 
68061 
68103 
68040 
68067 
68061 
68070 
68016 
68061 
68067 
28877 
68745 
68394 
68328 
68256 
68181 
68034 
68043 
68034 
68319 
68118 
68061 
68070 
68097 
68106 
68121 
68106 
68076 
68130 
68121 
68109 
68130 
68100 
26135 
68424 
68121 
68067 
68016 
68106 
68121 
68106 
68076 
68121 
68070 
68076 
68160 
68100 
68130 
68076 
68127 
68100 
68127 
68037 
68061 
68070 
68097 
25671 
68337 
68073 
68070 
68043 
68037 
68070 
68073 
68070 
68043 
68016 
68322 
68037 
67986 
68073 
68070 
68040 
68100 
68091 
68073 
68070 
68022 
68037 
31027 
68373 
68061 
68067 
68070 
68073 
68094 
68022 
68118 
68304 
68124 
68043 
68073 
68073 
68043 
68016 
68070 
68073 
68091 
67986 
68016 
68070 
61302 
