7268703 
6327645 
6542001 
4934895 
6212787 
7480627 
6497557 
6175007 
5471611 
6000491 
6130109 
6253326 
6131800 
8224825 
6293450 
6181946 
4749647 
6139632 
10615677 
6515476 
6419493 
6220979 
6235010 
6145449 
4813296 
6135054 
6085167 
6394898 
6201203 
6130218 
8165858 
6191714 
6169557 
6136483 
5067109 
6141253 
6178533 
6130525 
6172899 
8045313 
6153492 
13579656 
6234324 
6212734 
6140773 
6139731 
4831611 
6637608 
6171808 
6166456 
6232355 
6132695 
8016369 
6231514 
6138433 
6287747 
6132769 
7966980 
6154925 
6335742 
6174734 
13080570 
6110327 
6328086 
4831025 
6132170 
7726779 
6416934 
5085210 
6162229 
5978318 
6208484 
7513931 
6473061 
4786966 
6138432 
6208820 
9190038 
6177453 
7795586 
6471565 
4766739 
6421247 
6112232 
6131681 
7424380 
6530349 
6577835 
25473044 
6201018 
6188027 
6167796 
24299048 
6128819 
6191687 
6239804 
6207425 
6532087 
6478272 
6638168 
6322244 
6142872 
5617177 
6140116 
6209886 
6212836 
6350727 
6139406 
4863686 
7546301 
6785584 
6132712 
9332932 
6463885 
6172164 
6237631 
6150067 
6143664 
4791258 
6446184 
6399900 
6349791 
6159939 
6146616 
7988810 
6243760 
6131904 
6206637 
6137372 
4968255 
6140618 
11695310 
6295002 
6140257 
6277771 
6145102 
6170920 
4835263 
7694439 
6397766 
6232352 
6396607 
6250680 
6165906 
4802464 
6181871 
6137752 
7949907 
6267038 
6387891 
6028450 
6134759 
9644515 
6140005 
6843077 
6330834 
6145509 
6175622 
4756290 
4804468 
6581487 
6293955 
6386616 
6232431 
6168258 
4768966 
6142791 
6317278 
6139560 
6170675 
8178873 
5975719 
6146443 
7867347 
6149123 
7901216 
6539086 
6446712 
5981463 
6138397 
6326581 
6137462 
6173980 
5084776 
8817708 
6147146 
5050609 
5963842 
7612632 
6490548 
6189948 
6385786 
9307068 
6138521 
4835502 
6146497 
7985339 
6308186 
6402543 
5983939 
6179898 
6130987 
4823410 
7906422 
6398954 
6254633 
6402380 
6064228 
6138960 
6148478 
6132429 
4861128 
7956927 
9520686 
6168514 
4797645 
6152181 
7763171 
6497326 
6142364 
6200473 
6143096 
6129341 
5081207 
6145589 
7979365 
6286613 
6386007 
6016143 
6138585 
4285592 
6394744 
6157310 
9700789 
6595959 
6223518 
6160637 
6358541 
6151078 
6132147 
4829924 
6413874 
6144334 
6162628 
6437824 
6132578 
8230004 
6143886 
6132017 
5768632 
5258046 
7691491 
6489797 
9394941 
6139314 
6290455 
6311410 
6177194 
6236023 
6141600 
6128433 
4853414 
6130527 
8471707 
6018267 
6336325 
6138698 
6347161 
5877278 
6346093 
7161738 
6149253 
6004064 
6133453 
8442676 
6153482 
7739694 
6406614 
6144289 
6241234 
6154372 
6308034 
6182393 
6131357 
5300104 
6182108 
7942471 
5998666 
6135113 
6130061 
6136544 
4879452 
8007378 
9476717 
6199162 
6207876 
6182623 
6266972 
6435083 
6120055 
6165678 
6194255 
6137955 
4957084 
6277046 
8167786 
6141597 
6170239 
5931695 
5089514 
6137554 
8041879 
6182763 
6391176 
9249333 
6145718 
4866247 
6146908 
7843542 
6382961 
6450230 
6131657 
5972615 
6134039 
6592038 
6365004 
6146405 
6317154 
6088896 
6088113 
5028288 
6131490 
8078968 
6141507 
6178578 
8140396 
6135246 
7853000 
6403243 
6122875 
6142708 
6391592 
6145651 
6194123 
6130346 
5055596 
6130427 
8072358 
6188935 
6493838 
6125301 
5908280 
5954206 
5080297 
6130943 
11359128 
6129498 
6195172 
4893618 
6132116 
7775354 
6400006 
6123503 
6401958 
5888078 
6366072 
6668192 
6438252 
6154819 
6131426 
6417036 
6134794 
6108638 
6126349 
4930134 
6131547 
11645621 
6276838 
6143690 
6076341 
6143052 
4815432 
6131280 
7876490 
6553224 
6123393 
6186595 
5970760 
6141254 
6611974 
6502669 
6149032 
6389393 
5932329 
6104416 
8554924 
8116178 
6308185 
6022538 
6346350 
6086583 
6148975 
4850159 
6135444 
7965116 
6288009 
6595835 
6131540 
6043654 
6140952 
6164556 
6137486 
4887988 
6395348 
6104739 
6163245 
9508808 
6135539 
8174251 
5931682 
6382772 
6075127 
6134869 
6855934 
6182245 
8120282 
6475582 
6332741 
5801116 
4940024 
6134054 
8001710 
6198727 
6154156 
6216852 
6381087 
9182369 
6154449 
5008051 
6137243 
8199804 
6405810 
5783354 
6152379 
5908678 
6130993 
6999659 
6485938 
6088984 
6398171 
5865897 
6137535 
6516209 
6343477 
6168627 
9455943 
6381663 
6121040 
6148045 
4822682 
6136060 
8099027 
6204629 
6343902 
6131585 
5831645 
6376778 
6643456 
6500556 
6062613 
6384490 
5857320 
6137903 
6586812 
6314018 
6141735 
7738311 
6395645 
6244317 
6175731 
7849398 
6498299 
5989924 
6132664 
6238911 
6447275 
6459503 
6152452 
4774335 
6138497 
8106857 
6249726 
6302623 
6130639 
5851825 
6134310 
9464839 
5203598 
6141699 
8440669 
6192762 
5809010 
6134662 
6669824 
6144776 
7914182 
6819725 
5911547 
5794281 
5193968 
6130558 
8055656 
6402268 
6353518 
6021071 
6150220 
9376328 
6146039 
5002163 
6149370 
6350873 
6140414 
8388151 
6188165 
5835952 
6131325 
5931000 
6658671 
6726136 
6180065 
6169368 
25681470 
6019365 
6137560 
28524489 
6535632 
6192792 
5961261 
6142621 
7172685 
6418196 
6184852 
6250645 
6417793 
6083084 
6186319 
6151600 
4852930 
6168190 
8468479 
12317064 
5920301 
6193649 
6043829 
7163182 
6153418 
6463278 
5988203 
7481775 
5219140 
6452612 
6412157 
6133250 
6563973 
6135177 
6086654 
6132406 
8302818 
5899888 
6138871 
9688282 
6147326 
22247403 
8427488 
6140071 
6591768 
5335466 
7871378 
6405942 
5912295 
6152046 
5975661 
6405584 
6623964 
6567343 
5973906 
9116363 
6198570 
4796539 
6455216 
6081742 
6143103 
8090878 
6400956 
5819456 
6140756 
4773388 
6433205 
7971741 
6533259 
5858003 
6131194 
6181111 
6386505 
6094640 
6185617 
6224232 
6152554 
9687350 
4830548 
6405565 
6050046 
6183033 
6155068 
8379999 
5755983 
6136339 
4821654 
6641817 
6203367 
6142712 
6243311 
6173072 
6339984 
6178958 
6273286 
8875960 
5653954 
8202947 
6179345 
7938384 
6440971 
5963724 
6161423 
5785642 
6137577 
7201955 
6354426 
6071707 
6370336 
6024408 
6240445 
7042065 
6241714 
5798454 
6197042 
6129998 
6136241 
9462506 
5159346 
6151560 
6146233 
8438302 
6187499 
6136746 
5680747 
6135781 
6938716 
6564517 
5921747 
6165626 
6230351 
6201903 
4940533 
6132221 
8089802 
6374298 
5814065 
8592866 
5763825 
8011918 
6536830 
5859858 
6142232 
5839571 
6396200 
7020542 
6409984 
6196907 
6132237 
4853508 
6139187 
8085413 
6522447 
5691999 
6133125 
6216669 
6130349 
7902619 
6304468 
6153251 
6367867 
6142179 
6139406 
8493462 
5767810 
6400435 
5604380 
6380523 
5224238 
8193466 
6007186 
6131400 
6212477 
6389080 
6085210 
6141148 
4810674 
6131523 
11482108 
5905064 
6392941 
5623403 
6245266 
6115602 
5363297 
8133593 
6382475 
5895385 
6408432 
5709081 
6133969 
7357765 
6336785 
5734830 
6433339 
6012765 
6146731 
4890008 
9391256 
8377623 
5897175 
6399472 
5590393 
5228813 
6135054 
8256886 
5901981 
6143471 
6776142 
6134511 
6081961 
6138815 
6163357 
6174176 
4882966 
6138177 
12016467 
8893639 
6163104 
5548234 
6156369 
8309221 
6435585 
5563838 
6130791 
5645112 
6137633 
7463660 
6521389 
5291312 
6135558 
7757910 
5832233 
6146328 
6219585 
6149733 
6138210 
7105862 
8852971 
6174861 
4827207 
6172706 
7879492 
6531738 
5895846 
6167174 
5644177 
6131935 
7354159 
6658218 
5746011 
6400761 
5530478 
6130881 
7514650 
5642443 
6173311 
5349721 
6244786 
11532479 
6346874 
5568420 
6133784 
4749431 
6144031 
8164040 
6532076 
5594049 
6153529 
6437479 
6167661 
4773988 
6395822 
8404649 
6222303 
5574276 
6131210 
5671546 
9633499 
6394458 
7472419 
6170057 
5511883 
6132182 
6343333 
6132587 
4819516 
6356143 
8475567 
6425761 
5538951 
6130481 
5688351 
6135560 
7721210 
6273952 
5556199 
6141114 
5619527 
6129499 
9581984 
7790375 
6170400 
5512507 
6138557 
4796495 
6153296 
7953705 
6797030 
5519250 
6131772 
6484345 
6143449 
4837566 
6132353 
8069695 
6681470 
5557025 
6130462 
5559884 
6139395 
11010774 
6071055 
6135967 
5533095 
6134198 
7412123 
6329860 
5632645 
6130720 
6309897 
6441373 
6336258 
6134919 
4884255 
6144152 
8394738 
6466489 
5449394 
6132452 
5532370 
10679138 
6510778 
5676928 
6391571 
5505764 
6169648 
7474496 
6389508 
5016009 
6141201 
8013296 
6456026 
5452112 
6135482 
6239106 
6131337 
4829556 
6136980 
8800094 
6219640 
8676446 
6282667 
6148939 
4774870 
6402885 
8478663 
6184369 
5472529 
6137605 
5608300 
6131726 
7652632 
6654999 
5460341 
6140766 
6696845 
6433214 
5583709 
6131327 
6489928 
6170064 
9330093 
6156413 
7152538 
5510134 
6147118 
6268261 
6183715 
6264932 
6145701 
7260262 
6139766 
5821732 
6393537 
5665733 
6138720 
7483146 
6315640 
5573705 
6131712 
5622619 
6390637 
9453282 
6135836 
7713083 
5510764 
6150942 
6140034 
7149272 
5555474 
6143286 
5500842 
6419266 
7331858 
6519260 
5703200 
6135551 
5478282 
6138112 
7402015 
6593518 
5681179 
6382681 
9994510 
5643153 
6167610 
6263626 
6148691 
6134945 
5061152 
8444420 
6303394 
5641027 
6151460 
6130685 
6978589 
5981981 
6140881 
5407212 
6132335 
7535811 
6392672 
8762875 
6430014 
6074214 
6178979 
6143757 
6133630 
7390493 
5481704 
6145844 
6320005 
6396261 
6131424 
7301802 
5502303 
6140046 
6131168 
4992869 
8320093 
6334595 
5457827 
6132642 
10213795 
6347592 
5920163 
14973055 
5517409 
