9595436 
9570938 
9558033 
9554404 
9541132 
9523722 
9522277 
9507542 
9504168 
9489336 
9487964 
9481689 
9453875 
9450030 
9446870 
9434655 
9431187 
9422160 
9416689 
9401810 
9396111 
9348027 
9333218 
9326345 
9312149 
9310203 
9291526 
9256044 
9251416 
9228286 
9219701 
9189713 
9189015 
9171046 
9157269 
9113051 
9107342 
9100372 
9038644 
9037295 
9028613 
9014320 
8983853 
8980838 
8962403 
8946487 
8927420 
8917572 
8910699 
8893395 
8881439 
8874618 
8868935 
8856831 
8841580 
8841062 
8840251 
8827356 
8819885 
8813920 
8806981 
8804024 
8796603 
8796521 
8790909 
8787207 
8774154 
8766526 
8763386 
8756759 
8754523 
8752295 
8752147 
8751160 
8744378 
8742248 
8740900 
8735421 
8732836 
8726588 
8724040 
8713405 
8707945 
8707274 
8705988 
8704099 
8701564 
8698306 
8695204 
8690153 
8685951 
8685589 
8683259 
8682428 
8681881 
8678732 
8678247 
8673335 
8670874 
8669593 
8667680 
8666894 
8655419 
8655068 
8654508 
8652989 
8645940 
8643169 
8642563 
8640471 
8640390 
8637952 
8635145 
8633383 
8632194 
8627441 
8626878 
8626523 
8624982 
8623914 
8622934 
8618186 
8618123 
8617359 
8615666 
8615632 
8613561 
8609236 
8607587 
8606873 
8604963 
8604189 
8602039 
8601736 
8599695 
8598343 
8597977 
8597967 
8597408 
8597400 
8596969 
8595813 
8594355 
8593160 
8591154 
8591090 
8590606 
8590325 
8589632 
8588579 
8587588 
8587526 
8587187 
8586509 
8585308 
8585231 
8584204 
8583963 
8583320 
8583018 
8581785 
8580626 
8577453 
8577340 
8576336 
8576287 
8575235 
8570597 
8570273 
8569921 
8567796 
8567601 
8567337 
8567297 
8565086 
8564034 
8563483 
8561586 
8561238 
8560359 
8558945 
8558791 
8556821 
8556618 
8556440 
8552259 
8550608 
8549551 
8548683 
8545658 
8543517 
8541157 
8539974 
8533095 
8531042 
8526292 
8525699 
8523634 
8521934 
8519733 
8519719 
8518065 
8518011 
8517038 
8516962 
8515516 
8514312 
8514103 
8513926 
8512943 
8512568 
8512079 
8509345 
8507190 
8506701 
8504079 
8502342 
8501393 
8500453 
8499795 
8498887 
8498777 
8498633 
8498404 
8496787 
8493015 
8492810 
8492291 
8487845 
8487154 
8486705 
8486649 
8485324 
8481317 
8481156 
8478876 
8477711 
8477119 
8475383 
8475100 
8472522 
8470166 
8468804 
8467985 
8467930 
8467709 
8466914 
8466402 
8466146 
8461631 
8461500 
8459515 
8458414 
8456328 
8454042 
8451577 
8448315 
8447753 
8446957 
8444288 
8443254 
8442364 
8440112 
8439819 
8439625 
8439608 
8438819 
8438673 
8434545 
8431675 
8424268 
8423566 
8417271 
8415915 
8412950 
8412897 
8412563 
8412486 
8410700 
8405669 
8405518 
8403784 
8399846 
8398971 
8398786 
8398163 
8396911 
8396333 
8392473 
8391780 
8391543 
8389695 
8389027 
8387721 
8386665 
8386215 
8383151 
8381194 
8381013 
8379639 
8379571 
8375918 
8375173 
8375127 
8374426 
8373653 
8373639 
8371343 
8369851 
8369418 
8368601 
8367006 
8366574 
8364672 
8364672 
8361095 
8361026 
8359939 
8359814 
8358132 
8357103 
8353351 
8351864 
8351301 
8350326 
8347434 
8346986 
8346494 
8345646 
8344616 
8343788 
8343720 
8343623 
8343361 
8343152 
8342529 
8342374 
8341412 
8340963 
8340919 
8340769 
8340479 
8340359 
8339065 
8338593 
8338149 
8338043 
8337982 
8337278 
8336717 
8336629 
8336391 
8335949 
8335475 
8335369 
8334841 
8334033 
8333909 
8333899 
8333621 
8333584 
8333166 
8332701 
8332104 
8332100 
8331635 
8331171 
8330119 
8328422 
8327797 
8327197 
8327144 
8326946 
8326821 
8325659 
8325597 
8325375 
8324440 
8323921 
8323777 
8323679 
8322154 
8319618 
8319581 
8319525 
8318911 
8318446 
8317098 
8316917 
8316610 
8316339 
8315770 
8315487 
8315196 
8314607 
8314526 
8314228 
8313968 
8312500 
8311637 
8311522 
8310244 
8309899 
8309515 
8309510 
8309325 
8309113 
8308689 
8308611 
8307973 
8306791 
8306774 
8306706 
8306611 
8306535 
8306522 
8306464 
8305990 
8305754 
8305507 
8305202 
8305145 
8305129 
8305016 
8304841 
8304741 
8304621 
8304591 
8304437 
8303675 
8303207 
8302870 
8302421 
8302074 
8301871 
8300964 
8300106 
8300080 
8300066 
8299673 
8299438 
8298203 
8297711 
8296879 
8296685 
8296146 
8295793 
8295436 
8295101 
8294782 
8294753 
8294042 
8294007 
8293850 
8293803 
8293701 
8292625 
8292277 
8291775 
8291710 
8291274 
8291103 
8290689 
8289850 
8287944 
8287329 
8287307 
8286807 
8286181 
8286137 
8286034 
8285789 
8285300 
8284079 
8283725 
8283689 
8283210 
8283075 
8282861 
8282797 
8282700 
8282454 
8282372 
8281672 
8280808 
8279947 
8279319 
8279044 
8278892 
8278100 
8277973 
8275552 
8275130 
8274018 
8273624 
8272093 
8268350 
8265108 
8264188 
8262749 
8262621 
8261831 
8261073 
8260873 
8259931 
8259054 
8257655 
8255364 
8254642 
8251099 
8250634 
8249392 
8246354 
8245949 
8244683 
8244058 
8243870 
8243744 
8243577 
8243428 
8241837 
8241736 
8235380 
8235264 
8234558 
8233033 
8229254 
8229009 
8225905 
8221162 
8218342 
8210706 
8208670 
8205222 
8204801 
8202064 
8199056 
8198338 
8197203 
8196544 
8190221 
8184454 
8182146 
8182142 
8181910 
8181404 
8179110 
8176304 
8173421 
8173053 
8166379 
8164448 
8160970 
8153203 
8152846 
8152500 
8149695 
8147512 
8146288 
8143623 
8140982 
8139659 
8132856 
8132220 
8131479 
8129961 
8125127 
8123990 
8112281 
8100932 
8100888 
8100708 
8096998 
8080988 
8072870 
8071502 
8069159 
8064432 
8056279 
8055244 
8049579 
8037036 
8028883 
8028479 
8021053 
8012433 
8010553 
8007974 
8007400 
8004763 
7999501 
7997211 
7994656 
7967819 
7959500 
7950505 
7942887 
7941837 
7929729 
7901021 
