59568 
59568 
59568 
59568 
59568 
59564 
59556 
59544 
59540 
59540 
59540 
59540 
59540 
59540 
59540 
59540 
59540 
59540 
59540 
59540 
59540 
59540 
59540 
59540 
59540 
59540 
59540 
59540 
59540 
59540 
59540 
59540 
59540 
59540 
59540 
59540 
59540 
59540 
59540 
59540 
59540 
59540 
59536 
59536 
59536 
59536 
59536 
59536 
59536 
59536 
59536 
59536 
59536 
59536 
59536 
59536 
59536 
59536 
59536 
59536 
59536 
59536 
59536 
59536 
59536 
59536 
59536 
59536 
59536 
59536 
59536 
59536 
59536 
59536 
59536 
59536 
59536 
59536 
59536 
59536 
59536 
59536 
59536 
59536 
59536 
59536 
59536 
59536 
59536 
59536 
59536 
59536 
59536 
59536 
59536 
59536 
59536 
59536 
59536 
59536 
59536 
59536 
59536 
59536 
59536 
59536 
59536 
59536 
59536 
59536 
59536 
59536 
59536 
59536 
59536 
59536 
59536 
59536 
59536 
59536 
59536 
59536 
59536 
59536 
59536 
59536 
59536 
59536 
59536 
59536 
59536 
59536 
59536 
59536 
59536 
59536 
59536 
59536 
59536 
59536 
59536 
59536 
59536 
59536 
59536 
59536 
59536 
59536 
59536 
59536 
59536 
59536 
59536 
59536 
59536 
59536 
59536 
59536 
59536 
59536 
59536 
59536 
59536 
59536 
59536 
59536 
59536 
59536 
59536 
59536 
59536 
59536 
59536 
59536 
59536 
59536 
59536 
59536 
59536 
59536 
59536 
59536 
59536 
59536 
59536 
59536 
59536 
59536 
59536 
59536 
59536 
59536 
59536 
59536 
59536 
59536 
59536 
59536 
59536 
59536 
59536 
59536 
59536 
59536 
59536 
59536 
59536 
59536 
59536 
59536 
59536 
59536 
59536 
59536 
59536 
59536 
59536 
59536 
59536 
59536 
59536 
59536 
59536 
59536 
59536 
59536 
59536 
59536 
59536 
59536 
59536 
59536 
59536 
59536 
59536 
59536 
59536 
59536 
59532 
59532 
59532 
59532 
59532 
59532 
59532 
59532 
59532 
59532 
59532 
59532 
59532 
59532 
59532 
59532 
59532 
59532 
59532 
59532 
59532 
59532 
59532 
59532 
59532 
59532 
59532 
59532 
59532 
59532 
59532 
59532 
59532 
59532 
59532 
59532 
59532 
59532 
59532 
59532 
59532 
59532 
59532 
59532 
59532 
59532 
59532 
59532 
59532 
59532 
59532 
59532 
59532 
59532 
59532 
59532 
59532 
59532 
59532 
59532 
59532 
59532 
59532 
59532 
59532 
59532 
59532 
59532 
59532 
59532 
59532 
59532 
59532 
59532 
59532 
59532 
59532 
59532 
59532 
59532 
59532 
59532 
59532 
59532 
59532 
59532 
59532 
59532 
59532 
59532 
59532 
59532 
59532 
59532 
59532 
59532 
59532 
59532 
59532 
59532 
59532 
59532 
59532 
59532 
59532 
59532 
59532 
59532 
59532 
59532 
59532 
59532 
59532 
59532 
59532 
59532 
59532 
59532 
59532 
59532 
59532 
59532 
59532 
59532 
59532 
59532 
59532 
59532 
59532 
59532 
59532 
59532 
59532 
59532 
59532 
59532 
59532 
59532 
59532 
59532 
59532 
59532 
59532 
59532 
59532 
59532 
59532 
59532 
59532 
59532 
59532 
59532 
59532 
59532 
59532 
59532 
59532 
59532 
59532 
59532 
59532 
59532 
59532 
59532 
59532 
59532 
59532 
59532 
59532 
59532 
59532 
59532 
59532 
59530 
59524 
59520 
59520 
59520 
59520 
59520 
59520 
59520 
59520 
59520 
59520 
59520 
59520 
59520 
59520 
59520 
59520 
59520 
59520 
59520 
59516 
59516 
58617 
58192 
58108 
57388 
57272 
57268 
57224 
57208 
57204 
57204 
57196 
57196 
57172 
57164 
57156 
57152 
57148 
57144 
57144 
57144 
57144 
57144 
57144 
57140 
57140 
57140 
57140 
57140 
57140 
57140 
57140 
57136 
57132 
57128 
57124 
57120 
57120 
57116 
57116 
57096 
57096 
57088 
57088 
57084 
57056 
57056 
57056 
57056 
57056 
57056 
57056 
57056 
57056 
57056 
57056 
57056 
57056 
57056 
57056 
57056 
57056 
57056 
57056 
57056 
57056 
57056 
57056 
57056 
57056 
57056 
57056 
57056 
57056 
57056 
57056 
57056 
57056 
57056 
57056 
57056 
57056 
57056 
57056 
57056 
57056 
57056 
57056 
57056 
57056 
57056 
57056 
57056 
57056 
57056 
57056 
57056 
57056 
57056 
57056 
57056 
57056 
57056 
57056 
57056 
57056 
57056 
57056 
57056 
57056 
57056 
57056 
57056 
57056 
57056 
57056 
57056 
57056 
57056 
57056 
57056 
57056 
57056 
57056 
57056 
57056 
57056 
57056 
57056 
57056 
57056 
57056 
57056 
57056 
57056 
57056 
57056 
57056 
57056 
57056 
57056 
57056 
57056 
57056 
57056 
57056 
57052 
57052 
57052 
57052 
57052 
57052 
57052 
57052 
57052 
57052 
57052 
57052 
57052 
57052 
57052 
57052 
57052 
57052 
57052 
57052 
57052 
