77352349 
70520109 
58479080 
61265544 
59122157 
63621984 
60190164 
60609832 
58671920 
62825483 
58518700 
58621358 
61766052 
59362793 
62261414 
59154689 
61723271 
60299892 
61606205 
60676538 
62296302 
57206513 
62360932 
60202254 
58246882 
63543673 
57765266 
61800443 
58933722 
61977514 
59902732 
63092521 
59127034 
60607971 
58904719 
62189370 
60438285 
58654216 
62217027 
60561320 
61886618 
64035624 
61058946 
58456080 
62638433 
58965393 
61939967 
58704408 
64509507 
58608029 
57268321 
94473021 
62350644 
58019088 
63275140 
77826797 
77206465 
59871920 
62252273 
59262480 
62690940 
58386534 
64214367 
59346190 
59148210 
65388747 
59480006 
61619890 
57911052 
63739094 
59808640 
61265476 
61580213 
62090837 
58050327 
63990867 
58142900 
62486938 
61206438 
60167940 
61201210 
61591636 
62339238 
58655433 
63933003 
62755842 
60394125 
61663895 
62829084 
59621204 
63064518 
64304046 
60564253 
59459641 
64139908 
59460492 
60796959 
61076280 
62415460 
62869743 
61345783 
63009981 
60670132 
63272165 
61359202 
63430694 
60201785 
62901655 
58610320 
64290572 
58250360 
63283489 
60564283 
60123303 
61049273 
62081297 
62081440 
58621475 
64459971 
59477785 
63551519 
59853781 
62264246 
60457894 
62685588 
60275051 
60813020 
61563616 
63436515 
57917364 
62504177 
62836733 
58666140 
63154999 
59240846 
66011623 
59480735 
62699653 
59400395 
61745590 
97209866 
68156736 
64710838 
60843526 
62236584 
61923338 
100844153 
59337841 
63274325 
59165164 
59975494 
62896331 
59187740 
60907496 
60715494 
62378306 
59767759 
60822734 
58949149 
62112723 
58901444 
59845754 
60255056 
59287251 
61754805 
59292290 
60527436 
59056725 
61925072 
58884264 
61245148 
59706119 
58865211 
61598871 
59265293 
62274748 
58925960 
61645715 
58640347 
62160230 
60112270 
60638072 
57777143 
62850187 
58576814 
59967165 
62540077 
58986509 
60840127 
60487993 
61408407 
59622071 
66518316 
58115073 
61275390 
59346299 
61275636 
59138816 
62015873 
60363819 
58828749 
61486288 
59359536 
61873832 
59113971 
63525080 
60987821 
61155318 
59383951 
63283210 
58077651 
63634495 
59266128 
61111783 
59292694 
60932994 
60529808 
59707532 
62452691 
61869326 
61039507 
59795016 
62983118 
61407593 
61516414 
61859261 
61709322 
61917077 
63928584 
58676587 
65387121 
59072921 
60884781 
64819780 
61419592 
60913814 
62501832 
61205073 
60658397 
64721420 
60599182 
63606912 
60805386 
65764994 
59622074 
64692663 
61001938 
64772577 
59403491 
63507833 
59680029 
61206852 
63097269 
61996278 
63521230 
58721903 
64729448 
60698620 
61255357 
62584200 
63402080 
58912170 
63715991 
62686411 
61911211 
63710836 
61929895 
60820927 
60821398 
62840695 
60417237 
63369187 
60907320 
63459575 
61014341 
63475242 
61267370 
63148927 
60324942 
63584882 
60501102 
63740049 
60606476 
60222245 
63183928 
60999695 
61517107 
62327874 
62475719 
59464148 
64597414 
60495778 
62077847 
62445303 
68302522 
61186766 
62228249 
62566566 
63743545 
60267585 
63881750 
60947950 
63322075 
61499214 
64512345 
60166587 
61287362 
63984218 
61751500 
61955048 
62776871 
61500411 
63125819 
63264925 
59512956 
63652759 
60994320 
64132620 
60486929 
65085777 
58674705 
64842568 
60909183 
62077240 
65422548 
61650638 
61543833 
63052283 
58820895 
59316943 
64597691 
59888207 
64126763 
59123392 
63475031 
60240996 
64056358 
59104657 
63908221 
58192804 
63542293 
58685077 
62669721 
59405434 
64906183 
60575568 
58416287 
63379760 
58574694 
60682051 
61115250 
60732186 
59386107 
61874497 
58143280 
62785110 
58672991 
62700613 
60248103 
57959946 
61999482 
60198044 
61987289 
58661274 
63480761 
59779865 
62438561 
58917890 
62139541 
59352660 
62449668 
57625520 
61195817 
60771612 
60465109 
62022162 
59256135 
61029674 
60673852 
61802555 
57970301 
62253212 
59036051 
62093466 
58026956 
64272625 
59685127 
60374277 
60947543 
58709533 
63161825 
58319816 
62138500 
58493284 
61878040 
63300041 
61158833 
58110965 
62672586 
58508634 
63669765 
58548614 
59274249 
60497665 
59430940 
61886872 
59263822 
61437553 
60752823 
60531788 
59643656 
63703213 
57284054 
59406838 
62255410 
59308175 
62495045 
58879228 
62097852 
58718428 
61520415 
59472775 
61005903 
58534957 
62112663 
60355525 
58167832 
63225097 
57380339 
60918065 
58864951 
63463350 
57181148 
61164393 
58412223 
61942641 
59543557 
56884010 
61708834 
58515430 
61369030 
58891294 
61394850 
59865518 
62476722 
60331247 
61109838 
63671662 
61998272 
61136376 
62840182 
58592309 
57777393 
63125206 
59278794 
60134711 
60819421 
62230436 
57850489 
63997139 
59086800 
61851161 
57816252 
61408028 
62333775 
58627413 
61412936 
55893575 
59826407 
61755755 
62572505 
58440595 
64121052 
60230059 
61527597 
61954964 
62821381 
58502058 
59868850 
64332446 
61107443 
62804269 
59840088 
61559845 
61666044 
63061351 
61091291 
60781897 
62238926 
63440974 
59222177 
59578693 
65434059 
56005561 
61479574 
59175684 
60469315 
61159088 
66932913 
57821459 
64092673 
58813420 
61035497 
60836741 
61980663 
58475886 
59438381 
61893919 
59167077 
59654805 
60853977 
61604267 
57863685 
64099209 
58326794 
60934200 
60410986 
62641670 
57730225 
59484191 
62010098 
57674627 
61794959 
59432968 
61196069 
59288885 
61778915 
57774620 
62201206 
59413855 
55080481 
59271879 
55336669 
58914293 
55952285 
58541278 
56112745 
59374561 
54210264 
57172248 
58635624 
56598888 
58643890 
54260920 
60455343 
53643549 
57134820 
58351959 
55384945 
60286355 
55999237 
64075056 
55961985 
59536911 
54884335 
56097662 
59843650 
55519461 
58755852 
55480751 
57938404 
57956819 
57080039 
56846073 
55628275 
59409319 
55989206 
59617161 
58793192 
63143259 
62507951 
62471710 
60372754 
63091757 
59564358 
66877211 
59457435 
64243580 
59001387 
62300990 
61552645 
60225261 
64907097 
59086295 
62550094 
55050911 
57998619 
58403130 
60749921 
58233950 
58091011 
62809636 
58063022 
61687838 
62055785 
59404543 
56605159 
62526227 
58118836 
62494774 
59814807 
62370559 
60507717 
64845605 
60075617 
59694180 
63871745 
59937302 
61393019 
59932679 
63294486 
60342029 
61716396 
61621212 
61820428 
60297152 
63038763 
59842683 
62890223 
60759234 
64215023 
58857470 
64168590 
57567408 
60214062 
62276675 
61143725 
60898690 
61694436 
61277968 
62731472 
62689541 
61644707 
61164272 
60625512 
62951093 
59503151 
62243868 
60256099 
62442283 
57698455 
63257330 
57633046 
61280243 
61022389 
60776469 
60345665 
61675148 
60621891 
59563897 
62383869 
62450452 
61806285 
63041985 
67913935 
60417733 
63960588 
59511024 
64898672 
61025476 
62004428 
62267062 
61044607 
61414001 
63014509 
63602695 
60123300 
63584914 
63281812 
64163268 
62340739 
63721723 
59056012 
65371874 
60073851 
63274320 
60028675 
60798013 
61290133 
62994235 
58346367 
64213958 
59518704 
58925324 
61368663 
61650462 
62818101 
58531378 
64162381 
59897404 
62416633 
59816552 
65056674 
60768014 
61583333 
62121985 
62054691 
62478703 
61713509 
60461544 
66391450 
58178246 
62588613 
61834140 
66753936 
62333593 
59229554 
64431522 
61423028 
63546270 
59877221 
67262690 
60394654 
63263029 
58691355 
64626405 
58351614 
62836389 
60931813 
61338701 
60868004 
59242016 
62720763 
61397552 
62143983 
59277923 
62512135 
59216043 
61584483 
61253288 
62927557 
59021890 
61720213 
60673572 
61327058 
59888815 
58815487 
63423701 
58191608 
63082149 
59472381 
61220856 
60298637 
61608080 
59672384 
61066641 
59575626 
61963246 
59408807 
60646622 
61549943 
60509864 
61404636 
61856152 
61655276 
63525719 
59976503 
60676065 
61848104 
60037019 
62871991 
58542799 
62651534 
58873246 
62988452 
58237896 
60536544 
61742318 
58330693 
60516692 
61867843 
61615149 
59393595 
61689033 
59692258 
60569621 
61802669 
62658019 
59533212 
64012297 
59210689 
63766401 
60966208 
59660812 
62567862 
62084218 
61899464 
60893067 
63558677 
60797156 
65676739 
61977399 
62444997 
60815186 
64581422 
58629598 
63630795 
61839951 
62854420 
60607756 
62066298 
63001576 
60373769 
62688297 
60621479 
62858658 
65776968 
62521381 
60856939 
65076992 
61858182 
63636096 
61239402 
63662489 
61005022 
63385967 
61309176 
63875443 
60685724 
63179721 
60989199 
63666882 
60419299 
60901570 
62777705 
61985570 
63802442 
60306159 
63193751 
61356732 
63212238 
61008801 
64038916 
60214986 
63817192 
61120062 
63621706 
60391777 
61373120 
61918039 
61804576 
59682189 
61052091 
61471002 
60159077 
61847887 
60448476 
62341136 
60314938 
64255043 
63237774 
63050043 
59579811 
62559319 
57143814 
60327268 
57056403 
62504239 
64618161 
61241715 
58729774 
56144963 
64197090 
59357246 
62921175 
59957370 
61367911 
58613251 
62544138 
59814733 
66235681 
59205969 
59658028 
62605703 
59995512 
62487549 
58491937 
64445493 
57252283 
64578690 
59363881 
62473651 
60399701 
62779115 
60316584 
58292031 
64651080 
58389012 
64155415 
60915469 
62475319 
60387295 
61273407 
60659124 
64542323 
59530725 
63786745 
60057962 
63452688 
59059015 
64576053 
60936261 
60468517 
64017578 
59456373 
63504777 
60866592 
69200367 
61028261 
62922535 
64625215 
61401217 
62648597 
62905489 
59698186 
65101790 
60542273 
64198548 
59353266 
63601915 
58896914 
66155627 
60227328 
62479752 
62227539 
60385944 
63190832 
64071502 
62673086 
61040838 
66548646 
59951506 
61220789 
62719405 
62870728 
62110030 
63266149 
61514395 
64085640 
60896385 
64367014 
60107455 
64329843 
59806932 
63417443 
60278312 
61974761 
63276378 
58816116 
64101766 
61016688 
62731299 
61092695 
64061651 
61405518 
62781344 
61602605 
68870460 
60979974 
62752912 
60488954 
64541269 
60593384 
65197403 
59708687 
63315015 
60683429 
60068052 
63044813 
61712627 
63842488 
60805749 
63034467 
60191049 
62926989 
60249190 
64284253 
58992372 
62804202 
59162325 
63336548 
57894916 
63173642 
59086290 
60152970 
62917429 
60103988 
63577764 
60359966 
65790616 
60166866 
62421519 
61558257 
63513534 
59426881 
64215789 
60739704 
62738975 
60718893 
64389334 
