17641995 
18614586 
9870071 
11078803 
12629488 
11265231 
10209227 
10058539 
13038924 
10563560 
10152802 
13739084 
9945909 
13233167 
10242594 
10634477 
10633625 
10986285 
11102759 
10723581 
9399972 
12927549 
10501287 
12638009 
12675043 
10630742 
10986380 
10160621 
11957241 
10352487 
10292288 
13073371 
8899646 
15875027 
10713694 
10716495 
9732316 
11189970 
13483580 
12826186 
9973098 
13924806 
10493610 
10832820 
14715664 
10129075 
9659307 
10527153 
13100682 
10436173 
10436847 
12264685 
10358866 
10743664 
12514244 
13598249 
9472517 
12989481 
10195361 
10244498 
10822519 
12558965 
10102269 
10075849 
12176441 
10716695 
10111485 
15305150 
10400493 
11059313 
10837302 
10668784 
10731891 
10339482 
12994738 
10393938 
10458950 
12242805 
10642858 
12572604 
12281347 
11038942 
10711971 
10685881 
10859787 
9898988 
13164184 
10012215 
10587961 
12573827 
13442236 
9065460 
12659247 
11098187 
10532191 
10878515 
10846645 
11626605 
10368957 
10883611 
9701999 
12759603 
14266671 
10505628 
10788680 
10246625 
10520341 
12604083 
10891517 
10340389 
11708249 
10166560 
9453374 
15942227 
12676754 
11737114 
10411320 
10916891 
11011633 
10926563 
11351857 
10629029 
9718853 
13294627 
14848561 
9957846 
11719131 
10240275 
9271585 
12747848 
11179313 
10703612 
10690887 
10947884 
9867495 
13067756 
13299106 
9232036 
13084637 
10142064 
10870699 
9630517 
22411544 
19301164 
9369935 
16259004 
10044837 
10843909 
9782272 
9526271 
11294279 
10820577 
11061381 
10223909 
13341619 
10181956 
10515165 
15346886 
10214734 
11580818 
10804017 
10998787 
10580992 
10875878 
11037553 
10479911 
13181878 
9614479 
12983088 
14644892 
10543367 
11062064 
11172764 
11980407 
10176847 
10355494 
11050671 
17291585 
10296566 
11426181 
13122820 
10835918 
10923220 
10688035 
12128502 
10441989 
11364868 
12177209 
10167402 
11740564 
10796701 
10531556 
15412169 
10271340 
11438805 
10661983 
10617600 
10662982 
13008229 
10187151 
10441634 
12632003 
10261415 
14111932 
11468685 
10347880 
10671088 
11709208 
10533512 
11178580 
10270523 
12866258 
9946240 
11835808 
10260279 
13924261 
11802648 
10446088 
10719548 
11697642 
10643716 
10888322 
10649456 
12458810 
10075460 
11455040 
13629285 
10752070 
12145219 
10301304 
10132730 
12840750 
10434783 
10440632 
10900578 
12561908 
10236575 
15044374 
10232436 
10683970 
10837781 
12332146 
9998395 
10202066 
12539908 
10790698 
10970317 
9771034 
12147321 
14860509 
10323368 
10636097 
11943251 
10027171 
12378231 
12400470 
10125060 
11951868 
10293618 
10752567 
14682889 
10273905 
10905906 
10603513 
12011631 
9932325 
12433223 
9956578 
11018531 
15575095 
10169837 
10719277 
13869819 
11258226 
10843770 
10908173 
10764554 
12213735 
10552388 
11901465 
9996635 
11055344 
11477154 
14028340 
11817407 
9854897 
11788054 
10389453 
10793463 
10275998 
12474722 
10203193 
10994251 
11770725 
10136770 
14909711 
27832191 
11816343 
10740090 
9996516 
12060754 
10681235 
10758076 
11544818 
11803700 
12307729 
10068908 
10706439 
12890994 
10659947 
10870245 
12161180 
10224415 
10373940 
12490272 
10082522 
10247510 
12118500 
10099528 
10661159 
12062238 
10303829 
11114895 
12195787 
10134778 
10522515 
12539764 
10215711 
14635763 
10374015 
9926929 
10856232 
13060901 
10041226 
10508894 
12671426 
9956344 
11094198 
10907847 
13955802 
11884587 
9971148 
10854860 
11029990 
10893342 
12353662 
10111288 
10732502 
11118701 
12296295 
10431323 
14242347 
10459469 
10938396 
10922556 
10888198 
10817461 
12537164 
10194907 
9954235 
13064209 
11541325 
15118207 
9870150 
10795014 
11968537 
11777758 
9736098 
13027029 
10457875 
11074562 
10844957 
10714948 
12573048 
13114987 
10655551 
10741333 
12183649 
10190259 
11059640 
12022160 
10206774 
10634584 
12439322 
11005253 
13098307 
11901533 
9877500 
12147630 
9836967 
11875692 
10369710 
11644477 
10519863 
11068807 
11070657 
10779660 
13988061 
12250757 
10028969 
9708111 
13231711 
10046826 
11451915 
11557566 
10705644 
9804295 
10988654 
15148902 
10723608 
10382341 
12946435 
9661348 
10997841 
12012495 
10625578 
10029343 
12929046 
9919013 
11007854 
13935811 
10760963 
10620579 
12396939 
9668520 
12293637 
10134922 
11045535 
10758775 
12305686 
10145546 
13626620 
12780838 
10367730 
10274097 
9869439 
13487622 
9694868 
12224971 
10103572 
11916531 
10116983 
11882263 
13770382 
10297474 
10803230 
10628980 
12279040 
10162179 
11252906 
14804749 
12736779 
11082071 
9981428 
12125853 
13611955 
9363417 
10461400 
11283111 
10094698 
9738569 
12525614 
9429206 
10424786 
11543573 
9669111 
11548431 
13242879 
10856235 
10790657 
10678771 
12811611 
9973891 
10932886 
10666268 
12622516 
10015833 
11035310 
13801238 
12363572 
10212002 
10841652 
10754199 
10523617 
12978669 
9696308 
10887617 
12399653 
10117902 
11959062 
13131628 
11690779 
10067736 
11600293 
10373512 
10868475 
10524521 
11518609 
11032099 
13319126 
10356486 
12505959 
11834969 
9614278 
11352037 
10153834 
10764364 
11153915 
12106564 
10085336 
11804887 
10013658 
11689004 
13361063 
10705898 
11673099 
9892051 
10752270 
10604858 
12732398 
9688597 
12291183 
9951980 
10968594 
14906973 
10008670 
10259860 
9787869 
10003205 
10838462 
9670034 
12593220 
9794636 
10891285 
10982185 
12166775 
13799224 
9884970 
10918859 
27098414 
25175713 
10271414 
10607692 
11322555 
10711059 
12792359 
12827431 
10983695 
10654025 
12489438 
10195757 
12546050 
9831366 
11856724 
10173227 
10915291 
11433483 
15099380 
10451156 
10227877 
12384571 
9606701 
11099516 
11283658 
28578735 
10681821 
11426936 
14744406 
10060409 
10889020 
11183221 
11159709 
13060693 
9899777 
12219076 
10739560 
10840407 
10761070 
15455811 
10507036 
10775466 
12881816 
9923037 
11189770 
12475014 
9966225 
11474118 
10617169 
12292451 
12926342 
10869031 
11115630 
12501400 
10184756 
11255231 
12300356 
9461080 
11236949 
12002130 
9788031 
14264409 
11826975 
10176875 
10747145 
10680017 
10648510 
12979275 
9539290 
12514421 
9859114 
10871541 
10887251 
15525223 
9526227 
11739093 
10083467 
10889051 
10893360 
12418738 
9817558 
10637396 
11003950 
12350018 
9580630 
15191208 
10098994 
10595608 
11067191 
10518059 
13164005 
9280044 
12234268 
9932223 
10692542 
12394312 
13834750 
9735694 
10970526 
11802266 
10383182 
10848145 
10668602 
10745777 
12756824 
10896070 
9454812 
12008860 
12605166 
10715741 
11729193 
9339813 
10337461 
10677272 
10534596 
11902521 
9069731 
10394918 
10416495 
10536142 
14221496 
10833966 
10527947 
12010666 
9674052 
10663312 
11308858 
12119115 
9535524 
10859967 
12496772 
11062677 
12496562 
10470673 
12754496 
10911332 
10857133 
9393423 
11171159 
10709354 
12661004 
10731432 
9965171 
13996859 
12361077 
15865969 
11569651 
10972759 
10671813 
9693084 
10964890 
12763757 
11139271 
9505545 
14289625 
10741340 
12529567 
9209930 
10972714 
10705034 
12654779 
9405699 
11461880 
10557386 
12515819 
9611558 
15266626 
10943643 
11104492 
10769882 
11079365 
10938496 
10967215 
11630693 
9767189 
10622645 
12703865 
10927414 
14434828 
10768260 
9404108 
12627797 
10719208 
15583975 
11221025 
10841900 
10965240 
10688347 
9481722 
13424831 
10704522 
13003067 
10609040 
9439243 
11449048 
11159457 
10783174 
13011321 
10573447 
11166027 
10751759 
14066492 
9425371 
11092019 
12539465 
10800202 
9667460 
10958276 
10221672 
10879356 
10842601 
10007356 
14815848 
10709475 
9969135 
11252333 
12538650 
11092236 
9705702 
12355515 
11510315 
11043013 
10252666 
10892594 
13077155 
12671184 
10671245 
11280992 
10712169 
10841455 
9875622 
11072254 
13169254 
10718869 
10313566 
14649308 
10905425 
9469539 
12571199 
11195156 
10967190 
9964736 
12759963 
11160194 
10946879 
9778244 
10750660 
16194715 
10603770 
10280067 
10749773 
10189285 
10942856 
13030466 
11089216 
9745539 
11520533 
12485889 
13454844 
10446725 
12224327 
11227658 
10701863 
10703005 
9704884 
12874871 
10828965 
9363947 
16357148 
15004482 
10744841 
11070956 
10537977 
9617671 
12591808 
11308652 
10882881 
10993405 
11041836 
9525997 
11208419 
14538684 
12391314 
10520734 
11093631 
11018278 
12290315 
12607858 
10776904 
10840613 
10035754 
10732039 
14822758 
10162585 
11518093 
28130935 
30250604 
10708736 
15599998 
11255913 
12783129 
10651533 
10835493 
12963006 
10951425 
10838816 
9749812 
12705710 
11191789 
10745444 
10481032 
10044814 
15768886 
10875810 
10504909 
11564230 
11310074 
11114037 
10826857 
10025446 
12725513 
11027158 
10707342 
14544519 
11318942 
28245941 
35985053 
12129153 
10841696 
10821277 
14134069 
9833863 
12703677 
10877031 
10706046 
11451824 
10148137 
13485134 
10688841 
10881684 
9713066 
13059865 
14087136 
9258096 
12295617 
11764857 
10388927 
10730033 
10913300 
10733434 
11198351 
12358279 
11228767 
11298624 
12852192 
12532538 
10936527 
11184726 
9577855 
13137552 
10903595 
11148272 
10697561 
11035935 
9830051 
16138781 
10302508 
9281057 
12391878 
11348747 
10978105 
11929155 
11083454 
11532259 
10799924 
9570958 
12880883 
14031869 
10783101 
9599449 
12819014 
11268938 
9627614 
12582517 
10993350 
11416201 
9910934 
10503330 
14210951 
12860743 
10887358 
10500818 
11548388 
11402399 
10983828 
9584562 
12753666 
10792445 
11124233 
14096458 
9980314 
9978877 
12953644 
10781904 
9413736 
13150975 
10650999 
11119550 
9343580 
9726547 
10941821 
14169712 
10390259 
9847935 
13057162 
10452236 
9517874 
13105549 
11010892 
10986929 
10950364 
9623485 
10906437 
16210666 
10580877 
9882329 
10937192 
10004485 
12846865 
9789922 
12343701 
11386262 
10897229 
9562117 
14193802 
12658643 
10423785 
9902514 
11006989 
10326772 
13596884 
10504839 
11198312 
10962907 
9472190 
12929798 
13890832 
10843510 
9650477 
17530748 
10542030 
10966219 
10063848 
12642074 
11228567 
10177860 
10433587 
14835588 
10607882 
9362464 
12662960 
