48614070 
47666509 
44954638 
47891473 
42625670 
46081606 
46833287 
43402915 
45914300 
48055692 
44706654 
46645616 
46002825 
45375643 
48058784 
43808241 
45087732 
47539088 
43767424 
43870455 
47137015 
44972500 
44697357 
49566680 
44790426 
44630263 
47222894 
45396997 
43799957 
47528546 
44846673 
44085674 
46715515 
43244345 
48771379 
44424820 
44284908 
48163708 
43203907 
44810395 
47490734 
43396898 
44417796 
52720753 
44675104 
43510338 
47357917 
42497561 
46620611 
47002303 
44532636 
43461715 
46584925 
46127870 
44280830 
45640388 
44745903 
46104421 
44646210 
44014890 
46966776 
43073186 
44386991 
46889592 
45030967 
44427576 
46013682 
44882452 
77348353 
43276441 
45565683 
46241559 
46277501 
44026755 
66352387 
61270813 
49305655 
45109803 
45238987 
46727479 
45232241 
45186364 
47023730 
45894006 
43985303 
45892378 
41463074 
40166228 
44199758 
42147108 
41254864 
43531446 
40344351 
41850807 
43469666 
41226667 
42205704 
43964481 
39690342 
41298865 
42993180 
42355255 
40692219 
45263515 
40752751 
40568713 
43221675 
41653063 
40540072 
45348594 
40081731 
41139460 
48368503 
42103234 
41494124 
44429300 
39955120 
41124659 
41055070 
45900099 
42734161 
41981790 
43564351 
43468734 
40591456 
45680336 
43974034 
42076951 
44331716 
45421364 
48969080 
40143971 
43312330 
44147992 
46493378 
44509778 
48116465 
43668978 
44416648 
46603923 
45029114 
42837364 
46435504 
44371271 
45716055 
45247670 
44270761 
42446476 
46386166 
44880332 
43144616 
46859019 
43124154 
45740728 
45362312 
44863924 
42544856 
47799344 
42450984 
45294190 
44872412 
45487941 
44236111 
45742974 
43566710 
52019675 
41569088 
43605046 
46575437 
43059962 
45470408 
47165778 
60776061 
44515662 
46777712 
45122761 
49106131 
42561434 
47059033 
46376927 
43480918 
50281125 
46402957 
46298021 
42814028 
46956567 
44686146 
48248222 
47498398 
43166903 
47729978 
44202974 
44238786 
48104037 
42360443 
44337160 
46872250 
45085998 
43305337 
47038024 
44521936 
45931289 
46923877 
42962372 
45317548 
46725641 
42882746 
45289615 
47382479 
45159506 
44107801 
47077159 
44111790 
44153835 
46646246 
44201095 
42358417 
46360117 
43872010 
48292168 
43642840 
44296366 
46710874 
43333904 
42638922 
46707750 
43756553 
43514339 
47931053 
42949594 
44938959 
48299782 
48431927 
45708145 
46014254 
43236080 
45045337 
45171096 
44197823 
86056203 
63678029 
48041702 
43623767 
43608370 
44563534 
44979031 
43651370 
85240859 
46211848 
49390734 
44269768 
43817258 
46560918 
44273973 
43476880 
45273811 
45341703 
44585312 
45630038 
45881793 
44004057 
47002152 
44161197 
43679678 
45622664 
45580079 
47839419 
49515553 
44171324 
47212931 
41595675 
45351409 
47181396 
43447746 
46572173 
46061349 
41336696 
40572686 
45965379 
44885658 
41464920 
46357317 
44571956 
42912765 
47418208 
43522605 
43825796 
45281345 
45494858 
44032509 
45083627 
44992306 
44143153 
47511288 
44231941 
46106072 
43816768 
44843947 
45865947 
43567982 
43914569 
47090334 
43808576 
43069284 
46622725 
43155393 
44683231 
46793596 
42882638 
43822162 
46559351 
43975762 
43262686 
46866044 
43281882 
43481731 
47358650 
49045575 
42800907 
45769469 
44654865 
43109593 
47685530 
45036447 
43410854 
46469427 
43547981 
46845222 
43509775 
45619392 
45861009 
44013436 
42777937 
47667227 
41891687 
42640297 
47452203 
41808086 
43776470 
45723877 
41818585 
42964009 
46799071 
43364077 
43010419 
45114477 
43193897 
42888704 
46304506 
43724199 
43723958 
45356377 
40014771 
40204143 
45300541 
39833497 
41510503 
45263039 
43490408 
41969055 
46799859 
42002293 
43246596 
46733432 
43628861 
42854330 
40164664 
42499361 
42465484 
42645934 
46829233 
42094781 
45864859 
42592003 
42217951 
46747709 
42564932 
44228825 
46428358 
41632829 
42954154 
46304529 
42943846 
43211036 
45495813 
41054835 
42684015 
47162118 
46367772 
43232864 
45623955 
41582928 
42729297 
46012691 
42243086 
43511125 
45661370 
42727377 
43227287 
45575024 
43615469 
41414369 
47099125 
41393574 
44129172 
49169060 
43525278 
41681930 
47031662 
40495790 
42687140 
42535320 
45498087 
42596419 
45963003 
42402045 
41980569 
41119144 
44386880 
41274807 
46590303 
42027081 
42874099 
41156475 
45900776 
42612084 
42384530 
45804919 
42855661 
42763744 
46586371 
42041600 
42963111 
45637063 
45540496 
45472020 
46643494 
41361735 
44150465 
40149282 
42311322 
42659049 
42741502 
39782626 
40986980 
46106147 
40365753 
42994749 
45923529 
42183163 
44732874 
46140991 
41156296 
47599160 
42763250 
43434391 
43918378 
46079738 
41828569 
44780493 
48057330 
44711376 
45128596 
43116885 
43487085 
45656956 
43100110 
43734764 
47230515 
42661912 
43098129 
45382711 
43381927 
43310735 
45910359 
42626284 
43433484 
45748834 
41366476 
44980415 
45840835 
43323801 
43813491 
44738941 
45095379 
44193916 
44967232 
43729857 
45650847 
45215326 
44367717 
44177957 
45915778 
43988891 
45373359 
46313252 
42911678 
45093147 
44723546 
45697658 
43661817 
46583016 
44265120 
44026208 
46756119 
44197108 
47680541 
43169619 
44530181 
44553468 
44621018 
41903991 
46515953 
43584619 
45806148 
45583533 
45614139 
45782744 
44531903 
45013111 
43713705 
47147235 
42099396 
44728063 
45514586 
44038886 
45159300 
46511934 
44158773 
48276792 
46244889 
43751577 
43919250 
45820425 
43730526 
43030420 
46253811 
41583039 
44848420 
45726379 
43368328 
43364094 
46453833 
42590049 
43680002 
45678641 
40855752 
44974949 
43934487 
44551336 
43391660 
45824086 
41420609 
43491144 
45917275 
43824244 
43054231 
45258564 
43525647 
43162996 
44755037 
43587572 
41970691 
46503232 
42095624 
42594083 
44079802 
43605302 
42140876 
46987175 
41819941 
44959679 
45192257 
43531666 
43335305 
46578778 
43738533 
46823482 
42650682 
43713909 
45109656 
45664487 
44105811 
45947104 
43547441 
42320429 
47768815 
44588000 
41911175 
47746590 
42514350 
45069576 
46869604 
43210005 
44354658 
46724758 
43557362 
44215773 
45734863 
43256894 
49883829 
47340141 
43119823 
43759788 
46397458 
43447406 
44798930 
47651346 
44484047 
43679570 
45936347 
44573501 
43222118 
47931741 
44225737 
46185822 
44613761 
43057439 
46533447 
43225823 
44321957 
46926895 
42412373 
46433179 
45702563 
44486502 
44855278 
46358562 
43777525 
44378944 
46985617 
43220367 
43856386 
45657917 
44096946 
44286535 
46249975 
44777204 
42725080 
48283767 
42874832 
45057775 
45636988 
44267831 
47005827 
44140337 
43901426 
49076181 
42305107 
45109989 
45595838 
43277522 
44052019 
47407457 
43679393 
44117976 
46698995 
43036552 
44954932 
45944882 
43456167 
43871710 
46648723 
43736867 
43415904 
47541858 
43821886 
44464009 
45845992 
49423597 
44098061 
45524924 
44934168 
43785959 
47137381 
42778294 
45052051 
45562798 
43468489 
44006272 
46341479 
44882026 
54321325 
43212329 
45609983 
45165603 
44872211 
43306920 
46636267 
43668577 
44719300 
48433506 
42640701 
44292836 
46866345 
45314096 
42723950 
46698785 
45553501 
42962052 
47926383 
44159552 
42358855 
48228642 
42368437 
43585096 
46981353 
44534762 
47218087 
45026994 
43853244 
44617106 
44448683 
42458977 
45562606 
42941405 
43024198 
47774902 
40933256 
44612430 
44856022 
42486851 
43146241 
47549952 
41166374 
43234008 
46334459 
43424230 
42623781 
47876080 
42932005 
41611707 
47550565 
41455190 
40874604 
44396296 
42324668 
42593754 
47923358 
45877745 
44557686 
43908137 
42400718 
43966016 
44197982 
43118205 
44825671 
45730596 
42133898 
43701227 
46246925 
43131650 
43463749 
46243747 
43339438 
43661725 
45796846 
43534773 
44029743 
46367059 
43221480 
43784541 
46505507 
42586318 
41682654 
49487510 
43287015 
42890606 
47121553 
44247115 
44746531 
47233892 
44668483 
45415481 
45548032 
46603210 
40990993 
48563224 
43444270 
48324211 
43365492 
44253972 
46973047 
43614992 
44247610 
47356827 
41581677 
45373559 
47239850 
43733800 
42388550 
48476596 
44529806 
43385275 
43977813 
41243185 
42174376 
46346247 
45563982 
41721425 
48599070 
43432027 
44366007 
44684504 
44548771 
43241483 
48052954 
42463234 
48797133 
48445025 
42520045 
47791517 
43509408 
44770333 
48372840 
43612586 
42933667 
47565172 
42101647 
45155621 
49947365 
43502814 
43612923 
46210060 
42743878 
44661409 
46167166 
43540952 
41702551 
45403717 
45474078 
44139258 
46203496 
43736310 
41377398 
48401820 
41489718 
44963378 
44577613 
44086163 
45013316 
44686318 
43721009 
44295531 
46904780 
43404822 
44325043 
46144389 
44221262 
47252746 
42943959 
43269855 
44271826 
44752921 
43005272 
46229945 
42358054 
42240969 
41260601 
47355270 
43302221 
43464520 
45401992 
42928068 
45327613 
42253752 
43197851 
41786310 
45516803 
43480394 
43432823 
44625900 
42603107 
46531081 
41677781 
43816021 
42525883 
44507041 
42290580 
47311123 
44416920 
43323028 
41981471 
45179996 
43356724 
41397067 
44726175 
42819821 
44463879 
44532356 
41957743 
45885291 
42005968 
42067919 
40914993 
45104591 
43220326 
41547583 
47693167 
41901636 
41751749 
46482542 
41875719 
43655970 
47626685 
42586228 
44946884 
41295429 
43653485 
46015416 
41797320 
43360343 
46587915 
41256754 
42523857 
43162639 
42480341 
41894208 
45928537 
43127734 
43241500 
44661366 
42399611 
43085068 
47077715 
42387237 
43388111 
46507530 
42912827 
44350515 
47835306 
45345205 
44378571 
46733092 
44243868 
43606099 
46554125 
45246502 
42413956 
46101942 
43687001 
43568703 
47534274 
43516425 
43061669 
46270477 
43818925 
43604215 
47008233 
44060944 
50629506 
43249300 
44944947 
46857112 
42956868 
45163943 
45171101 
43719630 
46117937 
45302839 
43559777 
43730339 
46383375 
41259529 
41222448 
45969070 
43504419 
45591180 
46571218 
42497692 
44095654 
46895664 
44194583 
42102611 
46060656 
43201647 
42762459 
47855656 
41721819 
42388635 
46514078 
40028952 
41119569 
46559808 
41426777 
44484332 
46184821 
43550532 
42748217 
45888058 
43687048 
42836979 
46699625 
45385072 
42403591 
46493234 
43807948 
47468874 
44391348 
43975434 
