10452371 
12249552 
8943058 
11166899 
9356017 
9890395 
9749056 
10988597 
9022573 
9078238 
15034172 
10166172 
10168704 
11126381 
9453496 
9629383 
9968070 
10913774 
9851959 
8847642 
11312406 
9247225 
12999928 
10196491 
11455492 
9487394 
9917224 
11308569 
9126468 
10483257 
9328626 
9729795 
10087920 
9694767 
11010722 
12259609 
9383710 
10131530 
12366247 
9068154 
8983608 
12067549 
9121951 
9725278 
8939347 
11800208 
9010760 
13114692 
10893529 
9922880 
10180467 
9704102 
11073891 
9222685 
9258319 
9820443 
12082110 
8856624 
8943604 
11874293 
12424644 
10161812 
10111200 
11514599 
9199126 
8862377 
12099376 
9418918 
9776992 
9782170 
11055786 
9000189 
12063519 
11977502 
9617790 
10625729 
10323780 
9863715 
9801062 
11410268 
8909960 
9983104 
9669983 
9759269 
11202784 
12178997 
10003663 
10226569 
10130888 
11373738 
8926225 
11119602 
9026138 
9759114 
10359139 
9685816 
9868308 
14194617 
9226660 
9406907 
10182185 
12291586 
8875660 
10657533 
9444431 
9857565 
9733817 
10912468 
9001968 
10770344 
12643295 
9674361 
10385585 
10089947 
9914290 
11342307 
8919415 
10139513 
9779855 
9981427 
11388129 
9113447 
9742260 
14149821 
9346346 
10280791 
10005537 
9800833 
11369073 
9178126 
9913407 
8769064 
12182877 
8680881 
10534850 
12416541 
10106220 
10087566 
11641868 
9190638 
9743886 
9779229 
9464747 
16999867 
9031365 
10042483 
10924403 
8930014 
12830673 
10243602 
11477405 
9183821 
10065407 
8806479 
12391830 
8753308 
10599235 
10284162 
8688401 
9958928 
13777022 
9363793 
10304323 
10407150 
9848733 
11358444 
8580370 
15149965 
10045203 
11030189 
8851407 
9812988 
9724819 
13279510 
11620519 
9067571 
11153014 
9121070 
10648356 
10446270 
8682645 
10887252 
9018963 
10682984 
10000649 
9751300 
13205972 
9558605 
10124218 
9891921 
9814146 
11235705 
10368559 
8619318 
11068699 
8854182 
10068926 
31283433 
13485366 
9358961 
10645743 
12534273 
9466679 
10017889 
10839582 
8842018 
9830035 
9742972 
13485583 
9697588 
10521134 
10018033 
10082951 
11216702 
8821991 
10112063 
11188520 
8655439 
9799427 
10756050 
10332255 
13209908 
10073080 
10532691 
9485818 
11768215 
8914939 
11434218 
9221504 
9747654 
9873313 
9716951 
11305120 
11881501 
10166680 
10213967 
10204762 
10182194 
11443663 
9157578 
9852069 
11019540 
8769307 
10112438 
9722332 
9858696 
13516125 
10294433 
10156777 
10118945 
11594959 
8730802 
10065652 
9861085 
11251194 
8708990 
10093605 
9694808 
9722106 
13196249 
11545364 
10428796 
8880046 
11388675 
10415095 
10302286 
9753934 
9633059 
11519984 
8721665 
9984192 
12675342 
10047927 
11947297 
9431764 
9859411 
9788379 
11577027 
9233229 
9702824 
9521771 
9645441 
11337709 
8951774 
12991324 
10050989 
10167263 
11983963 
10177477 
10081830 
9895565 
9635096 
8599050 
11676418 
8523384 
10574951 
9391236 
28096893 
24924957 
9681146 
10545864 
10039404 
11786074 
8814497 
11131504 
11874306 
15397799 
9131617 
10236230 
9968048 
9889131 
10953603 
10170671 
10968835 
8926465 
9159438 
11761886 
8772439 
10014936 
14271290 
9266150 
10983853 
9571567 
9864884 
25216462 
8858222 
14661611 
10324840 
12772944 
9117680 
11197248 
9327122 
10269078 
10017520 
11487725 
8933914 
9947727 
9769829 
9721884 
9766206 
12306741 
8754981 
13078396 
12001523 
9218679 
11231982 
10287240 
8505122 
11176402 
9208471 
9789912 
9937391 
9762263 
12085047 
9856450 
11675391 
11536875 
9609076 
9872861 
9806791 
11294439 
8880984 
9846151 
8352580 
10218269 
8432831 
10979818 
12042942 
10047035 
11474988 
9286603 
10053670 
9675161 
9844272 
11408930 
8637346 
9939763 
9788486 
9767997 
11258935 
12697673 
9237109 
10258703 
10933832 
10125642 
9539686 
11408513 
8778298 
8980479 
10418679 
9775542 
8628724 
11129798 
9259828 
11025629 
9260058 
9840535 
9821640 
10020994 
11571140 
8555969 
9734997 
11013510 
9920719 
9933070 
13267093 
8648754 
10408875 
10252914 
10266169 
11627866 
8979035 
9762629 
9948684 
9739671 
11504126 
8475996 
9992415 
13221524 
11612588 
10567627 
10050205 
9814047 
10094631 
8612857 
11587606 
9818180 
9740487 
8451613 
10342399 
12729283 
11844767 
8569018 
9907863 
9894107 
11753423 
14225008 
10389319 
10004295 
11258821 
9534483 
9794039 
9471367 
14460024 
8892732 
10050012 
11574251 
10447293 
10230724 
10088244 
8493274 
9880223 
11797179 
10085084 
9753440 
17692170 
9330113 
10737793 
10099729 
10134738 
9766453 
11736589 
10098227 
9886968 
9987206 
9753500 
9792493 
11630591 
10206733 
10121098 
11981840 
9952613 
8489048 
9940775 
11630534 
10671104 
9911552 
8553796 
9727634 
9780640 
14793497 
10254934 
10353987 
10121401 
9997490 
21693791 
9822799 
15490974 
10210700 
9645491 
9806307 
15850439 
10693047 
10819456 
10502348 
10507539 
11657027 
10390962 
9663188 
9632185 
8665227 
11580227 
8355344 
13101904 
10360014 
11683217 
10520669 
9918584 
9737403 
10135566 
8703506 
9906012 
9735453 
11700870 
8778379 
11547481 
13256900 
10109840 
8788707 
10159953 
10310945 
11820758 
10336873 
8401215 
10098399 
9718658 
11775313 
9828587 
11575605 
11754293 
10446799 
10112468 
10043046 
9990141 
9791071 
10098308 
8442535 
9720813 
9855474 
11824228 
9707634 
12904543 
10307288 
9469668 
9864535 
9819769 
10101236 
9960168 
11651179 
9778402 
9709905 
8649654 
9656668 
14546554 
10310223 
8688025 
10164200 
11699583 
9847618 
9907666 
10247588 
9769037 
8370445 
11703176 
9780248 
9834672 
12908212 
8843656 
10106208 
12401800 
9699329 
9693362 
8579861 
12307828 
9759149 
10487573 
10004059 
10014327 
9915413 
13030079 
10321663 
10335218 
10341765 
9794160 
9922528 
8855331 
11595977 
10018928 
9511565 
8569716 
12141271 
13475914 
9870064 
9651473 
9410328 
11776635 
9841994 
9620937 
8774904 
9830103 
12096189 
9552654 
8968395 
11031391 
12921965 
9083445 
10014349 
12065525 
9979155 
11021106 
9935089 
9872966 
9743899 
8577463 
9997947 
11876905 
9634341 
13042881 
10637767 
10224922 
10006217 
8471804 
11732404 
10056924 
9855687 
9762089 
8400726 
9848379 
9900285 
9798315 
14902422 
10383034 
10179398 
10120382 
8907810 
11706375 
10016225 
9695638 
9674876 
8550492 
12136898 
9697079 
12724405 
9931417 
9327553 
12400693 
9634873 
8432020 
11544021 
10296660 
9735958 
9817336 
8639429 
11453715 
9928282 
12000899 
9314843 
12351084 
10490392 
9720068 
8562394 
11620203 
9986557 
10047749 
9599771 
10045905 
9971109 
12944361 
10098756 
8737493 
12282598 
9817439 
9902373 
9864050 
9511785 
9743314 
9403364 
11662810 
9555376 
9193889 
11202604 
10505324 
10083166 
10335770 
8517921 
9978514 
9761663 
12167642 
9636732 
9582916 
10186595 
9195388 
9132472 
15033366 
11138517 
11710877 
9853445 
9970431 
8550364 
11735925 
10137307 
9482140 
8455222 
11619435 
9906582 
13080137 
10031526 
9030466 
10281032 
12135506 
9635696 
9663618 
9033560 
9669606 
11822348 
9681770 
10057980 
9743609 
13185116 
10279849 
10403753 
10075484 
9931495 
8708972 
10228705 
10029002 
11783055 
9346018 
8448162 
10045571 
10042020 
12918637 
12329474 
10044917 
15584159 
10156389 
9315952 
12016526 
9609974 
9450687 
9772703 
10824376 
9576103 
11647088 
9935060 
11825720 
10207392 
10199629 
9373641 
9041531 
16656929 
9887093 
9837147 
8543899 
9714256 
14921167 
10143579 
8675998 
10233559 
11619883 
9869088 
10217372 
9759002 
8401949 
11271933 
8963404 
9740440 
10279719 
12961604 
10275989 
10160888 
10151148 
8657124 
12039716 
10050756 
9327571 
9464846 
10914044 
9590941 
9368609 
25383815 
10492810 
20984096 
10482597 
11174518 
10037332 
9955118 
10025949 
8806039 
14073561 
12047780 
8688628 
11734775 
10323769 
10109240 
9849785 
8671806 
11931833 
9544955 
9527882 
8833879 
11831359 
9869424 
12931723 
8968301 
11998074 
9972679 
8861079 
11884262 
9982080 
9801774 
9961300 
9747146 
9750621 
8594841 
15394166 
9502593 
8932381 
12008502 
9959315 
9997709 
9925886 
9804747 
8445121 
10041389 
10376834 
9645511 
11977179 
12635901 
10176672 
10219563 
10147374 
8644769 
12283040 
9490670 
8436491 
11367093 
10177642 
9788300 
9357244 
8782678 
15173653 
9915284 
9687040 
9401378 
12151975 
9488636 
10101125 
9460340 
9736909 
11964888 
9728707 
9571156 
12993184 
8804899 
12502691 
9832767 
9859188 
9472022 
10958064 
9455082 
9298817 
10043416 
9230142 
12413961 
10018010 
11735571 
12282627 
10096037 
9477014 
9805861 
10830600 
9892798 
10188758 
9687959 
9775862 
8434892 
12079286 
12739295 
8711728 
12021303 
10021061 
9898469 
9889319 
10012770 
8578906 
11857298 
9619228 
9819395 
8323365 
11527590 
13261378 
9749195 
8935509 
10136061 
12335429 
9115460 
10808145 
9631665 
8648521 
9963199 
9705153 
12154226 
9407781 
12351576 
10178991 
12629350 
9404580 
9900676 
10709588 
9542190 
8467299 
11535929 
10481112 
9091226 
8446081 
15288113 
9729767 
10314986 
10190621 
9819020 
8463053 
12531278 
9349699 
9207763 
9773440 
11247532 
9569512 
9720129 
12433707 
12419275 
9736004 
9248767 
9304218 
12123233 
9875900 
9832738 
9798986 
9881720 
8450165 
12333264 
12391809 
8554876 
12179980 
10546064 
9898590 
9714985 
8778109 
12010348 
9492557 
9100682 
11436797 
9141299 
9861902 
13257236 
11073375 
9583029 
9669857 
10121903 
11253855 
9390133 
8459796 
11652196 
10372429 
9098092 
8421989 
14983693 
9821130 
10338981 
10366399 
9992955 
8672749 
12354312 
9137084 
8885402 
9784043 
10050231 
12155876 
9127259 
12310567 
11651887 
9519212 
9898589 
9870539 
8850247 
12438537 
9247801 
9241529 
9027509 
12311901 
9142945 
12949758 
8757689 
10348807 
10356202 
12265147 
9131853 
9247274 
11570054 
9645433 
