256668 
213717 
238308 
235020 
235052 
235076 
235076 
232428 
251756 
245216 
245216 
245248 
245248 
245380 
218028 
246472 
245204 
245220 
245264 
245276 
225994 
237916 
235080 
235068 
235080 
244960 
6010108 
260632 
235032 
235084 
235036 
229529 
236684 
235048 
235040 
235116 
235092 
218905 
230658 
225900 
225837 
225681 
225681 
225789 
199192 
229329 
225720 
225654 
243012 
235100 
235036 
210078 
236552 
235032 
235032 
235648 
235008 
215850 
240048 
234936 
235096 
252372 
245384 
245368 
218577 
246276 
245308 
245296 
245316 
245240 
95648 
64 
245400 
244844 
235100 
261222 
251660 
245232 
245188 
245312 
245320 
245272 
23300 
163094 
245420 
245264 
273308 
237468 
237496 
235952 
235524 
235188 
220165 
250984 
245208 
245612 
245348 
245240 
245972 
243846 
245340 
245196 
245368 
245552 
245468 
233747 
255448 
245260 
245292 
245240 
245328 
227883 
247884 
245324 
245428 
245256 
245292 
225688 
256244 
235084 
235092 
235380 
235372 
235256 
1158617 
279984 
265613 
256683 
250593 
298673 
253320 
241093 
235164 
235064 
235032 
237992 
240212 
235036 
235112 
235124 
235100 
235064 
217642 
237152 
250280 
245296 
245280 
245256 
227476 
249248 
245344 
245240 
245280 
245212 
224078 
251036 
255864 
256360 
256388 
256324 
237354 
262696 
256296 
256352 
256384 
256308 
223924 
109395 
255904 
245172 
245280 
245336 
244872 
246588 
245240 
245188 
245540 
245264 
247523 
258852 
256288 
256304 
256344 
256312 
239721 
668498 
257232 
256304 
266239 
249880 
245224 
245284 
245396 
246000 
227557 
251264 
245176 
245212 
245244 
260916 
659992 
262992 
256264 
257160 
507037 
263112 
256292 
256456 
256420 
260548 
236404 
224280 
245340 
245252 
245320 
245304 
241614 
248532 
245240 
245216 
245320 
247412 
214268 
240136 
234968 
235080 
234984 
235204 
235164 
208943 
236940 
235024 
235088 
235016 
238355 
223627 
240104 
235000 
235204 
235112 
235120 
235036 
208676 
237056 
234984 
234992 
235184 
235056 
241576 
251060 
245172 
245272 
245256 
245232 
245244 
219161 
245532 
245212 
245288 
245284 
251888 
568566 
247148 
245280 
245236 
276096 
251772 
245136 
245268 
245364 
245300 
245220 
220774 
246324 
235100 
235084 
235032 
235036 
222037 
238492 
234956 
250416 
245320 
245320 
225121 
251084 
245248 
245216 
245288 
245324 
245284 
218620 
246196 
255660 
256412 
256396 
256372 
239594 
257684 
256220 
256348 
256436 
256352 
238806 
257572 
256276 
254672 
245264 
245328 
197687 
264196 
256328 
256356 
256256 
18227237 
234384 
225762 
225693 
225711 
491246 
228591 
225669 
225681 
225777 
225726 
225681 
198088 
227205 
225684 
225645 
225672 
225726 
225795 
208724 
225876 
225768 
225780 
225642 
225735 
186869 
64 
41176 
225873 
225711 
225675 
231925 
230781 
241230 
235012 
235048 
235096 
235096 
209364 
237232 
234996 
235092 
235108 
235088 
215364 
240948 
250016 
245300 
245248 
245292 
245264 
218690 
246460 
245228 
245284 
245312 
245292 
226991 
248116 
265092 
256320 
256356 
256296 
236392 
259276 
256308 
256308 
256312 
256380 
236371 
263820 
258004 
245236 
245260 
245204 
901437 
273958 
246964 
248608 
235028 
235076 
235064 
210305 
239628 
235020 
235016 
235040 
235116 
235040 
210272 
236420 
239111 
225705 
234706 
235080 
176472 
64 
64 
64 
117101 
235256 
261631 
239168 
235064 
235068 
235060 
249408 
245236 
216549 
246052 
245236 
245188 
245244 
245260 
227865 
247724 
245268 
245272 
245288 
246124 
233615 
249468 
245260 
245312 
245276 
245248 
4354029 
255948 
235180 
262529 
228483 
225903 
225726 
225696 
225732 
225819 
198069 
227139 
225846 
225759 
225777 
225735 
225813 
204075 
225993 
225723 
240552 
235140 
235152 
219052 
239764 
235084 
235440 
235144 
235124 
235120 
211083 
236496 
235092 
249748 
245420 
245344 
158878 
253352 
245304 
245636 
245356 
245544 
233507 
246680 
245180 
249684 
235148 
235152 
477384 
238312 
235096 
235264 
235260 
235068 
235660 
207276 
236264 
235088 
241650 
235858 
235340 
220605 
239008 
235100 
236744 
236356 
237224 
235984 
223803 
235968 
235176 
235336 
245820 
245488 
231040 
248912 
245200 
245492 
245520 
245672 
231387 
245632 
245372 
245252 
253356 
235008 
363777 
247116 
245268 
245228 
245556 
236523 
251064 
245236 
245380 
245208 
245220 
245236 
222398 
235876 
235076 
235052 
235096 
235004 
219226 
239032 
235196 
235120 
235236 
235492 
245348 
286569 
226197 
225723 
242652 
235864 
235068 
213926 
237060 
235076 
235144 
234980 
236276 
221637 
240532 
234940 
235312 
250772 
245268 
245236 
221520 
253096 
245232 
245284 
245460 
245288 
76658 
253156 
245288 
245800 
235080 
243909 
250912 
245420 
246016 
245356 
245284 
245308 
221925 
245760 
245216 
245612 
245624 
245788 
230654 
236796 
245312 
245340 
245284 
245196 
229239 
250240 
246252 
245272 
245308 
245324 
226273 
251000 
245248 
249792 
235564 
235620 
235364 
211687 
255344 
246120 
245448 
247476 
246316 
237200 
252156 
245924 
246168 
246384 
245196 
230145 
255636 
238972 
236456 
235600 
235468 
2664706 
252612 
246068 
246392 
245356 
245480 
239824 
249996 
246304 
245484 
245300 
245224 
238418 
241712 
236656 
235112 
235360 
235836 
236372 
212121 
237400 
235224 
248288 
245356 
239385 
289036 
313449 
278596 
254332 
280673 
283371 
309542 
331431 
281722 
388943 
286980 
239672 
305919 
239512 
265494 
523991 
291625 
245532 
245172 
245272 
245236 
224647 
249980 
245204 
245192 
245240 
260376 
267128 
254964 
235024 
235088 
252232 
276460 
482130 
251532 
245212 
245324 
245312 
245280 
239761 
245956 
245228 
259784 
256484 
256300 
241482 
257236 
256288 
256384 
256380 
256372 
239653 
257100 
256284 
261328 
245272 
245300 
43680 
144227 
245320 
245228 
260572 
263159 
260528 
256324 
256340 
256324 
256328 
235723 
260356 
256292 
256340 
256304 
260868 
223188 
248936 
245240 
245240 
245308 
245192 
223821 
251192 
245248 
245260 
245312 
245284 
244468 
207677 
235996 
235000 
235060 
235048 
235092 
232959 
249348 
245248 
245240 
245260 
245264 
223551 
251172 
245188 
245264 
245280 
245244 
245324 
135606 
235836 
235128 
235116 
252184 
242858 
248388 
245280 
245268 
245240 
245268 
225633 
250148 
245216 
245260 
245288 
253400 
238287 
262852 
256276 
256392 
256380 
256356 
232462 
262664 
256204 
256312 
256356 
256328 
233747 
251216 
245288 
245248 
245316 
245340 
245292 
218012 
246224 
245316 
245260 
245272 
252692 
219883 
237724 
235044 
235056 
235072 
251216 
226271 
250516 
245176 
245284 
245204 
245236 
245272 
13896 
64 
64 
64 
158224 
278714 
236940 
235048 
249960 
245276 
245256 
226100 
250152 
245188 
245268 
245312 
245284 
231568 
251896 
245280 
245200 
254664 
245264 
245216 
218001 
246292 
245168 
245288 
245376 
245196 
226936 
247952 
245328 
245328 
251152 
235044 
470108 
239692 
250908 
245192 
245308 
245224 
245284 
215940 
245980 
245272 
245240 
245308 
245252 
2426012 
264468 
245499 
243359 
245496 
285402 
249028 
245248 
245268 
245236 
245268 
219657 
251492 
245228 
245256 
245260 
245316 
247240 
207190 
276264 
246732 
245448 
245488 
245488 
240905 
247424 
245152 
245264 
245296 
245292 
234192 
248772 
245256 
306608 
256664 
256268 
242681 
259052 
256304 
256264 
256412 
256292 
86024 
95313 
256200 
245236 
245312 
251759 
247760 
245356 
245344 
245248 
245312 
226271 
249560 
245224 
250648 
235072 
235108 
236316 
255206 
245176 
245220 
245268 
245316 
245224 
3352144 
239340 
235232 
235060 
235088 
235092 
217349 
244151 
225600 
225696 
225705 
225732 
927538 
231393 
255591 
244617 
235184 
235092 
235016 
235068 
229312 
243966 
235024 
235492 
235240 
235108 
235112 
208097 
241752 
242325 
235124 
235000 
235056 
219656 
241568 
234980 
235068 
235128 
235048 
235032 
207119 
238072 
251832 
245280 
245264 
245264 
224884 
250436 
245260 
245400 
245292 
245300 
245276 
218695 
257712 
256244 
256448 
256576 
256600 
190833 
264892 
256360 
256412 
256372 
123528 
64 
64 
191318 
