3115040 
1797410 
1754167 
1865709 
1713166 
1216600 
1515180 
1507915 
1806766 
1506225 
1548303 
1592059 
1625755 
1082495 
1689197 
1618355 
1723865 
1674424 
1660129 
1646587 
1177528 
7722312 
1588003 
1477734 
1524038 
1283136 
1169718 
1517246 
1559417 
1604211 
1635503 
1699572 
1696992 
1051705 
1887127 
1527201 
1659331 
1671029 
1677330 
1692442 
1761925 
3065578 
1670219 
1653875 
1626174 
1548102 
1712771 
924008 
1652173 
1675820 
1669647 
1603545 
1591778 
1537917 
1583210 
1646842 
2232841 
1858299 
1711824 
1903504 
1530916 
1882000 
950708 
1429582 
1569724 
1659812 
1626589 
1726112 
1540958 
1648098 
834109 
1632546 
1638515 
1674908 
1646869 
1603078 
1734393 
628605 
1749947 
1708203 
1689167 
1662070 
1678141 
1622462 
1103352 
1536906 
1568048 
1567382 
1646801 
1868082 
1515995 
1654682 
816133 
1715755 
1743827 
1754554 
1692830 
1753389 
3215647 
1722663 
1570499 
1538480 
1528698 
1537206 
1484280 
1032491 
1625185 
1694563 
1657372 
1657260 
1539787 
1653417 
1031470 
1724641 
1933840 
1603777 
1592883 
1584417 
1608668 
1661248 
3301652 
1715794 
1581507 
1662028 
1590185 
1707231 
1457852 
1118555 
1650812 
1645940 
1693827 
1567087 
1649552 
1150162 
2734224 
1748742 
1713348 
1603786 
1603040 
1591871 
1518352 
1651933 
1874061 
1570725 
1737376 
1640635 
1634461 
1732668 
1174048 
1454108 
1645110 
1647924 
1555086 
1590231 
1482915 
1581486 
880489 
1664769 
1572806 
1677634 
1693556 
1798623 
1740417 
880518 
1733358 
1663564 
1509500 
1658923 
1598054 
1798799 
3991668 
1602445 
1477236 
1502284 
1538068 
1563543 
921162 
1652829 
1561583 
1642780 
1495838 
1594459 
1475386 
1597964 
992313 
1605850 
1682560 
1675659 
1668147 
1682078 
1738975 
1581843 
4027328 
1568241 
1671699 
1533542 
1920872 
1576109 
1509872 
850949 
1586312 
1674165 
1649448 
1661494 
1602929 
1623798 
1673430 
1483799 
1537752 
1652322 
1548808 
1737629 
1664624 
3927768 
1838289 
1700988 
1681876 
1557038 
1612437 
1060071 
1611788 
1484003 
1620520 
1868583 
1604873 
1670406 
1649880 
1499033 
1621462 
1559455 
1644107 
1544030 
1656620 
1614915 
1710328 
1450117 
1585549 
1539194 
1602581 
1605452 
1681928 
1676347 
1710486 
3112360 
1671423 
1645593 
4899960 
1161976 
1653897 
1546521 
1538778 
1580317 
1603678 
1699488 
1740876 
926160 
1624757 
1568665 
1539505 
1553327 
1539755 
1613197 
1719530 
3190249 
1715233 
1671574 
1653454 
1593093 
1735242 
814890 
1611270 
1573931 
1542104 
1541116 
1545374 
1577484 
1888506 
1534101 
1676436 
1671694 
1624146 
1734640 
1602648 
1620225 
1951972 
1640346 
1603419 
1585480 
1603917 
1649823 
1516155 
1658605 
458909 
1691322 
3733198 
1507276 
1590529 
1236577 
1603142 
1551837 
1677761 
1621651 
1965604 
1671233 
1681712 
1123976 
1711166 
1562977 
1655059 
1588990 
1672166 
1526213 
1663226 
1146804 
1566083 
1602078 
1646807 
1674491 
1683201 
1675340 
1785518 
1658038 
1547979 
1545138 
1573772 
1539925 
1129049 
1668515 
1919285 
1585178 
1584443 
1589077 
1650966 
732840 
1626332 
1544682 
1706741 
1664076 
1710489 
1610378 
1618772 
3270470 
1732970 
1688301 
1615549 
1728287 
1617903 
1614740 
982995 
1522624 
1592393 
1602210 
1670178 
1673291 
1478247 
1649484 
2713312 
1644723 
1608781 
1604641 
1570799 
1661318 
1311528 
1255260 
1592834 
1633178 
1722060 
1598169 
1723279 
898500 
3069347 
1738482 
1643088 
1604537 
1519206 
1546139 
1584392 
920702 
1711347 
1627980 
1671364 
1618010 
1722214 
1865901 
1424744 
1104721 
1599308 
1639152 
1674016 
1691503 
1568612 
1731017 
6688351 
1722562 
1597990 
1481787 
1556512 
1023776 
1400649 
1568543 
1589051 
1633229 
1568205 
1740365 
849354 
2942909 
1735680 
1659913 
1671445 
1879541 
1509478 
1355390 
1660632 
1515200 
1655313 
1572397 
1623840 
1552606 
1712139 
1067340 
1655885 
1676057 
1657157 
1676115 
1726243 
1552463 
1654936 
289680 
1700011 
1599529 
1537901 
1872970 
1609707 
1748189 
1634792 
3962557 
1617455 
1925127 
1561249 
1713241 
1666319 
1329376 
989085 
1514404 
1529966 
1536983 
1556074 
1603377 
1444492 
860868 
1660573 
1491456 
1656404 
1543932 
1616922 
1543513 
1647813 
3580606 
1771465 
1692517 
1583381 
1593856 
1560946 
1676082 
940788 
1949160 
1601952 
1659966 
4995836 
868508 
1571802 
1430624 
1548649 
1493492 
1615737 
1558079 
1669088 
329092 
1784450 
1703076 
1670155 
1651927 
1676827 
1648107 
1719751 
1605311 
1656564 
1625153 
1791210 
1613697 
1867221 
1233636 
1077582 
1559584 
1593227 
1603800 
1611003 
1508183 
1657373 
3841505 
1632371 
1542616 
1578442 
1539230 
1650501 
1942868 
950074 
1593879 
1662331 
1674920 
1620697 
1602453 
1658664 
903216 
1739335 
1640361 
1635251 
1951498 
1671608 
1607639 
1515196 
1612125 
1561476 
1701497 
1622027 
1701270 
1537959 
1577732 
3593510 
1664871 
1570275 
1603034 
1641778 
1674952 
1313413 
1653004 
1510902 
1665503 
1551677 
1743700 
1667171 
4982937 
1730667 
1848559 
1555915 
1518884 
1582482 
1128037 
1588573 
1502581 
1588142 
1540944 
1677049 
1589456 
1731772 
1451364 
1561215 
1606977 
1604006 
1563010 
1664010 
1571311 
1620718 
1337479 
1647783 
1518345 
1642737 
1606348 
1604820 
1635261 
1400054 
3644273 
1702011 
1571586 
1621038 
1566635 
1660737 
1654915 
742189 
1575496 
1603282 
1604979 
1603053 
1647673 
1723123 
789131 
1673995 
1475761 
1669536 
1592353 
1555584 
1602979 
1482588 
3732592 
1765481 
1663152 
1642723 
1556882 
1648150 
1848734 
629066 
1557399 
1575163 
1604222 
1584509 
1560108 
1603732 
1184556 
1216880 
1637953 
1719605 
1672475 
1815009 
1729495 
1560067 
3716632 
1714501 
1639996 
1603109 
1592957 
1613909 
1092077 
1644914 
1412604 
1555594 
1792596 
1486892 
1597766 
1009157 
1542921 
1545337 
1627529 
1634876 
1596078 
1608610 
1069996 
3737275 
1650669 
1751196 
1606513 
1657812 
1686149 
1056932 
1491639 
1515144 
1582697 
1486171 
1582457 
1498409 
1588083 
876031 
1668101 
1539461 
1894957 
1635293 
1674013 
1648989 
1618918 
3593656 
1797008 
1693551 
1593270 
1601339 
1625358 
1324080 
1218481 
1571728 
1612440 
1517431 
1694483 
946760 
1736854 
7255645 
1496004 
1069401 
1398580 
1887031 
2948997 
1688231 
1715630 
1700366 
1681450 
1745834 
1532721 
928665 
1662100 
1635095 
1603462 
1582694 
1603016 
1638990 
682085 
1576981 
1479221 
1590866 
1542590 
1627771 
3000814 
1690783 
1651346 
1705638 
1626758 
1539345 
1874973 
917212 
1391357 
1587601 
1653668 
1541812 
1662887 
1600197 
1678046 
889497 
1640320 
1678319 
1645480 
1655671 
1723880 
1699327 
367064 
1703181 
1656049 
1596891 
1550624 
1576132 
1606179 
1163660 
1455458 
1617506 
1720700 
1579822 
1916074 
1498547 
1507928 
649877 
1529378 
1565951 
1603308 
1637318 
1674869 
1650969 
1574491 
1739377 
1562334 
1666766 
1503132 
1601569 
1643706 
1674801 
3865138 
1761365 
1681781 
1567642 
1612358 
1491808 
1588383 
695361 
1691392 
1838826 
1661842 
1674441 
1631450 
1542769 
1543120 
1575168 
1602904 
1623168 
1556319 
1653077 
1500328 
1663667 
264052 
1641253 
1567148 
1540414 
1573973 
1258524 
1162859 
1576902 
1651323 
1542535 
1609167 
1642197 
1143172 
1664034 
2838698 
1804817 
1698488 
1626613 
1595048 
1709351 
987528 
1546206 
1559127 
1642211 
1483739 
1574878 
1491961 
1594536 
806440 
1616414 
1602804 
1602126 
1567123 
1602899 
1587643 
1202960 
1643950 
1631343 
1567090 
1602962 
1675592 
1629562 
1970492 
854220 
1550068 
1610457 
1651225 
1614742 
1603454 
1555834 
1646555 
2401047 
1742128 
1718549 
1654893 
1605688 
1639844 
1312332 
1234924 
1602682 
1601434 
1605462 
1647270 
1608186 
1730110 
915794 
1616952 
1579348 
1603950 
1879621 
1583140 
1642867 
1522076 
1681716 
1588130 
1752638 
1627292 
1643947 
1565824 
1538465 
23458116 
1738546 
751624 
1548556 
1422806 
1793810 
1416494 
1586912 
1483099 
1602394 
1629803 
4566663 
1590919 
1537709 
1662859 
1651556 
1630987 
276410 
1564984 
1809922 
1779788 
1747298 
1670260 
1324082 
1136356 
1636710 
1486322 
1664393 
1586077 
1671953 
1665418 
1665838 
2824096 
1699270 
1627673 
1631882 
1562101 
1663003 
1658799 
677971 
1595230 
1657938 
1676929 
1626028 
1604018 
1253447 
1652524 
2555669 
1736483 
1645391 
1709373 
1612541 
1552684 
1423864 
908710 
1523537 
1602302 
1603093 
1688353 
1678802 
1905811 
663985 
1737529 
1566829 
1886750 
1861679 
1650423 
1513080 
4404221 
1489211 
1536734 
1539182 
1600911 
1655847 
1428485 
1828051 
1608738 
1623915 
1627372 
1613760 
1397600 
1611287 
1664566 
1629057 
1728596 
1544197 
1972653 
1680012 
1331328 
1253338 
1574956 
1677666 
1501516 
1656824 
1558505 
1657262 
1470985 
1506379 
1600648 
1602395 
1646143 
1557902 
1654856 
1266105 
1598096 
1588009 
1549692 
1548969 
1650746 
1668816 
977264 
1594590 
1554853 
1905227 
1550640 
1672273 
1657586 
1543584 
886618 
1653256 
1616047 
1608678 
1590810 
1602232 
1711219 
1308835 
1723689 
1687144 
1549831 
1607495 
1621450 
1602792 
1658877 
1603286 
1624559 
1534939 
1694554 
1616857 
1739705 
846379 
1940609 
1616230 
1603220 
1601774 
4865511 
1625934 
1440730 
1590272 
1495217 
