13173 
13173 
13173 
13173 
13170 
13170 
13170 
13170 
13170 
13167 
13164 
13161 
13161 
13161 
13161 
13158 
13158 
13158 
13158 
13158 
13158 
13155 
13155 
13152 
13152 
13152 
13152 
13149 
13146 
13146 
13146 
13140 
13140 
13137 
13134 
13128 
13128 
13122 
13122 
13122 
13119 
13119 
13116 
13116 
13116 
13110 
13110 
13107 
13107 
13107 
13104 
13104 
13101 
13098 
13095 
13092 
13089 
13089 
13089 
13086 
13083 
13083 
13083 
13080 
13080 
13080 
13077 
13077 
13077 
13077 
13074 
13074 
13074 
13074 
13071 
13071 
13071 
13071 
13068 
13068 
13068 
13065 
13065 
13065 
13062 
13062 
13062 
13062 
13062 
13062 
13062 
13059 
13059 
13056 
13056 
13056 
13056 
13056 
13053 
13053 
13053 
13053 
13050 
13050 
13050 
13047 
13047 
13047 
13047 
13044 
13044 
13044 
13044 
13044 
13044 
13041 
13041 
13041 
13038 
13038 
13038 
13032 
13029 
13029 
13029 
13026 
13026 
13026 
13026 
13026 
13023 
13023 
13023 
13020 
13020 
13020 
13020 
13017 
13017 
13014 
13014 
13011 
13011 
13008 
13008 
13008 
13005 
13005 
13005 
13005 
13002 
13002 
13002 
13002 
13002 
12999 
12999 
12996 
12993 
12993 
12993 
12990 
12990 
12990 
12990 
12987 
12987 
12987 
12987 
12987 
12987 
12984 
12984 
12984 
12984 
12984 
12984 
12984 
12984 
12981 
12981 
12981 
12981 
12981 
12981 
12981 
12978 
12978 
12978 
12978 
12975 
12975 
12975 
12975 
12972 
12972 
12972 
12969 
12969 
12969 
12969 
12969 
12969 
12966 
12966 
12966 
12966 
12966 
12966 
12966 
12966 
12966 
12966 
12966 
12966 
12963 
12963 
12963 
12963 
12963 
12963 
12963 
12960 
12960 
12960 
12960 
12960 
12960 
12957 
12957 
12957 
12954 
12954 
12954 
12954 
12954 
12954 
12954 
12954 
12951 
12951 
12951 
12951 
12951 
12951 
12951 
12948 
12948 
12948 
12948 
12948 
12948 
12945 
12945 
12945 
12945 
12945 
12945 
12945 
12942 
12939 
12939 
12939 
12936 
12936 
12936 
12936 
12936 
12936 
12936 
12936 
12936 
12933 
12933 
12933 
12933 
12933 
12930 
12930 
12930 
12930 
12930 
12930 
12930 
12930 
12930 
12930 
12930 
12930 
12927 
12927 
12927 
12927 
12927 
12927 
12924 
12924 
12924 
12924 
12924 
12924 
12924 
12921 
12921 
12921 
12921 
12921 
12918 
12918 
12918 
12918 
12915 
12915 
12915 
12915 
12915 
12915 
12912 
12912 
12912 
12912 
12912 
12912 
12912 
12912 
12912 
12912 
12912 
12912 
12909 
12909 
12909 
12909 
12909 
12909 
12909 
12909 
12909 
12909 
12909 
12906 
12906 
12906 
12906 
12906 
12906 
12906 
12906 
12903 
12903 
12903 
12903 
12903 
12903 
12903 
12903 
12903 
12903 
12900 
12900 
12900 
12900 
12900 
12900 
12900 
12900 
12900 
12900 
12897 
12897 
12897 
12897 
12897 
12897 
12897 
12897 
12897 
12897 
12897 
12897 
12897 
12897 
12894 
12894 
12894 
12894 
12894 
12894 
12894 
12894 
12894 
12894 
12894 
12894 
12894 
12894 
12894 
12891 
12891 
12891 
12891 
12891 
12891 
12891 
12891 
12891 
12891 
12891 
12891 
12891 
12891 
12891 
12891 
12888 
12888 
12888 
12888 
12888 
12888 
12888 
12888 
12888 
12888 
12888 
12888 
12888 
12888 
12888 
12888 
12885 
12885 
12885 
12885 
12885 
12885 
12885 
12885 
12885 
12885 
12885 
12885 
12885 
12885 
12885 
12882 
12882 
12882 
12882 
12882 
12882 
12879 
12879 
12879 
12879 
12879 
12879 
12879 
12879 
12879 
12879 
12879 
12879 
12879 
12879 
12879 
12879 
12876 
12876 
12876 
12876 
12876 
12876 
12876 
12876 
12876 
12876 
12876 
12876 
12876 
12876 
12873 
12873 
12873 
12873 
12873 
12873 
12873 
12873 
12873 
12873 
12873 
12873 
12873 
12873 
12873 
12873 
12873 
12873 
12873 
12873 
12870 
12870 
12870 
12870 
12870 
12870 
12870 
12870 
12870 
12870 
12870 
12870 
12870 
12870 
12870 
12870 
12870 
12870 
12870 
12870 
12867 
12867 
12867 
12867 
12867 
12867 
12867 
12867 
12867 
12867 
12867 
12867 
12867 
12867 
12867 
12867 
12867 
12867 
12864 
12864 
12864 
12864 
12864 
12864 
12864 
12864 
12864 
12861 
12861 
12861 
12861 
12861 
12861 
12861 
12861 
12858 
12858 
12858 
12858 
12858 
12858 
12858 
12858 
12858 
12858 
12858 
12858 
12858 
12858 
12858 
12858 
12858 
12858 
12858 
12858 
12858 
12858 
12855 
12855 
12855 
12855 
12855 
12855 
12855 
12855 
12855 
12852 
12852 
12852 
12852 
12852 
12852 
12852 
12852 
12852 
12852 
12852 
12852 
12852 
12852 
