26743947 
26740771 
26737493 
26723745 
26716010 
26707593 
26699964 
26690373 
26689999 
26685905 
26653837 
26642113 
26628357 
26620083 
26611881 
26599273 
26594679 
26579289 
26578932 
26566989 
26550500 
26549924 
26538311 
26533924 
26533305 
26530207 
26520899 
26519900 
26509920 
26504652 
26493891 
26488122 
26477422 
26475502 
26472005 
26470908 
26463993 
26461432 
26440142 
26435267 
26416744 
26413676 
26405283 
26401939 
26392060 
26380537 
26378246 
26374650 
26352629 
26351995 
26350320 
26345366 
26336657 
26328613 
26328257 
26326518 
26319946 
26315184 
26314587 
26312804 
26308996 
26307757 
26297845 
26292487 
26287099 
26285157 
26280409 
26280041 
26279329 
26277328 
26271922 
26269586 
26268982 
26267682 
26266059 
26263585 
26257931 
26251155 
26248384 
26239943 
26239776 
26238223 
26236392 
26230324 
26227785 
26226404 
26214004 
26213031 
26210509 
26207254 
26202237 
26198099 
26197617 
26197251 
26194548 
26194279 
26187944 
26185764 
26185021 
26182954 
26176697 
26176687 
26174486 
26173621 
26164526 
26151490 
26148266 
26145434 
26139515 
26138774 
26129311 
26123701 
26121850 
26112822 
26110797 
26102839 
26098533 
26088493 
26088183 
26083195 
26078704 
26073909 
26072464 
26063037 
26056973 
26054698 
26035330 
26010632 
26009684 
26009056 
26001354 
26001126 
26001063 
25992545 
25987699 
25973477 
25970100 
25964542 
25955248 
25955222 
25951696 
25945005 
25939183 
25937719 
25927965 
25922492 
25914893 
25912395 
25908089 
25899645 
25897433 
25894566 
25887226 
25886814 
25883000 
25881862 
25872924 
25864111 
25862868 
25845623 
25837021 
25835484 
25823510 
25818480 
25804061 
25798612 
25796558 
25790545 
25785952 
25759413 
25756260 
25740420 
25739003 
25733137 
25718730 
25718513 
25717923 
25713390 
25696822 
25690198 
25686399 
25683369 
25682726 
25678501 
25675359 
25662811 
25660069 
25655828 
25653941 
25652192 
25651916 
25648140 
25646489 
25646090 
25640524 
25640023 
25627142 
25624111 
25623800 
25616322 
25599004 
25597223 
25596568 
25590612 
25587266 
25564790 
25549387 
25540399 
25537392 
25533876 
25533322 
25529591 
25528079 
25520179 
25513624 
25511865 
25510588 
25506899 
25500296 
25493256 
25474364 
25465125 
25456380 
25448727 
25447533 
25445689 
25434538 
25434518 
25418844 
25418745 
25417028 
25411835 
25411807 
25411691 
25406932 
25395362 
25392945 
25388322 
25383782 
25382272 
25381563 
25380939 
25371766 
25369007 
25363010 
25362613 
25356697 
25351091 
25342467 
25337338 
25331033 
25326331 
25321893 
25321087 
25316505 
25315540 
25313260 
25311532 
25310888 
25308317 
25305394 
25297068 
25294500 
25283307 
25278215 
25274387 
25272103 
25270075 
25265618 
25262603 
25260035 
25258434 
25255390 
25254879 
25254041 
25251040 
25248177 
25235856 
25234211 
25221108 
25215293 
25211013 
25194578 
25183435 
25181335 
25165555 
25163061 
25160586 
25156160 
25151881 
25144177 
25141478 
25140300 
25139386 
25136261 
25130169 
25129833 
25124425 
25120244 
25119864 
25116576 
25112864 
25109836 
25109808 
25103684 
25100998 
25097903 
25088306 
25081394 
25078439 
25074558 
25073164 
25072328 
25071143 
25070952 
25066104 
25063141 
25058237 
25056377 
25051965 
25046720 
25045977 
25043589 
25043230 
25042805 
25041230 
25034079 
25033103 
25032485 
25028682 
25028671 
25026912 
25025714 
25024394 
25019252 
25016529 
25009046 
25006753 
25004568 
25002050 
24997989 
24997950 
24994911 
24992293 
24983928 
24981428 
24978973 
24976684 
24975297 
24963966 
24963246 
24961876 
24961347 
24946607 
24945606 
24945444 
24944636 
24943346 
24939340 
24937267 
24936090 
24934806 
24932996 
24930538 
24929656 
24926478 
24924845 
24923857 
24922886 
24917492 
24913719 
24913342 
24910108 
24907950 
24905960 
24900148 
24897687 
24890025 
24887993 
24879497 
24871231 
24867985 
24866400 
24866360 
24863188 
24855461 
24848794 
24847671 
24847514 
24846294 
24843741 
24842644 
24841490 
24840149 
24839792 
24831128 
24825805 
24819501 
24819319 
24819080 
24818151 
24809343 
24808659 
24805286 
24804447 
24803384 
24803179 
24801949 
24800923 
24798077 
24793165 
24791902 
24789270 
24788968 
24783925 
24782239 
24780958 
24778262 
24767467 
24764102 
24757635 
24752111 
24750873 
24745777 
24742904 
24737317 
24733603 
24732956 
24726521 
24718373 
24713984 
24710072 
24708414 
24688598 
24687396 
24686090 
24685088 
24684600 
24684490 
24677873 
24674369 
24668281 
24667070 
24663199 
24662182 
24661493 
24660801 
24652944 
24648901 
24629426 
24629014 
24626505 
24626443 
24623152 
24622534 
24619497 
24617611 
24614045 
24611473 
24609519 
24602530 
24598559 
24596149 
24580992 
24580736 
24580039 
24579670 
24579535 
24573205 
24572789 
24572582 
24559221 
24558936 
24552940 
24546197 
24543827 
24539785 
24534149 
24523430 
24522011 
24518093 
24509663 
24509355 
24508424 
24501069 
24497652 
24496372 
24490545 
24489286 
24489148 
24473964 
24472541 
24471153 
24464610 
24460488 
24457395 
24457009 
24452844 
24450543 
24444963 
24444031 
24441707 
24441056 
24434377 
24432518 
24425655 
24417844 
24412549 
24411393 
24401556 
24399825 
24391136 
24390284 
24388845 
24383211 
24379008 
24373250 
24371733 
24369874 
24368062 
24367755 
24358456 
24357792 
24357317 
24355592 
24346424 
24343295 
24340880 
24334756 
24330475 
24328553 
24327641 
24313356 
24304851 
24299451 
24299035 
24295207 
24291141 
24291029 
24284451 
24277827 
24273554 
24271542 
24271176 
24261590 
24248766 
24245140 
24227181 
24220740 
24220484 
24209131 
24206234 
24201871 
24196766 
24192947 
24188727 
24185656 
24181722 
24171279 
24171089 
24166887 
24160621 
24158318 
24156741 
24153371 
24149610 
24147647 
24144736 
24140983 
24131309 
24129516 
24107628 
24104475 
24101409 
24087631 
24076561 
24075797 
24067793 
24040343 
24036774 
24036753 
24031171 
24018288 
24006186 
24001991 
23996127 
23989864 
23988623 
23978699 
23974876 
23973473 
23969879 
23961402 
23943356 
23935675 
23933713 
23924056 
23921511 
23919751 
23909604 
