11593903 
11587060 
11585835 
11581557 
11567078 
11563515 
11560983 
11560682 
11554044 
11553335 
11540154 
11539003 
11538521 
11536363 
11536228 
11528926 
11524449 
11519334 
11518553 
11516306 
11504235 
11495365 
11487300 
11486772 
11484095 
11470448 
11463980 
11459537 
11450584 
11448347 
11447101 
11445828 
11432267 
11428797 
11427716 
11425762 
11420931 
11413037 
11410300 
11400853 
11386226 
11372188 
11371878 
11369579 
11363167 
11355209 
11353847 
11334072 
11320544 
11320261 
11316728 
11309536 
11299762 
11293672 
11277424 
11243086 
11237529 
11235115 
11233929 
11232738 
11224349 
11199121 
11198927 
11197933 
11194413 
11191610 
11181158 
11158250 
11142874 
11135756 
11130620 
11128213 
11123387 
11102869 
11098548 
11097179 
11091914 
11052470 
11049763 
11043751 
11041771 
11038799 
11020784 
11009629 
10978361 
10964312 
10963387 
10960548 
10936091 
10927863 
10920133 
10907631 
10906088 
10897997 
10895840 
10882651 
10876565 
10871935 
10870011 
10865694 
10855969 
10839977 
10838365 
10812523 
10806220 
10778159 
10773803 
10758618 
10757769 
10749507 
10747408 
10706334 
10692285 
10595667 
10594198 
10585734 
10561161 
10560643 
10533989 
10528704 
10516990 
10513702 
10506830 
10497219 
10493399 
10483195 
10482453 
10475856 
10475769 
10475714 
10474693 
10468806 
10462342 
10448831 
10436071 
10433385 
10419235 
10416535 
10411946 
10399422 
10398829 
10398399 
10394673 
10388881 
10387116 
10386009 
10369293 
10360229 
10360209 
10359480 
10353853 
10337984 
10334458 
10334025 
10329027 
10321824 
10319944 
10318968 
10314644 
10304857 
10302595 
10299924 
10299192 
10295568 
10294162 
10288187 
10287311 
10279540 
10272639 
10268842 
10266862 
10264731 
10264636 
10264502 
10263932 
10261448 
10261212 
10255454 
10253089 
10251174 
10249761 
10248828 
10248660 
10244768 
10243749 
10242343 
10242148 
10240160 
10240037 
10238318 
10235468 
10233085 
10231152 
10230094 
10227686 
10221959 
10221454 
10220930 
10216925 
10213040 
10205827 
10205762 
10200996 
10198913 
10197912 
10197568 
10195093 
10192730 
10189912 
10189208 
10186872 
10186524 
10184212 
10184138 
10183781 
10179671 
10179089 
10178746 
10178409 
10176759 
10173996 
10172861 
10171972 
10171804 
10159782 
10159292 
10158838 
10158731 
10157439 
10152061 
10150607 
10145316 
10144182 
10143245 
10142733 
10142317 
10139619 
10138697 
10137061 
10135798 
10135282 
10132695 
10129844 
10122795 
10118359 
10109883 
10108579 
10107923 
10104036 
10101382 
10093439 
10085096 
10079703 
10077994 
10076993 
10076836 
10075353 
10071140 
10069201 
10064320 
10059269 
10057823 
10056661 
10056083 
10054938 
10054736 
10047091 
10045842 
10043341 
10042696 
10034955 
10034874 
10033922 
10032316 
10032144 
10028174 
10023863 
10021807 
10020978 
10020939 
10020869 
10018338 
10018197 
10012049 
10006666 
10005409 
10004886 
10004637 
10003557 
10001221 
9997028 
9994892 
9990344 
9988740 
9988485 
9987991 
9983889 
9982061 
9980784 
9979814 
9976730 
9970995 
9966020 
9964697 
9954111 
9946890 
9946223 
9943671 
9943571 
9942292 
9939525 
9938969 
9937769 
9937619 
9936589 
9932314 
9929960 
9929560 
9928163 
9926981 
9926948 
9926658 
9922884 
9914199 
9913452 
9910833 
9910574 
9910467 
9910293 
9909137 
9908862 
9908715 
9908217 
9907407 
9906971 
9905315 
9904579 
9899989 
9899716 
9899430 
9897202 
9894768 
9890410 
9890307 
9887166 
9886760 
9886615 
9885617 
9882828 
9881308 
9881279 
9880876 
9880514 
9879925 
9879723 
9879490 
9878213 
9873321 
9872565 
9871222 
9863668 
9862800 
9860858 
9860304 
9860225 
9858638 
9856145 
9852318 
9851449 
9851257 
9849693 
9849587 
9848532 
9847615 
9844653 
9843315 
9842770 
9840313 
9839960 
9839863 
9838258 
9837747 
9834726 
9834582 
9833781 
9833567 
9832333 
9832273 
9831944 
9831826 
9829143 
9827033 
9826367 
9823851 
9822108 
9821918 
9821690 
9821401 
9820668 
9820424 
9820239 
9819764 
9818546 
9817846 
9816950 
9816677 
9815652 
9813461 
9811518 
9807651 
9807601 
9807451 
9804970 
9804766 
9804584 
9802549 
9802153 
9801706 
9800585 
9798515 
9797679 
9796471 
9795419 
9794043 
9793878 
9792738 
9791399 
9786788 
9785536 
9782792 
9782052 
9781801 
9778325 
9778270 
9776693 
9776465 
9774771 
9773945 
9773660 
9773590 
9772832 
9771535 
9770660 
9770452 
9769979 
9769943 
9769153 
9766814 
9766344 
9765434 
9765333 
9764984 
9764166 
9763531 
9763218 
9762473 
9762124 
9761865 
9758998 
9757099 
9757067 
9756794 
9756461 
9755941 
9755554 
9754739 
9754625 
9754583 
9753394 
9752932 
9751853 
9750496 
9749664 
9749617 
9744487 
9744224 
9744201 
9743881 
9743848 
9743211 
9742881 
9742209 
9741763 
9741583 
9740617 
9733290 
9732955 
9730713 
9729699 
9729290 
9729075 
9725117 
9724911 
9721705 
9720581 
9719114 
9718607 
9717695 
9716417 
9712247 
9711752 
9711025 
9710004 
9709849 
9707632 
9706026 
9704601 
9702940 
9701321 
9699964 
9699654 
9696334 
9694260 
9692174 
9688193 
9685549 
9682220 
9674222 
9670413 
9667885 
9665970 
9665425 
9662634 
9661907 
9658994 
9658733 
9656696 
9653309 
9646962 
9645611 
9645483 
9638723 
9637831 
9635528 
9624285 
9619499 
9616185 
9605670 
9605521 
9604854 
9599510 
9596632 
9595353 
9593307 
9593064 
9573295 
9571751 
9570983 
9570517 
9562434 
9559760 
9559089 
9556810 
9555551 
9553592 
9550529 
9550186 
9544924 
9536000 
9535956 
9531653 
9524539 
9496093 
9493361 
9489455 
9486233 
9484652 
9484291 
9480381 
9477217 
9471620 
9470500 
9467635 
9467083 
9460584 
9459358 
9456641 
9449224 
9434124 
9431512 
9430208 
9425585 
9424685 
9418291 
9414484 
9411302 
9401664 
9392825 
9390526 
9383122 
9380984 
9379161 
9369710 
9368289 
9365817 
9363163 
9358402 
9353313 
9351611 
9351295 
