47859 
22278 
22332 
22290 
22146 
22125 
22146 
22146 
22128 
22146 
22146 
22146 
22128 
22146 
22146 
22125 
22128 
22146 
22287 
22167 
22146 
22146 
22128 
22125 
22146 
22146 
22128 
22113 
22125 
22146 
22149 
22146 
22125 
22146 
22290 
22170 
22149 
22146 
22146 
22125 
22149 
22146 
22125 
22125 
22149 
22146 
22125 
22113 
22092 
22146 
22290 
22170 
22149 
22125 
22125 
22146 
22149 
22125 
22146 
22146 
22149 
22125 
22146 
1743 
22182 
22311 
22260 
22149 
22125 
22125 
22146 
22149 
22125 
22146 
22149 
22146 
22125 
22146 
22149 
22125 
22125 
22311 
22170 
22092 
22146 
22125 
22149 
22146 
22125 
22125 
22149 
22146 
22092 
22146 
22125 
22149 
22146 
22287 
22167 
22146 
22146 
22128 
22146 
22146 
22146 
22128 
22146 
22146 
22125 
22128 
22125 
22146 
22149 
22287 
22167 
22146 
22125 
22125 
22149 
22146 
22125 
22146 
22149 
22146 
22125 
22146 
22149 
22125 
22125 
22311 
22170 
12909 
11266 
22263 
22146 
22125 
22149 
22146 
22314 
22272 
22125 
22146 
22146 
22125 
22125 
22146 
22149 
22125 
22125 
22146 
22149 
22125 
22146 
22146 
22314 
22272 
22125 
22146 
22146 
22125 
22125 
22149 
22146 
22125 
22146 
22125 
22146 
22146 
22128 
22146 
22335 
22275 
22149 
22128 
22149 
22149 
22125 
22125 
22146 
22149 
22125 
22146 
22146 
22149 
22125 
22146 
22335 
22272 
22146 
22125 
22146 
22146 
22125 
22128 
22146 
22146 
22125 
22149 
22146 
22146 
7587 
15563 
22242 
22290 
22170 
22125 
22128 
22146 
22146 
22125 
22149 
22146 
22146 
22125 
22149 
22146 
22125 
22125 
22149 
22287 
22167 
22125 
22146 
22149 
22125 
22125 
22146 
22149 
22125 
22128 
22125 
22146 
22146 
22128 
22146 
22287 
22146 
22125 
22146 
22146 
22125 
22146 
22149 
22146 
22125 
22146 
22149 
22125 
22125 
22149 
22146 
22287 
22167 
22146 
22158 
22128 
22146 
22146 
22125 
22128 
22146 
22146 
22125 
22128 
22146 
22146 
22125 
22311 
22170 
64 
22224 
22137 
22146 
22146 
22149 
22314 
22260 
22149 
22287 
22167 
22146 
22146 
22125 
22149 
22146 
22146 
22128 
22146 
22146 
22125 
22128 
22335 
22260 
22149 
22290 
22170 
22146 
22128 
22146 
22146 
22125 
22128 
22146 
22146 
22125 
22128 
22146 
22335 
22239 
22125 
22308 
22167 
22128 
22146 
22146 
22125 
22128 
22146 
22146 
22125 
22149 
22125 
22146 
22335 
22236 
22125 
22311 
22170 
22125 
22149 
22146 
22125 
22125 
22149 
22146 
22125 
22146 
1644953 
43061 
37454 
33802 
31369 
29764 
28699 
27985 
27539 
27231 
22194 
22185 
22149 
22125 
22125 
22146 
22146 
22125 
22308 
22170 
22128 
22125 
22146 
22146 
22125 
22146 
22146 
22314 
22239 
22146 
22146 
22146 
22125 
22149 
22287 
22167 
22146 
22146 
22125 
22125 
22146 
22146 
22128 
22314 
22260 
22149 
22125 
22125 
22146 
22146 
22290 
22170 
22146 
22128 
20175 
22284 
22284 
22092 
22146 
22146 
22125 
22125 
22149 
22287 
22167 
22146 
22146 
22146 
22128 
22125 
22146 
22146 
22314 
22260 
22146 
22146 
22146 
22128 
22125 
22308 
22167 
22125 
22146 
22149 
22125 
22125 
22149 
22146 
22314 
22260 
22146 
22146 
22125 
22128 
22146 
22287 
22167 
22146 
22146 
22128 
22125 
22146 
22146 
22125 
22335 
22260 
22146 
22125 
22146 
22149 
22146 
22287 
22137 
22125 
22146 
22149 
22125 
22125 
22146 
22149 
22314 
22236 
22146 
15264 
7590 
22269 
22287 
22167 
22146 
22314 
22260 
22125 
22125 
22146 
22149 
22125 
22125 
22146 
22149 
22125 
22146 
22149 
22287 
22167 
22146 
22335 
22239 
22125 
22146 
22149 
22125 
22146 
22146 
22149 
22125 
22146 
22146 
22128 
22287 
22167 
22146 
22314 
22257 
22146 
22146 
22128 
22146 
22149 
22146 
22125 
22146 
22149 
22125 
22125 
22311 
22170 
22125 
22335 
22260 
22146 
22125 
22146 
22149 
22125 
22125 
22125 
22149 
22146 
22125 
22125 
22311 
22170 
6474 
16716 
22212 
22335 
22260 
22125 
22149 
22146 
22287 
22167 
22146 
22146 
22125 
22146 
22146 
22149 
22125 
22146 
22146 
22314 
22260 
22146 
22146 
22125 
22290 
22170 
22149 
22125 
22146 
22146 
22125 
22125 
22149 
22146 
22125 
22314 
22257 
22146 
22125 
22092 
22290 
22170 
22146 
22149 
22125 
22149 
22146 
22149 
22125 
22110 
22128 
22335 
22260 
22149 
22125 
22125 
22290 
22320 
22125 
22149 
22146 
22146 
22125 
22149 
22146 
22125 
20454 
12675 
22209 
22287 
22167 
22125 
22125 
22146 
22149 
22125 
22146 
22149 
22146 
22125 
22146 
22149 
22125 
22125 
22089 
22290 
22170 
22149 
22125 
22146 
22146 
22128 
22125 
22146 
22146 
22128 
22125 
22146 
22146 
22128 
22146 
22287 
22167 
22113 
22092 
22092 
22146 
22146 
22128 
22125 
22146 
22146 
22128 
22146 
22146 
22125 
22128 
22308 
22167 
22125 
22146 
22092 
22146 
22146 
22125 
22128 
22146 
22146 
22125 
22128 
22146 
22146 
22125 
22311 
22170 
4554 
19338 
22233 
22146 
22125 
22125 
22149 
22335 
22239 
22290 
22170 
22149 
22125 
22146 
22146 
22128 
22125 
22146 
22146 
22128 
22146 
22146 
22146 
22314 
22260 
22290 
22149 
22125 
22149 
22146 
22125 
22146 
22149 
22146 
22125 
22146 
22149 
22125 
22125 
22335 
22257 
22107 
22308 
22167 
22125 
22146 
22146 
22149 
22125 
22146 
22146 
22128 
22125 
22146 
22146 
22314 
22260 
22146 
22290 
22170 
22149 
22146 
22125 
22125 
22149 
22146 
22125 
22125 
19119 
5060 
22206 
22287 
22167 
22146 
22125 
22149 
22146 
22125 
22125 
22149 
22146 
22125 
22146 
22149 
22146 
22125 
22146 
22290 
22170 
22149 
22146 
22146 
22125 
22149 
22146 
22125 
22092 
22125 
22125 
22146 
22149 
22125 
22125 
22290 
22149 
22125 
22149 
22146 
22125 
22146 
22149 
22146 
22125 
22146 
22149 
22125 
22125 
22146 
22149 
22287 
22167 
22146 
22125 
22125 
22149 
22146 
22125 
22146 
22149 
22146 
22125 
22146 
22149 
22125 
22125 
22311 
22170 
94191 
22203 
22083 
22113 
22125 
22125 
22314 
22236 
22125 
22146 
22149 
22287 
22167 
22146 
22125 
22146 
22149 
22146 
22125 
22146 
22149 
22125 
22314 
22236 
22125 
22146 
22149 
22287 
22167 
22146 
22125 
22125 
22149 
22146 
22125 
22149 
22146 
22146 
22314 
22257 
22146 
22146 
22128 
22308 
22167 
22125 
22146 
22146 
22149 
22125 
22146 
22146 
22128 
22125 
22335 
22260 
22146 
22125 
22146 
22290 
22140 
22149 
22125 
20658 
10313 
22263 
22335 
22260 
22125 
22092 
22125 
22125 
22311 
22170 
22125 
22149 
22146 
22125 
22125 
22149 
22146 
22125 
22335 
22257 
22146 
22125 
22149 
22125 
22290 
22149 
22125 
22149 
22146 
22125 
22146 
22149 
22146 
22125 
22335 
22260 
22146 
22128 
22146 
22146 
22290 
22170 
22146 
22149 
22125 
22146 
22146 
22149 
22125 
22146 
22335 
22260 
22128 
22146 
22146 
22125 
22290 
22170 
22149 
22125 
22146 
22146 
22128 
22125 
22146 
22146 
22314 
22260 
7851 
15902 
22245 
22287 
22167 
22125 
22314 
22260 
22146 
22146 
22149 
22125 
22146 
22146 
22149 
22125 
22146 
22146 
22128 
22287 
22167 
22146 
22314 
22260 
22146 
22146 
22125 
22149 
22146 
22125 
22128 
22146 
22146 
22125 
22128 
22287 
22146 
22125 
22335 
22260 
22146 
22125 
22146 
22149 
22125 
22125 
22146 
22149 
22125 
22146 
22146 
22290 
22170 
22149 
22335 
22239 
22128 
22146 
22146 
22125 
22149 
22146 
22146 
22125 
22149 
22146 
22125 
