245697 
202509 
227796 
225681 
225759 
225789 
225798 
225801 
204422 
226359 
225594 
225654 
225669 
225912 
207730 
231864 
225606 
225597 
225624 
225624 
225597 
197970 
230457 
225708 
225660 
225618 
225693 
225714 
207364 
229458 
225738 
225789 
225735 
225831 
225780 
112336 
233082 
225588 
225603 
225756 
225756 
213107 
228528 
225711 
225813 
225765 
225741 
225789 
203509 
227115 
225780 
225735 
225717 
225738 
225735 
233271 
225624 
225777 
225738 
225741 
225900 
202052 
231702 
225588 
225741 
254463 
252783 
225825 
204248 
228513 
225753 
225771 
225843 
225780 
225771 
204689 
227103 
225630 
225660 
225699 
225588 
226179 
234534 
225747 
225867 
225765 
225783 
225837 
310766 
231168 
225804 
225756 
225783 
225777 
225702 
237067 
226218 
225621 
225729 
225759 
225663 
211082 
230382 
225768 
225864 
225792 
226203 
225849 
111857 
51237 
225924 
263718 
240750 
238971 
225699 
225774 
225822 
225780 
225834 
198760 
231534 
225576 
225777 
225672 
226062 
225717 
199500 
230313 
225885 
225834 
226461 
226002 
226290 
200158 
228762 
225633 
225948 
225675 
225801 
225750 
123834 
232806 
225708 
225816 
225690 
225708 
2771666 
229404 
225672 
225840 
225762 
217684 
230559 
225579 
225651 
225699 
225756 
225594 
200747 
232578 
225672 
225714 
225744 
225888 
225759 
203956 
226935 
225624 
226026 
225642 
225708 
216666 
232599 
225627 
225699 
225714 
225675 
225690 
198027 
230898 
225876 
225702 
225765 
225765 
225798 
198715 
229791 
225603 
225759 
225615 
225594 
225633 
91100 
64 
64 
64 
64 
176326 
274253 
226059 
225750 
225756 
225795 
225705 
198681 
232956 
226401 
227091 
225696 
225636 
225693 
198104 
230445 
225699 
225702 
225828 
226305 
226122 
203155 
229545 
225747 
225486 
225600 
225669 
225717 
201673 
227799 
225918 
225960 
226608 
226944 
225990 
218312 
226506 
225600 
225669 
225684 
225648 
192248 
64 
233265 
225639 
292387 
226518 
225672 
225777 
225774 
225786 
452411 
230868 
225810 
225933 
226770 
226707 
225795 
197060 
229995 
225657 
225642 
225630 
225633 
225642 
201589 
228759 
226842 
226086 
225765 
225867 
225756 
203008 
227388 
225588 
225609 
226056 
225939 
226395 
206167 
226353 
225597 
225636 
225615 
225618 
249499 
232161 
225717 
226137 
226926 
227067 
226569 
204766 
228579 
225660 
225708 
225621 
225687 
225654 
45941 
64 
64 
43783 
226644 
226806 
255408 
226023 
225783 
225711 
225705 
225771 
197767 
231804 
225678 
225996 
226527 
227040 
225708 
199083 
230142 
225657 
225711 
225726 
225819 
225780 
204263 
229203 
227409 
225942 
225786 
225759 
225750 
202318 
227781 
225672 
225747 
225699 
225984 
226557 
205988 
226737 
225642 
225609 
225654 
225624 
206722 
231921 
225645 
226269 
225789 
227496 
226143 
159398 
64 
64 
63509 
225753 
225558 
244444 
229719 
225750 
225762 
226068 
226113 
226671 
197614 
232704 
225654 
225693 
225615 
225582 
225627 
204745 
226134 
225609 
225627 
225657 
225609 
207916 
231747 
225603 
225747 
225654 
225609 
225669 
198353 
230316 
225771 
225843 
225750 
225759 
226278 
199196 
229191 
225597 
225579 
225687 
225600 
225651 
200663 
228180 
225555 
225879 
225645 
225936 
225645 
187979 
233232 
225555 
225594 
225696 
225627 
5829721 
263895 
241123 
237044 
283769 
230533 
232884 
225699 
225756 
225807 
219096 
231840 
225519 
225711 
225681 
225684 
225507 
198361 
230859 
225711 
225774 
225744 
225858 
225888 
454611 
229380 
225783 
225678 
225696 
225828 
225681 
91868 
64 
64 
64 
64 
20863 
272448 
226158 
225735 
225831 
225864 
225717 
209433 
231978 
225594 
225678 
225696 
225699 
225675 
198753 
230607 
225594 
225687 
225714 
225660 
225705 
199267 
229395 
225759 
225867 
225768 
225735 
225795 
225039 
228252 
225648 
225690 
225630 
225705 
225696 
204432 
226362 
225600 
225618 
225681 
225657 
512495 
231834 
243141 
260592 
225882 
225666 
225729 
186309 
226515 
225642 
225657 
225615 
225693 
215965 
226437 
225639 
225645 
225663 
225657 
207379 
231828 
225600 
225606 
225732 
225687 
225624 
197727 
231018 
225834 
225627 
225810 
225825 
225750 
198624 
229872 
225927 
225945 
226020 
225735 
206976 
230898 
225747 
225819 
225687 
225627 
225744 
200306 
229500 
225807 
225852 
225786 
225768 
225756 
202396 
228141 
225570 
225600 
225684 
225705 
225486 
306515 
226773 
225798 
225723 
225789 
225720 
202783 
232929 
225582 
225636 
226083 
225636 
225657 
203396 
226770 
225618 
226071 
225642 
226029 
214752 
232215 
225630 
225645 
225717 
225687 
225606 
202045 
230772 
225756 
225636 
225771 
225786 
225768 
198552 
229659 
225651 
225624 
225600 
225624 
225645 
199973 
228423 
225990 
225777 
226338 
227400 
227322 
203961 
227094 
226032 
226011 
226089 
225639 
220797 
232677 
225639 
225624 
225675 
225624 
225891 
1556164 
250528 
240123 
236810 
234075 
226925 
267054 
228390 
225909 
225822 
226158 
225780 
226017 
195847 
227376 
225834 
225588 
225993 
225681 
225660 
210674 
226248 
225612 
225642 
225570 
225702 
466711 
231363 
225804 
225729 
225651 
225765 
225759 
196394 
230307 
225714 
225729 
225819 
225756 
225711 
190809 
232995 
225735 
225783 
225795 
225861 
210298 
231141 
225561 
225588 
225774 
225672 
225609 
199856 
229803 
225804 
225708 
225765 
225987 
225768 
200821 
228420 
225849 
225831 
225762 
225837 
225735 
201962 
227106 
225735 
225741 
225792 
226065 
225969 
202835 
226209 
225723 
225699 
225777 
225795 
207124 
231432 
225765 
226110 
225783 
225738 
225786 
454941 
230499 
225906 
225765 
225768 
225690 
210291 
228114 
225708 
225612 
225621 
225648 
225690 
34355 
64 
64 
64 
64 
262163 
229422 
225936 
225804 
225651 
225879 
227193 
198897 
228072 
225627 
225600 
225642 
225552 
225639 
202844 
226731 
226245 
225963 
226965 
226113 
212211 
232332 
225726 
225693 
225753 
225762 
225804 
197896 
231294 
225897 
226221 
225684 
225702 
225708 
199405 
229752 
225960 
225876 
226116 
226170 
226854 
202187 
228228 
225765 
225726 
225693 
225609 
225678 
1484418 
254441 
244988 
239799 
237145 
283046 
228036 
225927 
225786 
225765 
225801 
225753 
212379 
228120 
226044 
225888 
226950 
225852 
225630 
203394 
226683 
225759 
225723 
225657 
225672 
218217 
233214 
226107 
226050 
225726 
225642 
225546 
198202 
231012 
225681 
226038 
225981 
227187 
226434 
199688 
229434 
225687 
225603 
225621 
225603 
225705 
200300 
228162 
225765 
225534 
225993 
225999 
225687 
42398 
64 
64 
64 
53296 
257776 
232344 
225774 
225768 
225849 
225726 
226008 
197404 
231378 
225723 
225777 
226173 
225891 
225972 
460947 
230079 
225828 
225702 
225732 
225705 
226128 
200669 
228945 
225708 
225633 
225606 
225576 
225594 
201313 
227667 
225621 
225687 
225648 
225648 
225669 
214646 
226533 
225567 
225636 
225633 
225645 
208045 
231792 
225666 
225678 
225657 
225681 
225690 
1039192 
271747 
254368 
245896 
240326 
236483 
288881 
227747 
225864 
225771 
225744 
225792 
225756 
214944 
226008 
225561 
225645 
225675 
225705 
207346 
231363 
225714 
225717 
225723 
225759 
225804 
197575 
230331 
225639 
225669 
225669 
225723 
225720 
198320 
232605 
225738 
225780 
225696 
225756 
225792 
203337 
226872 
225627 
225690 
225645 
225600 
220251 
232419 
225705 
225765 
225774 
225756 
225720 
171713 
64 
64 
64 
64 
64204 
265340 
228951 
225789 
225777 
225798 
225819 
225771 
195648 
228123 
225657 
225537 
225615 
225660 
225636 
202156 
226794 
225603 
225615 
225615 
225618 
221934 
235003 
225657 
225783 
225705 
225726 
225765 
197719 
230811 
225627 
225705 
225702 
225723 
225699 
197838 
229719 
225708 
225819 
225780 
225726 
225816 
199461 
228594 
225747 
225783 
225654 
225705 
225789 
4523480 
269293 
250943 
243642 
287344 
241123 
233302 
221622 
225858 
225747 
225777 
232812 
228267 
225624 
225693 
225681 
225708 
225753 
202504 
227181 
225603 
225606 
225627 
225636 
226959 
235340 
225744 
225753 
