3612316 
3611863 
3610878 
3610021 
3608606 
3608380 
3608373 
3607297 
3606249 
3605643 
3601557 
3600873 
3600221 
3598416 
3598373 
3597067 
3595833 
3595773 
3594554 
3592273 
3592023 
3589295 
3587515 
3587435 
3587423 
3587265 
3585141 
3582787 
3581836 
3580195 
3580008 
3579383 
3578607 
3577401 
3575967 
3571883 
3569082 
3562358 
3562173 
3561622 
3545423 
3544283 
3544235 
3540717 
3534809 
3533263 
3530119 
3529092 
3528794 
3528549 
3527763 
3527392 
3525639 
3524703 
3514257 
3512904 
3509776 
3509496 
3508260 
3503532 
3503310 
3499679 
3499545 
3499317 
3498923 
3497287 
3496377 
3495933 
3494559 
3494558 
3494154 
3492218 
3490874 
3489704 
3488302 
3484734 
3483506 
3482814 
3482490 
3482419 
3481766 
3481595 
3481148 
3480538 
3480304 
3479480 
3479138 
3478032 
3477800 
3476179 
3475854 
3474083 
3473472 
3473354 
3471721 
3471392 
3470858 
3470756 
3470437 
3470159 
3469562 
3469108 
3469092 
3469029 
3468667 
3468573 
3468568 
3467801 
3465400 
3465074 
3464446 
3464160 
3463751 
3462798 
3462559 
3461917 
3461316 
3461204 
3460785 
3459607 
3458980 
3458808 
3458506 
3456850 
3455923 
3455156 
3454451 
3453819 
3453801 
3453579 
3453068 
3452725 
3452362 
3452102 
3451460 
3451367 
3451264 
3451249 
3451191 
3450975 
3450646 
3450465 
3450457 
3450414 
3450222 
3449621 
3449564 
3449321 
3449155 
3448442 
3448335 
3448174 
3447942 
3447319 
3446341 
3446002 
3445612 
3445388 
3445038 
3444853 
3443434 
3443240 
3443175 
3442919 
3442572 
3442312 
3442266 
3442111 
3441519 
3441347 
3441048 
3439938 
3439817 
3439779 
3439684 
3439484 
3439188 
3439123 
3438618 
3438358 
3437965 
3437588 
3437534 
3437343 
3437031 
3436980 
3436053 
3435660 
3435412 
3434778 
3434672 
3434509 
3434024 
3434014 
3432668 
3432649 
3432638 
3432519 
3432258 
3432199 
3431831 
3431813 
3431646 
3431552 
3431060 
3431055 
3430792 
3430569 
3430536 
3430371 
3430227 
3430191 
3429974 
3429611 
3429434 
3429345 
3429163 
3429074 
3428904 
3428890 
3428736 
3428387 
3428045 
3428044 
3428009 
3427985 
3427952 
3427919 
3427847 
3427611 
3427402 
3427362 
3427196 
3427165 
3427105 
3427052 
3426619 
3426503 
3426470 
3424810 
3424609 
3424501 
3424413 
3424260 
3424074 
3424058 
3424005 
3423954 
3423812 
3423649 
3423429 
3423309 
3423169 
3423083 
3423038 
3423002 
3422998 
3422790 
3422466 
3422398 
3422378 
3422236 
3421177 
3420932 
3420513 
3420274 
3420257 
3419705 
3419679 
3419649 
3419537 
3419523 
3419420 
3419012 
3418971 
3418683 
3418542 
3418455 
3417954 
3417721 
3417712 
3417541 
3417349 
3417324 
3417086 
3417033 
3416958 
3416937 
3416866 
3416801 
3416384 
3416313 
3416006 
3415995 
3415983 
3415861 
3415624 
3415415 
3415354 
3414802 
3414761 
3414696 
3414589 
3414577 
3414381 
3414374 
3414261 
3414085 
3414055 
3414034 
3414003 
3413737 
3413624 
3413288 
3413068 
3412897 
3412814 
3412751 
3412732 
3412702 
3412614 
3412436 
3412381 
3412368 
3412109 
3412107 
3411864 
3411839 
3411821 
3411776 
3411517 
3411501 
3411426 
3411339 
3411135 
3410979 
3410956 
3410931 
3410870 
3410868 
3410685 
3410654 
3410651 
3410499 
3410456 
3410408 
3410403 
3410387 
3410286 
3410116 
3409905 
3409870 
3409697 
3409645 
3409557 
3409526 
3409505 
3409473 
3409341 
3409280 
3409189 
3409098 
3409067 
3409037 
3409011 
3409001 
3408886 
3408801 
3408789 
3408715 
3408670 
3408619 
3408583 
3408543 
3408442 
3408413 
3408365 
3408349 
3408248 
3408166 
3408155 
3408137 
3408091 
3408024 
3408015 
3407966 
3407846 
3407812 
3407783 
3407676 
3407623 
3407577 
3407577 
3407455 
3407433 
3407208 
3407182 
3407143 
3407105 
3406489 
3406451 
3406322 
3406222 
3406010 
3405963 
3405947 
3405892 
3405778 
3405620 
3405429 
3405358 
3405349 
3405335 
3405210 
3405186 
3405176 
3405136 
3405079 
3404884 
3404874 
3404874 
3404739 
3404544 
3404420 
3404317 
3404282 
3404209 
3403976 
3403863 
3403830 
3403820 
3403817 
3403815 
3403671 
3403532 
3403524 
3403522 
3403480 
3403459 
3403441 
3403421 
3403412 
3403387 
3403352 
3403332 
3403329 
3403293 
3403276 
3403276 
3403250 
3403207 
3403207 
3403202 
3403188 
3403058 
3403032 
3403025 
3403012 
3402992 
3402979 
3402941 
3402921 
3402913 
3402829 
3402762 
3402709 
3402638 
3402570 
3402547 
3402464 
3402446 
3402430 
3402428 
3402330 
3402320 
3402286 
3402242 
3402231 
3402220 
3402157 
3402148 
3402138 
3402133 
3402117 
3402059 
3402042 
3401943 
3401861 
3401855 
3401845 
3401827 
3401733 
3401732 
3401725 
3401676 
3401600 
3401595 
3401517 
3401517 
3401508 
3401461 
3401451 
3401430 
3401395 
3401381 
3401336 
3401331 
3401286 
3401258 
3401228 
3401197 
3401167 
3401144 
3401095 
3401048 
3401002 
3400967 
3400934 
3400922 
3400871 
3400849 
3400813 
3400780 
3400770 
3400736 
3400705 
3400662 
3400655 
3400647 
3400583 
3400558 
3400541 
3400496 
3400480 
3400434 
3400414 
3400402 
3400355 
3400288 
3400269 
3400234 
3400224 
3400215 
3400214 
3400208 
3400193 
3400191 
3400174 
3400165 
3400139 
3400125 
3400089 
3400076 
3400067 
3400007 
3399995 
3399971 
3399941 
3399893 
3399857 
3399823 
3399813 
3399750 
3399742 
3399635 
3399630 
3399556 
3399471 
3399432 
3399404 
3399375 
3399371 
3399123 
3399099 
3399042 
3399003 
3398889 
3398807 
3398717 
3398631 
3398617 
3398611 
3398507 
3398290 
3398227 
3398195 
3398142 
3398050 
3397979 
3397790 
3397784 
3397768 
3397509 
3397313 
3397280 
3397123 
3397078 
3396898 
3395768 
3395706 
