3443884 
3440132 
3419153 
5280152 
3736314 
3631777 
2494012 
3716497 
3581103 
3550197 
5033111 
3782380 
3649290 
4500887 
3764032 
3555014 
3894575 
3584429 
3649265 
2321907 
3586358 
3651853 
3844782 
3929292 
3829067 
3621260 
5411137 
3705875 
3698131 
3606657 
3751959 
3836786 
6742713 
3501193 
3818647 
3511283 
3626597 
3653015 
2305970 
3675342 
3859468 
3708560 
5371935 
3660338 
3630964 
3554287 
3632991 
3995078 
3541961 
3597576 
3476543 
3707814 
3493411 
3619776 
3646716 
5387544 
3840777 
3918382 
3663298 
3883721 
3845688 
3630348 
3547030 
3541665 
3242783 
5688854 
3445341 
5267666 
3768911 
3814482 
4086201 
3593095 
3660928 
3610332 
3626085 
3591706 
3474696 
3813268 
3734807 
3636967 
2703918 
3656585 
3689250 
4067259 
3652045 
3500568 
3686435 
5751265 
3874004 
3692027 
3416485 
3595686 
3614915 
3964101 
3699272 
3873120 
3656098 
2405140 
3710026 
3219118 
3694685 
7015100 
3454317 
3394649 
3616218 
3713077 
2668187 
3548832 
3468522 
3709230 
3715338 
3685810 
3701796 
5446595 
3677847 
3735029 
3814893 
3578077 
4025073 
3914884 
3664738 
3642547 
3744159 
3552490 
3569601 
2495254 
3732400 
3666386 
3733295 
5521400 
3699368 
3722503 
3733107 
3800895 
3676821 
6892873 
3420574 
3655532 
2583946 
3522414 
5729334 
3667571 
3875976 
3784017 
3707111 
3655998 
3525224 
4703965 
3453984 
3617069 
5340804 
3991978 
3585051 
3603520 
4214650 
3741776 
3663957 
3538166 
3715831 
3514783 
2146079 
3782814 
3758151 
3691159 
5495924 
3828041 
3895466 
3734933 
3696034 
6466292 
3445452 
3494832 
3063207 
3179313 
3829073 
3604456 
5556822 
3745093 
3782873 
3523797 
3767513 
3642397 
3571684 
3625436 
3738210 
3420885 
2986807 
3682988 
3706223 
5770812 
4073531 
3619212 
3551843 
3582354 
3664861 
3739076 
3642547 
3656971 
3445491 
2883657 
3769945 
3636413 
9163296 
3459757 
3268414 
3500225 
3699753 
3503037 
2520691 
3591473 
3660655 
3703543 
3685723 
3766809 
3897342 
3617883 
3498421 
3410116 
3582384 
3911622 
3692776 
6083122 
3664726 
3770287 
3615043 
3637430 
3739867 
3427799 
3620333 
3638524 
3735515 
2575909 
3653057 
3622761 
5677837 
3787458 
3670100 
6962165 
3652044 
3398380 
3533116 
3695784 
3682516 
2186596 
3543313 
3677095 
3721917 
5609040 
3832518 
3656079 
3897966 
3692683 
3526894 
4068172 
3556082 
3695741 
2475416 
3656152 
3652912 
3680551 
5527997 
3958576 
3605913 
3932716 
3599398 
3646811 
3567682 
3700193 
3641482 
2375962 
3510615 
3434258 
5252657 
3837611 
4109587 
3321361 
3584130 
3558806 
2797679 
3147713 
3614174 
3834555 
5528859 
3784564 
3581483 
3547298 
3898191 
4120580 
3383472 
3629725 
3895117 
3954079 
3696597 
3568755 
3695603 
2427443 
3671191 
3733673 
5656513 
4121645 
3847969 
3402460 
3532902 
3637991 
6688375 
3603525 
3449157 
2523304 
3565073 
3635530 
3841747 
3666323 
3670145 
3716518 
5846947 
3618102 
3635888 
3434919 
3826950 
3715514 
3514971 
3683270 
3652717 
2782721 
3742354 
3596632 
3655765 
5462553 
3961117 
3970131 
3448967 
3539455 
3495488 
3608771 
3686682 
4057047 
3683684 
5410062 
3424168 
5468283 
3869714 
3768523 
3341708 
3577178 
3716422 
8890674 
3664396 
3493917 
3503361 
3699138 
3682001 
3603907 
3648215 
4092862 
2381976 
3662060 
3662011 
3632456 
3928790 
3791284 
3618260 
5738839 
3990943 
3682254 
3422229 
3661764 
3659114 
3785646 
3632521 
3550032 
6840246 
3490184 
3524681 
2356466 
3658661 
3712384 
3768873 
5538084 
3659565 
3487065 
3806573 
3889853 
3708587 
3638292 
3734527 
3662768 
3211275 
2885820 
3658746 
3677024 
5591790 
3825365 
3548381 
3707621 
4005029 
3894799 
3515978 
3564677 
3674759 
3274710 
2972845 
3724411 
3680938 
5571310 
3821011 
3706759 
3556346 
3676721 
2827224 
2965606 
3807576 
3795367 
5357162 
3752918 
3577742 
3708468 
3605354 
3911199 
3547255 
3631923 
3679795 
3858288 
3714398 
3700634 
3283777 
3692743 
3665671 
3712590 
3164600 
3666777 
3864669 
3603419 
3711194 
3579440 
3793864 
5779591 
3729718 
6728499 
3664304 
3467384 
2129451 
3794084 
3567502 
3623762 
3597623 
3648566 
3723702 
3736256 
3624368 
3639775 
3340624 
3700980 
3654400 
3410882 
3892608 
3941143 
3558997 
3592980 
3739007 
3639026 
2505596 
3680462 
3678689 
5513749 
3751787 
3675072 
3474206 
3829716 
3725686 
3742805 
3219790 
3540318 
3700293 
7877130 
3531280 
3378843 
3723179 
3917314 
3653494 
3480255 
3465834 
3615550 
3666440 
2394960 
3722977 
3496258 
3757860 
3898646 
3815910 
3646779 
3862021 
3730693 
3329212 
3663593 
3682985 
3477543 
3082742 
3716899 
3685239 
5678565 
3628953 
3823869 
3817841 
3702855 
3795063 
3459970 
6792723 
3487307 
2504392 
3706190 
3627699 
5665713 
3722094 
3807044 
3353610 
3675991 
3596004 
3449396 
2841503 
3703661 
3701652 
5478921 
3780995 
3948220 
3421123 
3693901 
3887352 
3531715 
3796962 
3608372 
3500389 
2698785 
3681823 
3648976 
5689667 
3824423 
3863832 
3605876 
3992149 
3638444 
6449302 
3490138 
3575195 
2628896 
3685390 
3601576 
5668269 
3987553 
3636693 
3516181 
3533632 
3558560 
3617397 
3884751 
3694664 
3700271 
3567190 
3649065 
3672867 
2500727 
3834481 
3694260 
3887104 
3556496 
3550785 
3670986 
5949868 
3747701 
3617130 
3382208 
3647131 
3704363 
3235532 
2855669 
7129304 
5179313 
3776761 
3780292 
3292825 
3648549 
3721258 
3337687 
2600577 
3571904 
3696526 
5419231 
4239845 
3695592 
3293074 
3691391 
3713930 
2746864 
3430700 
3574647 
3775674 
5620641 
4005869 
3892375 
3947693 
3565017 
3627368 
3303411 
3734119 
3716734 
2925317 
3363656 
3685349 
3677134 
8851612 
3786839 
3112202 
3572851 
3708107 
3012863 
2988797 
3654400 
3624634 
5100961 
3860451 
3693204 
3471611 
3804151 
4089281 
3460378 
3724575 
3765455 
3565062 
2718418 
3806179 
3692197 
5415439 
3820546 
3841555 
3431204 
3911483 
3817419 
3369306 
3539755 
3573317 
3662846 
2581591 
3629859 
9192635 
3641667 
3462850 
3410616 
3562358 
3789775 
3789842 
3631471 
3527906 
3644749 
3721631 
3722901 
3627137 
3953055 
3737432 
3673800 
4023176 
3905260 
3560595 
3775770 
3721061 
3824360 
3727706 
2422729 
3727026 
3816200 
3662697 
5667568 
3914115 
3162250 
3649503 
3687082 
3801709 
2399311 
6883118 
3496102 
5317843 
3948941 
3387170 
3540129 
3922844 
3623063 
3529309 
3701563 
3697857 
2967784 
3086675 
3596522 
3764157 
5763983 
3832589 
3385000 
3767100 
3657037 
3770634 
3727537 
3685205 
3652630 
3090927 
3225300 
3727850 
3614052 
5644433 
3820500 
3819184 
3270633 
3731005 
3766356 
6496206 
3446616 
3608161 
2855751 
3735429 
3684450 
5614016 
3708344 
4089711 
3275409 
3551356 
3544368 
3245839 
2690308 
3644258 
3661678 
5551091 
3758544 
3811134 
3551356 
3898154 
3701596 
2451622 
3286370 
3718957 
3686278 
5575386 
3897757 
3370517 
3638997 
3751377 
3745195 
4196945 
6746001 
3425211 
3601890 
3670130 
3665492 
3675921 
3680626 
3597053 
2470004 
3691239 
3695014 
3897535 
3719451 
3680315 
3600654 
3637966 
3706024 
3992171 
3604875 
5952279 
3699301 
3196582 
3723092 
3871378 
3779299 
2347726 
3559151 
3612560 
3660048 
3803245 
3745672 
3660566 
5716149 
3850427 
4890862 
3445757 
3515348 
3540939 
5257478 
4032865 
3615940 
3633029 
3447929 
6318727 
3518510 
3510694 
4190567 
3496528 
3597122 
5858902 
3928664 
3685450 
3126955 
3588054 
3718334 
3907454 
3741250 
3487824 
3838485 
3645014 
3607070 
3734731 
3486816 
2602001 
3703248 
3739204 
9031053 
3455815 
3183234 
3546998 
20946643 
3451118 
3362254 
16489818 
2393868 
3406028 
3488186 
3948060 
3547641 
3562354 
3705641 
6084953 
3593388 
3088097 
3557664 
3523126 
3656455 
4234352 
3858982 
3762314 
3158773 
3744318 
3792509 
7653872 
3449822 
3425651 
2556331 
3634855 
3931025 
5502622 
3795126 
3567161 
3240601 
3612338 
3670481 
3268423 
3591300 
3618449 
3630831 
4788968 
4039279 
3916673 
3132665 
3580140 
3616017 
3216975 
2878653 
3743891 
3577629 
5638333 
3998485 
3882074 
3232177 
3788200 
3751933 
2701916 
3030963 
6949763 
5408333 
3732031 
3651270 
3148960 
3596142 
3643610 
3398889 
4889204 
3811604 
3257610 
3353059 
3613128 
3629267 
3263832 
3595425 
3678767 
19405210 
3507067 
3408031 
10070123 
2990641 
2789427 
3524161 
3594627 
5671347 
4037173 
3919855 
6253348 
3453025 
3546669 
3691192 
3607995 
3775733 
2518500 
3611445 
3655985 
3545309 
5824283 
3908556 
3121514 
3656483 
3972033 
3661707 
3639366 
4066518 
3843894 
2293536 
3662878 
3694422 
3625693 
6171489 
3734395 
3365208 
3445815 
3873803 
3669015 
3155092 
3689968 
3791053 
5078215 
4004576 
3587996 
6370833 
3783196 
3675614 
3666090 
3622935 
3536028 
3202610 
3738781 
3717446 
3855116 
2380761 
3894300 
3718801 
5935231 
3645050 
3646900 
3129912 
3976225 
3684055 
2849363 
3215298 
3714059 
3794675 
5971857 
3878573 
3833984 
3202051 
3817654 
3627561 
3018657 
3617361 
3883899 
8093509 
3630309 
3052429 
3866868 
3721054 
3663311 
3823869 
3690913 
3509446 
3243312 
2958618 
3639730 
3812460 
6009649 
3911678 
3959910 
3189357 
3748610 
3762487 
2234142 
3789754 
3864660 
3962108 
3621854 
3622720 
3571593 
5556968 
4188676 
3228781 
3739018 
3710905 
3640518 
3783337 
3698871 
3751900 
