16653 
10473 
13431 
13251 
12786 
12849 
13008 
12864 
12768 
13149 
12777 
12891 
12786 
13044 
12858 
12774 
12846 
12660 
13014 
12882 
13347 
12783 
12825 
13068 
12801 
12822 
12786 
12858 
12765 
13104 
12777 
12864 
12915 
13182 
13278 
12792 
12807 
12813 
12798 
12762 
12777 
12852 
12978 
12125 
64 
64 
64 
64 
64 
64 
64 
64 
64 
64 
64 
64 
64 
64 
64 
64 
64 
64 
64 
64 
64 
64 
64 
64 
64 
64 
64 
64 
64 
64 
64 
64 
64 
64 
1769 
10782 
12792 
13254 
12873 
12858 
12795 
13137 
13056 
12834 
12477 
12831 
12897 
12816 
12963 
12891 
12981 
12819 
12903 
12831 
35883 
12501 
13170 
12708 
12804 
13119 
13149 
12900 
12972 
12726 
12843 
13107 
12828 
13299 
12834 
13302 
12837 
12921 
12975 
13107 
12942 
13230 
13134 
13260 
13122 
12990 
12816 
13230 
12816 
13230 
12894 
13302 
12891 
13545 
12516 
13263 
12894 
13236 
13014 
12999 
12885 
12984 
13185 
13578 
12792 
12750 
12804 
12981 
12804 
13251 
12828 
13152 
12819 
12963 
12540 
12930 
13212 
12840 
12966 
13077 
13212 
13122 
12918 
13230 
12894 
13440 
12825 
13293 
12852 
13446 
12798 
12990 
12942 
12996 
13029 
13227 
13320 
13092 
13155 
12921 
12852 
13227 
12549 
12948 
12993 
13533 
12993 
13539 
12807 
12855 
12903 
13170 
12831 
12927 
13149 
12942 
12906 
13248 
12831 
13239 
12663 
13584 
12843 
12996 
13002 
12924 
12948 
13128 
12981 
13242 
12855 
13374 
13140 
13239 
13161 
13434 
7464 
10857 
12798 
13518 
12912 
13524 
13065 
13284 
12972 
12948 
13125 
12951 
12663 
13278 
13242 
12954 
12990 
12972 
12930 
13875 
12858 
12933 
12870 
13413 
12951 
13275 
12882 
13269 
13128 
13272 
12609 
13269 
13107 
13236 
12963 
13257 
12873 
13446 
12855 
13017 
12864 
13215 
12837 
13299 
12933 
13665 
12933 
13104 
12936 
13041 
13017 
13278 
12951 
12951 
13047 
13488 
13029 
13656 
13074 
12924 
13047 
13137 
13152 
13194 
13011 
13059 
13233 
13065 
12840 
12885 
12858 
12948 
12909 
13608 
12933 
13623 
13119 
12936 
12858 
12948 
12993 
12906 
13059 
13299 
13185 
12720 
12936 
12798 
12876 
13140 
12858 
13602 
12876 
13620 
12837 
13335 
12933 
12903 
12930 
13299 
13029 
13314 
12915 
12948 
12855 
12948 
12858 
13122 
2451774 
11145 
12909 
12939 
12753 
12762 
12756 
12807 
12759 
13119 
12762 
12813 
14124 
12434 
10503 
12801 
12858 
12936 
13014 
12780 
12888 
12792 
12669 
12840 
12792 
12861 
12882 
13314 
12774 
13140 
12954 
12492 
12837 
12816 
12840 
12957 
13242 
12780 
12909 
12768 
13029 
12453 
12900 
12852 
12777 
13047 
12900 
12963 
12927 
12891 
12918 
12876 
12774 
12846 
12813 
12783 
13152 
12795 
12813 
13074 
13086 
12900 
12882 
12771 
12921 
12807 
12840 
12852 
12762 
13092 
13320 
12771 
12840 
12801 
13041 
12783 
13098 
13038 
12900 
12885 
12867 
12972 
12840 
12807 
12762 
13116 
12477 
12786 
12777 
13101 
13017 
12777 
12867 
12771 
13095 
12432 
12783 
12765 
13152 
12768 
13206 
12771 
12819 
12780 
12777 
13287 
12831 
12822 
12768 
13254 
12909 
12783 
12780 
12807 
13305 
12768 
13251 
12813 
12912 
12798 
13113 
12816 
12828 
12579 
12852 
12741 
11739 
64 
10485 
12402 
13164 
12852 
12531 
12987 
13263 
12846 
12858 
12810 
12930 
13302 
13020 
13161 
15033 
14658 
19779 
15915 
14688 
15549 
13155 
12147 
12876 
14142 
10683 
12933 
13254 
12843 
12807 
12957 
12876 
12867 
13005 
13308 
12927 
12867 
12843 
13233 
13134 
12855 
12942 
12492 
13011 
12867 
13152 
12849 
13368 
13041 
12999 
13002 
12906 
12939 
12831 
13191 
12870 
13059 
12849 
12864 
13023 
12501 
13182 
12864 
12921 
12834 
13137 
12825 
13026 
13227 
12555 
12822 
12948 
13110 
12828 
12939 
12894 
13188 
12789 
12882 
12876 
12822 
12819 
13032 
13470 
12804 
13266 
12852 
12888 
12882 
12804 
12963 
13035 
12873 
13035 
12867 
12900 
13029 
12795 
12867 
12960 
12909 
13017 
12831 
12882 
12834 
12921 
12864 
12876 
12825 
12975 
12807 
12876 
13338 
64 
11163 
13734 
13554 
13329 
13389 
13413 
13530 
13449 
13899 
13692 
13347 
13662 
13359 
13638 
13536 
13308 
13536 
13395 
13359 
13326 
13344 
13989 
13434 
13425 
13347 
13428 
13347 
13347 
13398 
13164 
13413 
13515 
13446 
13581 
13518 
13491 
13407 
13530 
11439 
12954 
12912 
12816 
12951 
12477 
12876 
12981 
13155 
12822 
12795 
12735 
12858 
13011 
13146 
12894 
12840 
12861 
12933 
12813 
12816 
13011 
12990 
12966 
12900 
13098 
12936 
12900 
13011 
12774 
12867 
12870 
13143 
12798 
12798 
12969 
13152 
13311 
12927 
12981 
12807 
13296 
12828 
12813 
12924 
13167 
12885 
12816 
12804 
12855 
12804 
12819 
12855 
12840 
13347 
12876 
13128 
12786 
12786 
12939 
12816 
13296 
12801 
12861 
12804 
13137 
13158 
12840 
12804 
12795 
8733 
4973 
10452 
12945 
12927 
13203 
13203 
12915 
12939 
12885 
13335 
13284 
13023 
13143 
14034 
13269 
13443 
13080 
13020 
12942 
12831 
13359 
12510 
13239 
12777 
12867 
12903 
12933 
12852 
12777 
13095 
12852 
12846 
10467 
12495 
13044 
12951 
12810 
12957 
13149 
12609 
12828 
12999 
12885 
12927 
12921 
12819 
12831 
12987 
12507 
13473 
12975 
12960 
12960 
13344 
13182 
12786 
12843 
12471 
13029 
12753 
12945 
12762 
13206 
13290 
12756 
12843 
12786 
12411 
12759 
12819 
12810 
13161 
12771 
12828 
12885 
12783 
12990 
12783 
13308 
12762 
12933 
12750 
13269 
12762 
12831 
12420 
12732 
12819 
12864 
12843 
12852 
12837 
12765 
13239 
12852 
12762 
12747 
12783 
12834 
12765 
12864 
12729 
13152 
12411 
12858 
12849 
13002 
12804 
12888 
12756 
12786 
13083 
12939 
12843 
1130952 
67292 
49592 
38741 
30470 
25405 
22014 
20092 
18417 
17463 
17297 
16308 
16120 
15356 
10410 
12951 
12825 
12816 
12834 
13197 
12840 
12888 
12834 
13014 
12933 
12822 
13239 
12873 
13098 
12891 
12945 
12816 
12834 
12891 
12993 
12468 
12906 
13383 
12852 
12873 
12900 
12999 
12825 
12828 
13221 
13008 
12813 
12873 
13383 
12798 
12810 
12876 
12864 
12918 
12786 
13143 
12816 
12813 
12819 
13161 
12882 
12891 
13335 
12843 
12792 
12891 
13149 
12816 
13017 
12924 
12804 
13101 
12855 
13140 
12870 
12798 
12882 
13083 
12774 
12840 
12924 
12780 
12789 
12531 
12978 
12801 
135007 
10920 
13164 
12408 
12945 
12831 
12735 
12774 
12774 
12834 
12732 
12774 
12483 
12882 
12747 
13134 
12738 
12963 
12771 
12744 
12723 
12828 
12435 
12750 
13101 
12843 
13104 
12771 
12756 
12810 
12906 
12573 
13005 
13182 
12900 
12873 
12852 
12969 
12927 
12771 
13053 
12843 
12771 
12909 
13116 
13023 
12840 
13044 
12783 
12963 
12768 
13098 
12771 
12804 
12768 
13302 
12771 
12891 
12906 
12777 
12768 
12855 
12771 
12762 
13131 
12936 
12987 
12561 
12795 
12963 
12783 
12804 
12777 
13110 
12768 
12795 
12813 
13179 
12786 
12786 
12963 
12906 
12885 
12774 
12954 
12834 
13122 
12765 
12792 
12828 
12783 
12771 
12801 
12888 
12783 
13179 
12801 
2482 
10812 
12879 
13293 
12936 
12852 
12789 
12594 
12873 
12852 
12471 
12873 
13275 
12954 
12996 
12816 
12543 
12801 
12795 
13191 
12954 
12828 
12795 
13161 
13017 
12825 
13179 
12813 
12858 
12816 
13179 
