22483350 
34432417 
24531892 
25252611 
22647238 
22484444 
24906015 
23227131 
23988650 
22170965 
24111714 
26454041 
20919528 
24229019 
22988451 
23655577 
22552096 
26609312 
23092164 
23044037 
23599782 
23211464 
26497893 
23052240 
24417076 
23251478 
21127659 
24804145 
25874534 
22864724 
23811207 
22902326 
23359199 
26421652 
23195779 
24353330 
23770118 
22927645 
22415922 
27465808 
21948838 
24656898 
25229316 
23429920 
26320033 
24176107 
23454640 
21454427 
24500266 
26597232 
22615434 
23007396 
25072220 
23035776 
22356516 
27976287 
23300431 
22477906 
25159898 
23574664 
26346637 
22572749 
23397288 
24017820 
24219420 
23675978 
26644795 
23636660 
25231380 
22689176 
25168684 
25712891 
24970657 
23573401 
22830314 
23770901 
24232893 
26468433 
23552997 
23937169 
23977468 
24643362 
26863200 
25329832 
22322185 
24087966 
23795727 
27730035 
22291354 
22061235 
23810176 
23445043 
23044602 
28074948 
23287444 
23156275 
23048318 
25318414 
24906751 
24308547 
23167316 
25866567 
22322723 
25400670 
24943436 
25235710 
23967617 
22448672 
25372585 
26736744 
23936363 
22447552 
24621372 
23580483 
27551432 
24883254 
22573091 
25869016 
22910968 
26864947 
23480655 
23850565 
25637247 
22502940 
23790103 
26892971 
25188738 
22656962 
40159898 
51766768 
23642986 
23165280 
25511505 
24131627 
25274583 
24331469 
23470983 
26009712 
24005978 
36940391 
33350090 
23612059 
23798734 
24033621 
26416674 
25490019 
23118198 
24341741 
23553139 
26990057 
25109486 
22256572 
25684132 
22642503 
29160722 
22098777 
25768424 
23137559 
23357976 
29007910 
21957874 
23703246 
26000728 
22217266 
24025692 
26450801 
25240318 
23730435 
24147787 
23749165 
26913554 
23710944 
23741677 
23982446 
22161656 
25463870 
26479962 
23947492 
22457901 
25918805 
22323813 
28305664 
22414173 
25617571 
24271568 
24489352 
27127007 
23592751 
24009433 
24134405 
24217984 
26305632 
25468846 
25585468 
23843196 
21957280 
23935588 
29177838 
23467468 
24524073 
24260089 
24313385 
27130851 
24563538 
22317776 
25965664 
24110034 
24950983 
26078151 
24613156 
24274467 
24910233 
23345229 
25545448 
25491960 
24659225 
23928976 
24180284 
24690109 
25793362 
23157990 
25749595 
24394133 
26399894 
22571038 
25020411 
22946495 
26081809 
23816304 
25295731 
25450858 
24015008 
24150106 
22356196 
26777828 
25576307 
21953417 
26351248 
23394399 
25685227 
24970499 
22654102 
26355931 
23113338 
22804802 
28327169 
23596904 
23792658 
22788574 
25592074 
27394391 
23361824 
23872499 
22658047 
29965704 
24727241 
25149991 
22587795 
25804081 
22194304 
25494897 
26780639 
23840125 
23077566 
25421314 
24302319 
26182263 
24228310 
21756347 
25395454 
23201101 
26914952 
21795132 
25889230 
23005434 
24785852 
22494708 
25484057 
24927032 
22340696 
25216660 
23621872 
26741533 
23138384 
21973608 
25374752 
22055345 
28573665 
22606760 
22176917 
25153474 
22820880 
23046616 
28232811 
23561554 
21932838 
25391563 
24359168 
25819507 
23985729 
23226060 
22115134 
23553793 
25329052 
24719315 
25526485 
23417975 
23700354 
23074722 
25007004 
25459810 
22927649 
23759076 
21949981 
23441652 
22822132 
23405945 
24220057 
21887448 
25137259 
26029608 
22272728 
24973374 
24495306 
21588645 
28125069 
24099344 
23738991 
23933746 
23509861 
34772641 
21766315 
25393720 
24396019 
22838520 
22898987 
26945327 
25658907 
22776897 
24337007 
23535783 
26863166 
25431922 
40997438 
43547152 
27617777 
21903627 
25408245 
23405497 
23995659 
26170846 
23502726 
23067724 
24960780 
22154713 
27241311 
39626160 
44803096 
20796177 
29177714 
23654254 
24952388 
23452414 
24929530 
21319619 
28511973 
22009929 
25813993 
24685051 
23456137 
27105989 
24567948 
24031408 
23217021 
24989699 
25252781 
25536520 
23705276 
28137288 
23766404 
24646853 
22994019 
24248269 
27237242 
23676210 
23477478 
26732133 
24195354 
24147082 
24138633 
24584111 
27818733 
22653822 
25068516 
24774801 
24424751 
26996267 
23121886 
24122947 
24460069 
23516986 
24048010 
27705599 
23645214 
22719941 
25132326 
23917223 
28150083 
21640790 
25278469 
24752807 
23580135 
24149049 
27739488 
22958717 
24287577 
23925845 
24470410 
26710368 
23494651 
24241770 
24694740 
24675393 
27116564 
23128000 
23836568 
24245646 
24634832 
22692581 
28766918 
22384257 
25230563 
24105898 
24453058 
25418788 
24935829 
24796205 
22886487 
24941219 
28116077 
24531809 
23167722 
24620185 
24345227 
23875057 
26852029 
25392762 
22682517 
25121738 
25030625 
27216928 
22624691 
24629903 
23872891 
24133029 
26591409 
23687248 
25111621 
23306702 
24063954 
24125695 
27742722 
21961242 
25922377 
24192019 
24290033 
26148173 
25432575 
23782488 
24790947 
24766005 
26595243 
22838566 
24214634 
25587599 
22270357 
28164766 
23486390 
24376539 
25314865 
23672451 
23443465 
28673092 
23876225 
24513309 
22816529 
24385416 
27856233 
22077510 
26026389 
25929735 
21806598 
28394448 
24721923 
23604508 
24267145 
23570826 
25249399 
25659341 
24207542 
23729268 
24451606 
24025768 
27221882 
23909336 
29650428 
23643375 
23760687 
27121974 
24130470 
24395024 
24013581 
24052268 
28088436 
22770233 
25136042 
23315707 
24169557 
26719451 
24549744 
23723980 
25218582 
23510968 
24305846 
26747583 
24234015 
24257465 
23877958 
24765399 
26958619 
23628758 
23899249 
23248110 
25400889 
28781738 
23227790 
23005173 
25327880 
22791801 
24046247 
27270323 
23974722 
24514056 
23797576 
23905076 
26949083 
23485621 
24297847 
24065135 
24756512 
27889975 
22795451 
23594121 
24248436 
23913458 
24032727 
26829677 
23756960 
24346899 
24119055 
25054939 
25825374 
24056178 
23578233 
24652665 
25490980 
26790726 
23482422 
22716505 
24453431 
23820402 
23822140 
28184907 
23786502 
24469192 
22849325 
23654217 
28473114 
23713178 
25959524 
22486142 
24278967 
26481204 
23780676 
25334140 
22837286 
24109822 
27148198 
25694093 
23799604 
25646966 
22583379 
25232236 
25192192 
24475022 
23737478 
24392626 
23221918 
28471208 
22451072 
25202906 
22554216 
25557358 
26812930 
22402721 
25614763 
22864230 
24141681 
23913118 
27138954 
23613211 
24714788 
23947954 
24165952 
28198996 
22782816 
24340456 
25632242 
23806136 
25843611 
25453302 
24121471 
24669800 
22685429 
27272982 
23525042 
24475233 
23771823 
25733433 
24014760 
25289304 
28145050 
25967090 
24475930 
22551265 
28334697 
23644731 
22847456 
27269844 
23891614 
27019965 
23858815 
24215946 
22545714 
24710236 
23683277 
27010080 
23658123 
25194048 
23861301 
25735264 
27004796 
24155549 
22703266 
25841625 
23263870 
28924536 
23980750 
24242651 
24780970 
22422089 
29095782 
23483088 
23151169 
24062113 
24152707 
25831535 
26743488 
22708604 
25575012 
24305360 
23983779 
25682244 
23663217 
25684228 
22975096 
26345464 
22722534 
28843760 
22333657 
26174767 
24191474 
23849367 
25485588 
25773090 
24429055 
23994776 
24423947 
26524254 
24831247 
23186277 
25292624 
23871355 
27885292 
23298240 
24362286 
22794459 
25680057 
22356894 
28647624 
24140436 
24062964 
24247234 
23686689 
27373266 
22169157 
26402763 
22411657 
25737577 
25576311 
22940611 
25932405 
22786310 
25570343 
23930023 
27270765 
23900919 
24832387 
23046518 
24796292 
25206012 
25387411 
23588778 
22741044 
25725600 
25568940 
25247128 
23737869 
22515749 
25933767 
22580963 
28424270 
24677396 
23980481 
24910306 
23201846 
27630938 
22999009 
24074822 
26279216 
23873062 
25519096 
25359127 
24477154 
24407285 
22382404 
29239461 
21827254 
23646110 
26002604 
22849677 
23792004 
28384900 
22663468 
25512582 
23654693 
22553714 
31036449 
25628025 
23423707 
22291968 
25925229 
25335195 
25460141 
23164934 
22620129 
25585560 
23668832 
26706187 
23549319 
23397982 
24505461 
22194177 
28876248 
23197886 
23915573 
23488876 
24004853 
23369925 
26615296 
23157233 
24281526 
22940663 
24662345 
24782981 
25024392 
22067137 
25595052 
26590538 
23151444 
25101358 
25326993 
24059468 
23611248 
24192706 
25488930 
24243163 
23051741 
22560963 
25106285 
25253954 
25635664 
22754744 
25094508 
23179498 
22059442 
28294916 
23557590 
23753382 
23906290 
22900602 
27687310 
23364000 
23832347 
22629087 
24622758 
22513264 
25129344 
22073687 
24762450 
22925794 
24481684 
25778065 
24546317 
21957256 
24300970 
21813279 
26568648 
24900805 
24901035 
24355567 
22964015 
21942809 
28150108 
24372486 
21944564 
24821870 
23126214 
27811641 
20736517 
25038979 
22255545 
26309680 
21840667 
27442351 
23143355 
23535646 
22121150 
25163078 
25153841 
24904216 
22125398 
25286364 
21838822 
25575928 
25207572 
24736171 
24268582 
23104953 
24188859 
25812393 
24455520 
23583495 
22680211 
24215108 
24407907 
26555489 
22240702 
24790220 
24431836 
22037865 
27099127 
23579541 
23430047 
23840786 
23257446 
27435857 
22850181 
22234340 
25014996 
24636184 
22405584 
26849120 
24108584 
22700560 
24326788 
28121801 
26332223 
24044586 
29543695 
23552525 
24275509 
27497391 
22664441 
24896637 
25476450 
22736408 
27617727 
24061609 
22288044 
25835960 
23406523 
27965233 
25776105 
22609646 
22389698 
23305213 
24014556 
26440246 
23683168 
23867973 
24054032 
23885229 
26939715 
23709340 
24791034 
22037782 
25032619 
22715096 
28268727 
23467835 
23625064 
23410367 
24848194 
24397855 
22516230 
23874372 
24231834 
24418344 
23498106 
26981595 
23159107 
25532051 
22793842 
24758816 
26059569 
24205017 
25445582 
23886245 
25865186 
26880402 
24658002 
23182686 
25280760 
22233924 
28497752 
23257308 
25319567 
24112194 
22738902 
24863052 
26839817 
25316481 
23042152 
24161161 
25101051 
25994907 
23961854 
25202008 
24508007 
23589493 
25561191 
25687073 
24747100 
24050619 
23237608 
23947160 
27056567 
24169609 
24441212 
24055319 
24459240 
26864806 
24052294 
25419569 
22997521 
23972955 
27141653 
23715262 
24406575 
25187338 
23664116 
28241834 
21497418 
25416617 
24270027 
24482870 
22349448 
27790234 
23883610 
24380060 
24057533 
25515262 
27299929 
23122253 
23808142 
24355264 
25629444 
26058498 
24170476 
