26364 
26364 
26364 
26364 
26364 
26364 
26364 
26364 
26364 
26364 
26364 
26364 
26364 
26364 
26364 
26364 
26360 
26360 
26360 
26360 
26360 
26360 
26360 
26360 
26360 
26360 
26360 
26360 
26360 
26360 
26360 
26360 
26360 
26360 
26360 
26360 
26356 
26356 
26352 
26352 
26352 
26352 
26352 
26352 
26352 
26352 
26352 
26352 
26352 
26352 
26352 
26352 
26352 
26352 
26352 
26352 
26352 
26352 
26352 
26352 
26352 
26352 
26352 
26352 
26352 
26352 
26352 
26352 
26352 
26352 
26352 
26352 
26352 
26352 
26352 
26352 
26352 
26352 
26352 
26352 
26352 
26352 
26352 
26352 
26352 
26352 
26352 
26352 
26352 
26352 
26352 
26352 
26352 
26352 
26352 
26352 
26352 
26352 
26352 
26352 
26352 
26352 
26352 
26352 
26352 
26352 
26352 
26352 
26352 
26352 
26352 
26352 
26352 
26352 
26352 
26352 
26352 
26352 
26352 
26352 
26352 
26352 
26352 
26352 
26348 
26348 
26348 
26348 
26348 
26348 
26348 
26348 
26348 
26348 
26348 
26348 
26348 
26348 
26348 
26348 
26348 
26348 
26348 
26340 
26336 
26320 
25736 
25572 
25432 
25352 
25344 
25344 
25344 
25344 
25340 
25340 
25340 
25340 
25340 
25340 
25340 
25336 
25308 
25308 
25304 
25304 
25304 
25300 
25280 
25260 
25224 
25192 
25184 
25184 
25184 
25184 
25184 
25184 
25184 
25180 
25180 
25180 
25180 
25176 
25168 
25168 
25164 
25164 
25164 
25164 
25164 
25164 
25164 
25164 
25164 
25164 
25164 
25164 
25164 
25164 
25164 
25164 
25164 
25164 
25160 
25160 
25160 
25160 
25160 
25160 
25160 
25160 
25160 
25160 
25160 
25160 
25160 
25160 
25160 
25160 
25160 
25160 
25160 
25160 
25160 
25160 
25160 
25160 
25160 
25160 
25160 
25160 
25160 
25160 
25160 
25160 
25160 
25160 
25160 
25160 
25160 
25160 
25160 
25160 
25160 
25160 
25160 
25160 
25160 
25160 
25160 
25160 
25160 
25160 
25160 
25160 
25160 
25160 
25160 
25160 
25160 
25160 
25160 
25160 
25160 
25160 
25160 
25160 
25160 
25160 
25160 
25160 
25156 
25156 
25156 
25156 
25156 
25156 
25156 
25156 
25156 
25156 
25156 
25156 
25156 
25156 
25156 
25156 
25156 
25156 
25156 
25156 
25156 
25156 
25156 
25156 
25156 
25156 
25156 
25156 
25156 
25156 
25156 
25156 
25156 
25156 
25156 
25156 
25156 
25156 
25156 
25156 
25156 
25156 
25156 
25148 
25140 
25132 
24868 
24680 
24360 
24336 
24244 
24244 
24240 
24240 
24240 
24240 
24240 
24240 
24240 
24240 
24240 
24236 
24236 
24236 
24236 
24236 
24212 
24200 
24196 
24196 
24176 
24176 
24128 
24116 
24092 
24088 
24088 
24088 
24088 
24088 
24088 
24088 
24088 
24088 
24088 
24088 
24088 
24084 
24084 
24078 
24072 
24072 
24068 
24068 
24068 
24068 
24068 
24068 
24068 
24068 
24068 
24068 
24068 
24068 
24068 
24068 
24068 
24068 
24068 
24068 
24068 
24068 
24068 
24068 
24068 
24068 
24068 
24068 
24068 
24068 
24068 
24068 
24068 
24068 
24068 
24068 
24068 
24068 
24068 
24068 
24068 
24068 
24068 
24068 
24068 
24068 
24068 
24068 
24068 
24068 
24068 
24068 
24068 
24068 
24068 
24068 
24068 
24068 
24068 
24068 
24068 
24068 
24068 
24068 
24068 
24068 
24068 
24068 
24068 
24068 
24068 
24068 
24068 
24068 
24068 
24068 
24068 
24068 
24068 
24068 
24068 
24068 
24068 
24068 
24068 
24068 
24068 
24068 
24068 
24068 
24068 
24068 
24068 
24068 
24068 
24068 
24068 
24068 
24068 
24068 
24068 
24068 
24068 
24068 
24068 
24068 
24068 
24068 
24068 
24068 
24068 
24064 
24064 
24064 
24064 
24064 
24064 
24064 
24064 
24064 
24064 
24064 
24064 
24064 
24064 
24064 
24060 
24060 
24060 
24060 
24060 
24060 
24060 
24060 
24060 
24060 
24060 
24060 
24060 
24060 
24060 
24060 
24060 
24060 
24060 
24060 
24060 
24060 
24060 
24060 
24044 
23723 
23576 
23488 
23464 
23464 
23452 
23232 
23232 
23232 
23232 
23232 
23232 
23232 
23232 
23232 
23232 
23232 
23232 
23232 
23228 
23228 
23228 
23228 
23228 
23228 
23228 
23228 
23196 
23188 
23164 
23128 
23124 
23108 
23088 
23088 
23088 
23088 
23088 
23088 
23088 
23088 
23084 
23084 
23084 
23084 
23084 
23084 
23084 
23084 
23084 
23084 
23084 
23084 
23084 
23084 
23080 
23076 
23076 
23072 
23064 
23064 
23064 
23064 
23064 
23064 
23064 
23064 
23064 
23064 
23064 
23064 
23064 
23064 
23064 
23064 
23064 
23064 
23064 
23064 
23064 
23064 
23064 
23064 
23064 
23064 
23064 
23064 
