1508840 
1508777 
1508675 
1508398 
1507858 
1507783 
1507436 
1507321 
1507262 
1507155 
1506312 
1506177 
1506021 
1505467 
1504854 
1504059 
1504020 
1502827 
1502169 
1501919 
1501893 
1501857 
1501470 
1500951 
1500763 
1500762 
1500556 
1500293 
1499896 
1499098 
1498019 
1497430 
1497232 
1496913 
1496804 
1496483 
1495979 
1495971 
1495797 
1495729 
1495433 
1494906 
1494809 
1494768 
1494707 
1494647 
1494629 
1494450 
1494140 
1493969 
1493748 
1493729 
1493728 
1493702 
1493644 
1493615 
1493476 
1493185 
1493135 
1492976 
1492432 
1492415 
1492261 
1492176 
1492150 
1492140 
1492024 
1491806 
1491731 
1491704 
1491633 
1491175 
1490458 
1490209 
1490031 
1489991 
1489605 
1489274 
1489239 
1488819 
1488785 
1488757 
1488631 
1488288 
1488142 
1488090 
1487985 
1487950 
1487841 
1487829 
1487716 
1487619 
1487459 
1487315 
1487080 
1487069 
1486878 
1486686 
1486529 
1486157 
1486113 
1485828 
1485714 
1485595 
1485449 
1485446 
1485265 
1485170 
1485162 
1484940 
1484815 
1484192 
1483877 
1483538 
1483425 
1483378 
1483300 
1483172 
1483079 
1482804 
1482760 
1482689 
1482133 
1481814 
1481444 
1481032 
1480977 
1480476 
1480390 
1480047 
1480032 
1479464 
1479328 
1478926 
1478420 
1478335 
1477946 
1477796 
1477483 
1477420 
1477283 
1477023 
1476256 
1475988 
1475612 
1475350 
1475159 
1474907 
1474694 
1474177 
1474067 
1474026 
1473621 
1472793 
1472762 
1472641 
1472621 
1472536 
1472119 
1471862 
1471613 
1471331 
1471146 
1470837 
1470633 
1470607 
1470549 
1470547 
1470014 
1469457 
1469394 
1468751 
1468684 
1468584 
1467908 
1467555 
1467130 
1466466 
1466135 
1465661 
1465365 
1465248 
1465134 
1465120 
1465076 
1464917 
1464878 
1464687 
1464441 
1464335 
1464030 
1463934 
1463877 
1463754 
1463469 
1463373 
1463310 
1463295 
1463118 
1462788 
1462734 
1462734 
1462518 
1462380 
1462375 
1462091 
1461398 
1460862 
1460766 
1460577 
1459950 
1459881 
1459650 
1459293 
1459147 
1458867 
1458429 
1458109 
1458081 
1457891 
1457568 
1457336 
1457169 
1456901 
1456889 
1456513 
1456284 
1455945 
1455935 
1455744 
1454625 
1454570 
1453940 
1453888 
1453806 
1453728 
1453687 
1453653 
1453556 
1453513 
1453418 
1453262 
1453173 
1453132 
1452957 
1452183 
1452018 
1451615 
1451382 
1451339 
1451108 
1451099 
1450790 
1450444 
1450319 
1449919 
1449861 
1449787 
1449759 
1449598 
1449413 
1449302 
1448538 
1448348 
1448148 
1447644 
1447601 
1447320 
1447299 
1447112 
1447068 
1447008 
1446978 
1446938 
1446921 
1446823 
1446766 
1446739 
1446490 
1446438 
1446072 
1446063 
1445986 
1445919 
1445764 
1445492 
1445371 
1445034 
1444988 
1444945 
1444869 
1444834 
1444806 
1444800 
1444796 
1444789 
1444766 
1444758 
1444757 
1444724 
1444697 
1444681 
1444654 
1444627 
1444491 
1444439 
1444322 
1444189 
1444148 
1444115 
1443985 
1443875 
1443850 
1443768 
1443761 
1443718 
1443597 
1443542 
1443333 
1443293 
1442949 
1442914 
1442584 
1442491 
1442317 
1442038 
1441991 
1441908 
1441885 
1441884 
1441861 
1441856 
1441760 
1441750 
1441738 
1441720 
1441674 
1441654 
1441593 
1441577 
1441526 
1441463 
1441448 
1441439 
1441392 
1441380 
1441330 
1441316 
1441289 
1441286 
1441192 
1441165 
1441161 
1441148 
1441132 
1441130 
1441118 
1441062 
1441052 
1441046 
1441028 
1440883 
1440860 
1440802 
1440760 
1440726 
1440700 
1440690 
1440656 
1440623 
1440567 
1440548 
1440411 
1440382 
1440381 
1440290 
1440185 
1440138 
1440126 
1440099 
1440087 
1440009 
1439981 
1439976 
1439960 
1439925 
1439832 
1439747 
1439738 
1439728 
1439663 
1439655 
1439629 
1439572 
1439554 
1439521 
1439511 
1439504 
1439493 
1439412 
1439384 
1439351 
1439336 
1439325 
1439292 
1439288 
1439249 
1439213 
1439192 
1439090 
1439078 
1439048 
1439003 
1438994 
1438888 
1438880 
1438748 
1438684 
1438629 
1438587 
1438418 
1438413 
1438347 
1438321 
1438302 
1438266 
1438185 
1438095 
1438075 
1438023 
1437973 
1437970 
1437970 
1437925 
1437886 
1437884 
1437860 
1437819 
1437814 
1437803 
1437756 
1437632 
1437551 
1437517 
1437376 
1437363 
1437209 
1437169 
1437147 
1437102 
1437035 
1437032 
1436915 
1436858 
1436788 
1436761 
1436736 
1436726 
1436583 
1436527 
1436418 
1436362 
1436037 
1435955 
1435899 
1435834 
1435832 
1435760 
1435641 
1435622 
1435581 
1435507 
1435389 
1435277 
1435258 
1435223 
1435216 
1435129 
1434963 
1434963 
1434900 
1434768 
1434731 
1434695 
1434683 
1434646 
1434630 
1434573 
1434508 
1434390 
1434261 
1434226 
1434141 
1434140 
1434086 
1434075 
1434055 
1434022 
1433993 
1433884 
1433809 
1433782 
1433767 
1433721 
1433714 
1433704 
1433570 
1433485 
1433462 
1433335 
1433326 
1433196 
1433119 
1433084 
1433061 
1433005 
1432840 
1432793 
1432770 
1432733 
1432706 
1432551 
1432249 
1432231 
1432131 
1432128 
1431886 
1431618 
1430725 
1430324 
1430146 
1429652 
1429036 
1428808 
1427844 
1427829 
1427158 
1426476 
1425244 
1425174 
1424133 
1422163 
1422017 
1421314 
1420002 
1419663 
1418214 
1418091 
1416323 
1416047 
1415651 
1415393 
1415297 
1415046 
1414763 
1414327 
1413478 
1413446 
1412920 
1412765 
1412191 
1411513 
1411205 
1411080 
1410947 
1410445 
1410227 
1410089 
1409804 
1409780 
1408711 
1408579 
1408366 
1407667 
1406582 
1406477 
1405682 
1405351 
1405106 
1404673 
1404146 
1404049 
1403948 
1403363 
1403023 
1402920 
1402644 
1402595 
1402270 
1402211 
1402171 
1402026 
1401409 
1401323 
1401293 
1401090 
1400883 
1400418 
1400207 
1400077 
