4527 
1608 
1599 
1563 
1581 
1584 
1584 
1563 
1560 
1563 
1563 
1563 
1560 
1584 
1584 
1584 
1560 
1563 
1563 
1563 
1563 
1584 
1584 
1563 
1563 
1563 
1563 
1563 
1584 
1584 
1563 
1563 
1563 
1563 
1563 
1584 
1584 
1584 
1563 
1563 
1563 
1563 
1584 
1584 
1584 
1563 
1563 
1563 
1563 
1584 
1584 
1584 
1563 
1563 
1563 
1563 
1581 
1584 
1581 
1563 
1560 
1563 
1560 
1584 
1581 
1584 
1560 
1563 
1560 
1563 
1560 
1584 
1581 
1563 
1560 
1563 
1560 
1563 
1581 
1584 
1560 
1563 
1560 
1563 
1560 
1584 
1581 
1563 
1560 
1563 
1560 
1563 
1581 
1584 
1560 
1563 
1560 
1563 
1560 
1584 
1581 
1584 
1560 
1563 
1560 
1563 
1581 
1584 
1581 
1563 
1560 
1563 
1560 
1584 
1581 
1584 
1560 
1563 
1560 
1563 
1560 
1584 
1581 
1563 
1560 
1563 
1560 
1563 
1581 
1584 
1560 
1563 
1560 
1563 
1560 
1584 
1581 
1563 
1560 
1563 
1560 
1563 
1581 
1584 
1560 
1563 
1560 
1563 
1560 
1584 
1581 
1584 
1560 
1563 
1560 
1563 
1581 
1584 
1581 
1563 
1560 
1563 
1560 
1584 
1581 
1584 
1560 
1563 
1560 
1563 
1560 
1584 
1581 
1563 
1560 
1563 
1560 
1563 
1581 
1584 
1560 
1563 
1560 
1563 
1560 
1584 
1581 
1563 
1560 
1563 
1560 
1563 
1581 
1584 
1560 
1563 
1560 
1563 
1560 
1584 
1581 
1584 
1560 
1563 
1560 
1563 
1581 
1584 
1581 
1563 
1560 
1563 
1560 
1584 
1581 
1872 
2007 
2076 
1983 
1893 
1983 
2040 
2082 
2130 
1908 
1785 
2226 
2163 
2022 
1905 
1836 
1800 
4956 
1815 
2172 
1950 
2871 
1779 
7341 
2058 
2112 
2157 
1923 
2193 
3081 
2175 
3066 
2202 
2205 
2238 
2247 
2286 
2490 
1584 
1581 
1584 
1560 
1563 
1563 
1563 
1584 
1584 
1584 
1563 
1563 
1563 
1563 
1563 
1584 
1584 
1563 
1563 
1563 
1563 
1563 
1584 
1584 
1563 
1563 
1563 
1563 
1563 
1584 
1584 
1563 
1563 
1563 
1563 
1563 
1581 
1584 
1560 
1563 
1560 
1563 
1560 
1584 
1581 
1584 
1563 
1560 
1584 
1581 
1584 
1560 
1563 
1560 
1563 
1581 
1584 
1584 
1563 
1563 
1563 
1563 
1584 
1584 
1584 
1563 
1563 
1563 
1563 
1584 
1584 
1584 
1563 
3750 
4146 
1563 
1584 
1584 
1560 
1563 
1560 
1584 
1581 
1584 
1560 
1563 
1560 
1563 
1581 
1584 
1584 
1563 
1563 
1563 
1563 
1584 
1584 
1584 
1563 
1563 
1560 
1563 
1581 
1584 
1581 
1563 
1560 
1563 
1560 
1584 
1563 
1563 
1563 
1563 
1584 
1584 
1584 
1563 
1563 
1563 
1563 
1584 
1584 
1584 
1563 
1563 
1563 
1563 
1584 
1584 
1584 
1563 
1563 
1563 
1563 
1584 
1584 
1584 
1563 
1563 
1563 
1563 
1584 
1563 
1563 
1563 
1563 
1584 
1584 
1584 
1563 
1563 
1563 
1584 
1584 
1584 
1560 
1563 
1563 
1563 
1584 
1584 
1584 
1563 
1563 
1563 
1563 
1584 
1584 
1584 
1563 
1563 
1563 
1563 
1584 
1560 
1563 
1560 
1563 
1581 
1584 
1581 
1563 
1560 
1563 
1560 
1584 
1581 
1563 
1560 
1563 
1560 
1563 
1581 
1584 
1560 
1563 
1563 
1563 
1584 
1584 
1584 
1563 
1563 
1563 
1563 
1581 
1563 
1560 
1563 
1560 
1563 
1581 
1584 
1560 
1563 
1560 
1563 
1560 
1584 
1581 
1563 
1560 
1563 
1560 
1563 
1581 
1584 
1560 
1563 
1560 
1563 
1560 
1584 
1581 
1584 
1560 
1563 
1563 
1563 
1584 
1584 
1584 
1563 
1563 
1563 
1563 
1584 
1584 
1584 
1563 
1563 
1563 
1563 
1584 
1584 
1584 
1563 
1563 
1563 
1563 
1563 
1584 
1584 
1563 
1563 
1563 
1563 
1563 
1584 
1584 
1560 
1563 
1560 
1563 
1560 
1584 
1581 
1563 
1560 
1563 
1560 
1563 
1581 
1584 
1560 
1563 
1560 
1563 
1560 
1584 
1581 
1584 
1560 
1563 
1560 
1563 
1581 
1584 
1581 
1563 
1560 
1563 
1563 
1584 
1584 
1584 
1563 
1563 
1563 
1563 
1584 
1584 
1584 
1563 
1563 
1563 
1563 
1563 
1584 
1584 
1563 
1563 
1563 
1563 
1563 
1584 
1584 
1563 
1563 
1563 
1563 
1563 
1584 
1581 
1563 
1560 
1563 
1560 
1563 
1581 
1584 
1560 
1563 
1560 
1563 
1560 
1584 
1581 
1584 
1560 
1563 
1560 
1563 
1581 
1584 
1581 
1563 
1560 
1563 
1560 
1584 
1581 
1584 
1560 
1563 
1563 
1563 
1584 
1584 
1584 
1563 
1563 
1563 
1563 
1563 
1584 
1584 
1563 
1563 
1563 
1563 
1563 
1584 
1584 
1563 
1563 
1563 
1563 
1563 
1584 
1584 
1563 
1563 
1563 
1563 
1563 
1584 
1584 
1560 
1563 
1560 
1563 
1560 
1584 
1581 
1584 
1560 
1563 
1560 
1563 
1581 
1584 
1581 
1563 
1560 
1563 
1560 
1584 
1581 
1584 
1560 
1563 
1560 
1563 
1560 
1584 
1581 
1563 
1560 
1761 
1584 
1569 
1584 
1584 
1563 
1563 
1563 
1563 
1563 
1584 
1584 
1563 
1563 
1563 
1563 
1563 
1584 
1584 
1563 
1563 
1563 
1563 
1563 
1584 
1584 
1584 
1563 
1563 
1563 
1563 
1584 
1584 
1584 
1563 
1563 
1563 
1563 
1584 
1584 
1584 
1563 
1563 
1563 
1563 
1584 
1584 
1584 
1563 
1563 
1563 
1563 
1563 
1584 
1581 
1563 
1563 
1560 
1563 
1560 
1584 
1581 
1563 
1560 
1563 
1563 
1563 
1584 
1584 
1563 
1563 
1563 
1563 
1563 
1584 
1584 
1563 
1563 
1563 
1563 
1563 
1584 
1584 
1563 
1563 
1563 
1563 
1563 
1584 
1584 
1584 
1563 
1563 
1563 
1563 
1584 
1581 
1584 
1560 
1563 
1560 
1563 
1581 
1584 
1581 
1563 
1560 
1563 
1560 
1584 
1581 
1584 
1560 
1563 
1560 
1563 
1560 
1584 
1581 
1563 
1560 
1563 
1560 
1563 
1581 
1584 
1560 
1563 
1560 
1563 
1560 
1584 
1581 
1563 
1560 
1563 
1560 
1563 
1581 
1584 
1560 
1563 
1560 
1563 
1560 
1584 
1581 
1584 
1560 
1563 
1560 
1563 
1581 
1584 
1581 
1563 
1560 
1563 
1560 
1584 
1581 
1584 
1560 
1563 
1560 
1563 
1560 
1584 
1581 
1563 
1560 
1563 
1560 
1563 
1581 
1584 
1560 
1563 
1560 
1563 
1560 
1584 
1581 
1563 
1560 
1563 
1560 
1563 
1581 
1584 
1560 
1563 
1560 
1563 
1560 
1584 
1581 
1584 
1560 
1563 
1560 
1563 
1581 
1584 
1581 
1563 
1560 
1563 
1560 
1584 
1581 
1584 
1560 
1563 
1560 
1563 
1560 
1584 
1581 
1563 
1560 
1563 
1560 
1563 
1581 
1584 
1560 
1563 
1560 
1563 
1560 
1584 
1581 
1563 
1560 
1563 
1560 
1563 
1581 
1584 
1560 
1563 
1560 
1563 
1560 
1584 
1581 
1584 
1560 
1563 
1560 
1563 
1581 
1584 
1581 
1563 
1560 
1563 
1560 
1584 
1581 
1584 
1560 
1563 
1560 
1563 
1560 
1584 
1581 
1563 
1560 
1563 
1560 
1563 
1581 
1584 
1560 
1563 
1560 
1563 
1560 
1584 
1581 
1563 
1560 
1563 
1560 
1563 
1581 
1584 
1560 
1563 
1560 
1563 
1560 
1584 
1581 
1584 
1560 
1563 
1560 
1563 
1581 
1584 
1581 
1563 
1560 
1563 
1560 
1584 
1581 
1584 
1560 
1563 
1560 
1563 
1560 
