1622309 
1622260 
1622146 
1622018 
1621885 
1621588 
1621543 
1621448 
1621362 
1621242 
1620959 
1620884 
1620765 
1620441 
1620200 
1618939 
1618866 
1618758 
1618377 
1618354 
1618285 
1618233 
1618091 
1617890 
1617397 
1617051 
1616784 
1616659 
1615595 
1615514 
1615409 
1615236 
1615119 
1615052 
1614966 
1614956 
1614828 
1614390 
1614244 
1614153 
1613955 
1613954 
1613723 
1613458 
1613375 
1613119 
1613088 
1612895 
1612368 
1612323 
1612008 
1611964 
1611669 
1611053 
1610522 
1610339 
1610001 
1609375 
1609119 
1609115 
1609042 
1608827 
1608637 
1608518 
1608514 
1608470 
1608082 
1607915 
1607028 
1605687 
1605437 
1605388 
1605138 
1605092 
1605051 
1604912 
1604460 
1604072 
1603506 
1602540 
1602372 
1602144 
1601832 
1601278 
1600716 
1600383 
1600224 
1600210 
1599959 
1599463 
1598551 
1598519 
1597710 
1597701 
1597595 
1597542 
1596843 
1596625 
1596510 
1596191 
1596107 
1595940 
1595364 
1595263 
1594324 
1593781 
1593643 
1592850 
1592205 
1591975 
1591561 
1591469 
1591273 
1591154 
1590964 
1590836 
1590564 
1589262 
1589158 
1588881 
1588566 
1588472 
1587729 
1587365 
1586986 
1586694 
1586198 
1586194 
1586018 
1585920 
1584713 
1584449 
1583592 
1583381 
1583279 
1580820 
1579922 
1579599 
1579060 
1578800 
1576363 
1575404 
1575243 
1575128 
1574514 
1573917 
1573859 
1573751 
1572543 
1571215 
1570598 
1569483 
1569257 
1569231 
1569125 
1568870 
1567225 
1565723 
1565361 
1565037 
1564892 
1563755 
1563258 
1562990 
1562776 
1562619 
1561605 
1561559 
1561463 
1560674 
1560654 
1560562 
1560385 
1560082 
1559881 
1559773 
1559393 
1559283 
1559247 
1558604 
1558471 
1558443 
1558140 
1557951 
1557686 
1557548 
1557264 
1557256 
1557212 
1557054 
1556697 
1556470 
1555717 
1555355 
1555242 
1553886 
1553520 
1552766 
1552613 
1552547 
1552201 
1551921 
1551798 
1551331 
1551323 
1551196 
1551037 
1551035 
1550817 
1550751 
1550533 
1550404 
1550404 
1550398 
1550238 
1550045 
1549976 
1549934 
1549927 
1549541 
1549440 
1549205 
1549022 
1548886 
1548801 
1548791 
1548341 
1548199 
1548081 
1547860 
1547597 
1547368 
1547097 
1546953 
1546730 
1546695 
1546574 
1546264 
1546013 
1545761 
1545570 
1545561 
1545218 
1545201 
1544799 
1544793 
1544664 
1544594 
1544562 
1544354 
1543663 
1543439 
1543267 
1543099 
1542881 
1542553 
1542388 
1542048 
1541900 
1541847 
1541806 
1541710 
1541473 
1541247 
1541237 
1540473 
1539926 
1539678 
1539444 
1537539 
1537148 
1537142 
1536885 
1536530 
1536434 
1536414 
1536075 
1535287 
1535071 
1535009 
1534909 
1534716 
1534568 
1534562 
1534371 
1533585 
1533232 
1532792 
1532731 
1532255 
1531725 
1531705 
1531610 
1531432 
1531419 
1531273 
1531151 
1530836 
1530760 
1530757 
1530739 
1530589 
1530304 
1530058 
1530025 
1529548 
1528975 
1528883 
1528754 
1528681 
1528321 
1528219 
1527709 
1527531 
1527094 
1526386 
1525952 
1525592 
1525224 
1525206 
1524296 
1523447 
1522815 
1521251 
1520944 
1520513 
1520373 
1519790 
1519785 
1519543 
1518393 
1517938 
1517241 
1517076 
1516352 
1515334 
1515231 
1514237 
1513998 
1513950 
1513948 
1513542 
1512103 
1511072 
1511000 
1510985 
1510974 
1510808 
1510526 
1510390 
1510012 
1509886 
1508207 
1507692 
1506973 
1506760 
1504088 
1503783 
1503514 
1502579 
1502415 
1502191 
1502128 
1501698 
1501444 
1501207 
1501177 
1500555 
1500182 
1499688 
1499665 
1499408 
1498894 
1498589 
1497837 
1497757 
1497676 
1497489 
1497049 
1496952 
1496738 
1496497 
1496358 
1496320 
1496244 
1496103 
1496006 
1495904 
1495616 
1495516 
1495415 
1495385 
1495348 
1495272 
1495122 
1495064 
1495010 
1494945 
1494867 
1494773 
1494709 
1494574 
1494177 
1494154 
1494116 
1494030 
1494030 
1493978 
1493968 
1493967 
1493961 
1493920 
1493722 
1492971 
1492947 
1492861 
1492846 
1492789 
1492701 
1492650 
1492581 
1492402 
1492269 
1492264 
1492144 
1492057 
1492040 
1492016 
1492005 
1491984 
1491962 
1491921 
1491869 
1491813 
1491793 
1491780 
1491776 
1491754 
1491698 
1491380 
1491208 
1491146 
1491097 
1491054 
1491044 
1491032 
1490887 
1490795 
1490752 
1490725 
1490546 
1490525 
1490473 
1490430 
1490419 
1490400 
1490396 
1490317 
1490286 
1490273 
1490270 
1490228 
1490186 
1490163 
1490158 
1490078 
1490065 
1490047 
1490044 
1490029 
1490002 
1490002 
1489925 
1489925 
1489907 
1489865 
1489822 
1489820 
1489814 
1489807 
1489785 
1489772 
1489767 
1489736 
1489734 
1489696 
1489691 
1489683 
1489676 
1489639 
1489634 
1489564 
1489564 
1489556 
1489546 
1489546 
1489500 
1489477 
1489458 
1489409 
1489395 
1489385 
1489384 
1489312 
1489306 
1489287 
1489277 
1489267 
1489229 
1489222 
1489222 
1489221 
1489204 
1489197 
1489179 
1489166 
1489137 
1489130 
1489075 
1489067 
1489050 
1489040 
1488998 
1488984 
1488981 
1488972 
1488871 
1488861 
1488860 
1488848 
1488830 
1488813 
1488795 
1488795 
1488772 
1488756 
1488737 
1488736 
1488735 
1488735 
1488733 
1488710 
1488686 
1488685 
1488626 
1488623 
1488619 
1488598 
1488595 
1488590 
1488579 
1488575 
1488571 
1488567 
1488539 
1488534 
1488504 
1488495 
1488488 
1488463 
1488454 
1488401 
1488385 
1488365 
1488363 
1488346 
1488341 
1488325 
1488294 
1488294 
1488201 
1488184 
1488154 
1488142 
1488131 
1488123 
1488049 
1488032 
1487994 
1487982 
1487969 
1487928 
1487917 
1487870 
1487806 
1487699 
1487667 
1487631 
1487589 
1487581 
1487471 
1487430 
1487419 
1487391 
1487263 
1487238 
1486789 
1486660 
1486247 
1485702 
