1494534 
1493917 
1493873 
1493696 
1493575 
1493506 
1493253 
1493187 
1493048 
1493038 
1491946 
1491774 
1491762 
1491607 
1491495 
1491471 
1490183 
1489638 
1489418 
1489404 
1489396 
1489248 
1489161 
1489117 
1489048 
1488474 
1488456 
1488416 
1488248 
1488217 
1488143 
1488090 
1487856 
1487733 
1487692 
1487634 
1487606 
1487419 
1487415 
1487225 
1487204 
1487181 
1486633 
1486615 
1486516 
1486376 
1486101 
1485632 
1485307 
1485296 
1485288 
1485223 
1484873 
1484638 
1484466 
1484456 
1484135 
1484044 
1483175 
1482955 
1482772 
1482638 
1482291 
1481890 
1481678 
1481466 
1481209 
1480928 
1480890 
1480882 
1480745 
1480606 
1480331 
1480290 
1480213 
1480098 
1480003 
1479462 
1479130 
1478950 
1478945 
1478895 
1478883 
1478706 
1478581 
1478245 
1478019 
1478006 
1477975 
1477780 
1477417 
1477184 
1476898 
1476706 
1476665 
1476614 
1476566 
1476546 
1476532 
1476390 
1476315 
1475859 
1475706 
1475595 
1475547 
1475429 
1475301 
1475239 
1475178 
1475122 
1474914 
1474880 
1474392 
1474115 
1473903 
1473507 
1473363 
1472534 
1472375 
1471793 
1471197 
1470969 
1470557 
1470500 
1470478 
1470410 
1470119 
1469433 
1469286 
1468940 
1468795 
1468762 
1468564 
1468341 
1468269 
1467562 
1467254 
1466807 
1466658 
1466496 
1466477 
1465985 
1465805 
1465451 
1464820 
1463584 
1463532 
1463337 
1463244 
1463108 
1462872 
1462501 
1462065 
1461869 
1461606 
1461569 
1461542 
1461001 
1460926 
1460916 
1460712 
1460574 
1460530 
1460496 
1460460 
1460388 
1460374 
1460136 
1459821 
1459791 
1459719 
1459575 
1459554 
1459536 
1459353 
1459341 
1459197 
1459191 
1459087 
1459080 
1458558 
1458537 
1458450 
1458285 
1458039 
1458036 
1457988 
1457937 
1457894 
1457579 
1457454 
1457085 
1457068 
1456881 
1456419 
1456056 
1455615 
1455599 
1455501 
1455489 
1455351 
1455322 
1455135 
1454952 
1454820 
1454801 
1454575 
1454551 
1454117 
1454011 
1453408 
1453334 
1453094 
1452993 
1452985 
1452641 
1452418 
1451899 
1451766 
1451516 
1451493 
1451441 
1451365 
1451138 
1450839 
1450798 
1449816 
1449780 
1449760 
1449701 
1449699 
1449687 
1449628 
1449512 
1449497 
1449402 
1449395 
1449206 
1448974 
1448826 
1448623 
1448400 
1448219 
1448150 
1447700 
1447652 
1447616 
1447443 
1447237 
1446961 
1446870 
1446769 
1446633 
1446325 
1446118 
1446103 
1445354 
1444855 
1444732 
1444608 
1444328 
1444196 
1444015 
1443728 
1443633 
1443533 
1443422 
1443365 
1443143 
1443128 
1443003 
1442817 
1442654 
1442573 
1442107 
1441942 
1441932 
1441888 
1441713 
1441419 
1441355 
1441204 
1441137 
1441126 
1441078 
1441027 
1440913 
1440805 
1440785 
1440762 
1440714 
1440640 
1440611 
1440499 
1440435 
1440167 
1440063 
1440012 
1439906 
1439681 
1439681 
1439549 
1439518 
1439518 
1439486 
1439407 
1439396 
1439316 
1439312 
1439306 
1439283 
1439220 
1439211 
1439209 
1439178 
1439163 
1439000 
1438938 
1438908 
1438874 
1438858 
1438679 
1438656 
1438562 
1438460 
1438448 
1438421 
1438206 
1438199 
1438175 
1438137 
1438125 
1438071 
1438055 
1437978 
1437901 
1437891 
1437888 
1437848 
1437822 
1437802 
1437724 
1437668 
1437589 
1437576 
1437551 
1437462 
1437448 
1437444 
1437332 
1437310 
1437165 
1437152 
1437129 
1437121 
1437114 
1437084 
1436994 
1436866 
1436856 
1436806 
1436760 
1436755 
1436709 
1436683 
1436676 
1436582 
1436563 
1436500 
1436496 
1436495 
1436439 
1436405 
1436358 
1436351 
1436331 
1436331 
1436318 
1436315 
1436231 
1436228 
1436218 
1436213 
1436211 
1436148 
1436084 
1436018 
1435992 
1435987 
1435892 
1435797 
1435787 
1435757 
1435743 
1435719 
1435645 
1435612 
1435548 
1435481 
1435459 
1435457 
1435429 
1435423 
1435422 
1435388 
1435379 
1435270 
1435207 
1435185 
1435145 
1435128 
1435116 
1435094 
1435024 
1435004 
1434986 
1434985 
1434970 
1434918 
1434840 
1434833 
1434806 
1434757 
1434747 
1434746 
1434711 
1434708 
1434695 
1434683 
1434680 
1434636 
1434513 
1434485 
1434471 
1434326 
1434321 
1434318 
1434278 
1434251 
1434233 
1434147 
1434136 
1434087 
1434039 
1433953 
1433950 
1433859 
1433854 
1433817 
1433778 
1433660 
1433628 
1433564 
1433559 
1433545 
1433456 
1433381 
1433339 
1433269 
1433265 
1433226 
1433184 
1433184 
1433106 
1432950 
1432947 
1432902 
1432887 
1432813 
1432805 
1432799 
1432764 
1432725 
1432675 
1432668 
1432440 
1432389 
1432355 
1432301 
1432119 
1431989 
1431857 
1431855 
1431845 
1431779 
1431744 
1431714 
1431702 
1431678 
1431654 
1431624 
1431615 
1431468 
1431430 
1431369 
1431271 
1431184 
1431163 
1431149 
1431128 
1431113 
1431106 
1430956 
1430940 
1430862 
1430793 
1430700 
1430676 
1430590 
1430577 
1430442 
1430434 
1430408 
1430369 
1430351 
1429932 
1429882 
1429833 
1429832 
1429746 
1429618 
1429564 
1429400 
1428377 
1427680 
1427652 
1427626 
1427552 
1427390 
1426699 
1426648 
1426065 
1425192 
1424886 
1424695 
1424021 
1423496 
1422210 
1421428 
1419596 
1419260 
1418757 
1418695 
1417799 
1417300 
1417184 
1416558 
1415785 
1415715 
1415053 
1414739 
1414555 
1414180 
1412605 
1412494 
1411626 
1411617 
1410831 
1410591 
1410325 
1410003 
1409974 
1409727 
1409564 
1409457 
1409207 
1407796 
1407679 
1407318 
1407318 
1405514 
1405080 
1404987 
1404720 
1403682 
1401892 
1401326 
1400876 
1400291 
1399505 
1399216 
1398970 
1397608 
1397582 
1397309 
1397269 
1397184 
1397008 
1396350 
1395779 
1395409 
1395112 
1394822 
1394317 
1394232 
1394133 
1393499 
1393292 
1393175 
1393093 
