18446744073689724794 
18446744073696325693 
18446744073690807523 
18446744073699365082 
18446744073700903826 
18446744073699619802 
18446744073701330725 
18446744073690140142 
18446744073696981585 
18446744073701093942 
18446744073701386718 
18446744073698738523 
18446744073700224354 
18446744073702438111 
18446744073697177388 
18446744073702100958 
18446744073699107106 
18446744073701641286 
18446744073701457775 
18446744073702406174 
18446744073700285267 
18446744073700977222 
18446744073702571664 
18446744073702580220 
18446744073701679219 
18446744073698130869 
18446744073699270221 
18446744073701507337 
18446744073701662457 
18446744073700487686 
18446744073702377314 
18446744073701617208 
18446744073700567174 
18446744073701791087 
18446744073701673912 
18446744073701558054 
18446744073702310857 
18446744073701431177 
18446744073699964644 
18446744073701615523 
18446744073702592601 
18446744073699242889 
18446744073699767529 
18446744073701160176 
18446744073702685172 
18446744073700884018 
18446744073701267628 
18446744073702447166 
18446744073702476692 
18446744073701461527 
18446744073699874084 
18446744073699078894 
18446744073702254729 
18446744073699807530 
18446744073702259263 
18446744073701654959 
18446744073701698141 
18446744073697334078 
18446744073700520939 
18446744073701323571 
18446744073702779239 
18446744073702589826 
18446744073701689789 
18446744073699681413 
18446744073702240593 
18446744073701355834 
18446744073701833320 
18446744073700707484 
18446744073701316961 
18446744073702641296 
18446744073701566115 
18446744073701697328 
18446744073700499570 
18446744073702503458 
18446744073701941896 
18446744073701894340 
18446744073699481501 
18446744073701556436 
18446744073702316686 
18446744073702628220 
18446744073695158302 
18446744073702082363 
18446744073701533871 
18446744073701544224 
18446744073701670663 
18446744073700450482 
18446744073702202082 
18446744073698695934 
18446744073698778118 
18446744073701590789 
18446744073701660543 
18446744073701365033 
18446744073701716717 
18446744073701460782 
18446744073701715845 
18446744073700075242 
18446744073702675914 
18446744073702113236 
18446744073700004251 
18446744073702540535 
18446744073701695823 
18446744073701570500 
18446744073697387623 
18446744073702264385 
18446744073701273229 
18446744073700732829 
18446744073702280798 
18446744073701685768 
18446744073701350315 
18446744073701668854 
18446744073701645319 
18446744073701428121 
18446744073702049077 
18446744073701654010 
18446744073699643425 
18446744073701623329 
18446744073702824556 
18446744073700526099 
18446744073701935985 
18446744073701338491 
18446744073702502593 
18446744073700543903 
18446744073701232553 
18446744073702724851 
18446744073700982826 
18446744073698787223 
18446744073701396632 
18446744073701490981 
18446744073702144131 
18446744073701435256 
18446744073702295689 
18446744073701726795 
18446744073701683387 
18446744073697144778 
18446744073698815096 
18446744073701505955 
18446744073701700820 
18446744073700211720 
18446744073702671443 
18446744073701692482 
18446744073700148217 
18446744073702177791 
18446744073701316087 
18446744073701344013 
18446744073700743085 
18446744073701297384 
18446744073702418479 
18446744073701852520 
18446744073701705548 
18446744073701532531 
18446744073702844912 
18446744073701964048 
18446744073702035771 
18446744073701638710 
18446744073701631248 
18446744073701906750 
18446744073700044314 
18446744073701532939 
18446744073702660498 
18446744073686803407 
18446744073697389392 
18446744073702557125 
18446744073701701956 
18446744073701656374 
18446744073701674551 
18446744073697139334 
18446744073702375509 
18446744073700767828 
18446744073701350584 
18446744073702773230 
18446744073701639341 
18446744073700305527 
18446744073702264258 
18446744073701576566 
18446744073701724845 
18446744073699685622 
18446744073702365222 
18446744073701703570 
18446744073700345962 
18446744073702383894 
18446744073697551411 
18446744073701178518 
18446744073702652168 
18446744073702524589 
18446744073699599194 
18446744073702554628 
18446744073701691400 
18446744073701608757 
18446744073700363078 
18446744073701135715 
18446744073701372359 
18446744073702137829 
18446744073701499527 
18446744073701700429 
18446744073701994544 
18446744073697896358 
18446744073701145694 
18446744073699574586 
18446744073700333493 
18446744073702264355 
18446744073701723113 
18446744073701553189 
18446744073701686069 
18446744073700077113 
18446744073702576372 
18446744073701586563 
18446744073701670143 
18446744073701592476 
18446744073701704407 
18446744073700192207 
18446744073696755026 
18446744073701756533 
18446744073701583239 
18446744073701585296 
18446744073700165239 
18446744073701572267 
18446744073702387558 
18446744073701308294 
18446744073701714593 
18446744073700178649 
18446744073702587716 
18446744073702027263 
18446744073700155165 
18446744073702508526 
18446744073701093350 
18446744073701591628 
18446744073697769993 
18446744073702412073 
18446744073701708567 
18446744073700708131 
18446744073702170698 
18446744073701727077 
18446744073701595129 
18446744073701237350 
18446744073702693047 
18446744073702592027 
18446744073700653098 
18446744073701359446 
18446744073702435133 
18446744073701743549 
18446744073701697889 
18446744073701073248 
18446744073702510791 
18446744073701645069 
18446744073701693115 
18446744073700391331 
18446744073702451445 
18446744073701699251 
18446744073700897272 
18446744073701823172 
18446744073701705346 
18446744073701677535 
18446744073702177894 
18446744073701681325 
18446744073699771727 
18446744073701277155 
18446744073702973607 
18446744073697181316 
18446744073702537826 
18446744073701618485 
18446744073701234733 
18446744073701739052 
18446744073701686361 
18446744073700193989 
18446744073702686850 
18446744073701698466 
18446744073700098845 
18446744073702644386 
18446744073701710399 
18446744073701594233 
18446744073702303592 
18446744073701689656 
18446744073695857259 
18446744073699692164 
18446744073700738549 
18446744073701254543 
18446744073702431066 
18446744073701727207 
18446744073701735060 
18446744073701764258 
18446744073703040575 
18446744073701165452 
18446744073702533543 
18446744073701753790 
18446744073701635458 
18446744073701563046 
18446744073702176926 
18446744073701692440 
18446744073699248169 
18446744073699020815 
18446744073701486375 
18446744073701607246 
18446744073702185277 
18446744073701405843 
18446744073702433991 
18446744073699595299 
18446744073701398277 
18446744073702651318 
18446744073700890146 
18446744073700959718 
18446744073702882483 
18446744073701532392 
18446744073701719955 
18446744073700359823 
18446744073702533253 
18446744073694879603 
18446744073701741340 
18446744073702516912 
18446744073700375176 
18446744073699302630 
18446744073701719501 
18446744073700474693 
18446744073701017479 
18446744073701690590 
18446744073702794696 
18446744073700446229 
18446744073701316954 
18446744073702962637 
18446744073702503105 
18446744073699646721 
18446744073699002648 
18446744073701893707 
18446744073701632007 
18446744073701536900 
18446744073700374323 
18446744073701398986 
18446744073702533313 
18446744073701729367 
18446744073701586169 
18446744073700329851 
18446744073702141538 
18446744073702134787 
18446744073701410694 
18446744073701807345 
18446744073701621407 
18446744073701640629 
18446744073698511683 
18446744073701379991 
18446744073701529072 
18446744073700130763 
18446744073701447389 
18446744073702860528 
18446744073700599576 
18446744073701451007 
18446744073701397591 
18446744073700260340 
18446744073702388348 
18446744073701664476 
18446744073700253960 
18446744073702214729 
18446744073702046304 
18446744073697252576 
18446744073702556142 
18446744073701714574 
18446744073701554768 
18446744073700490733 
18446744073700910571 
18446744073701707188 
18446744073702870280 
18446744073700272544 
18446744073701746075 
18446744073701556681 
18446744073701700784 
18446744073699934074 
18446744073702956932 
18446744073701369984 
18446744073701844857 
18446744073696991612 
18446744073702632013 
18446744073701720146 
18446744073701305165 
18446744073701703148 
18446744073701703212 
18446744073700077073 
18446744073702797204 
18446744073701453890 
18446744073701422192 
18446744073701727340 
18446744073701688999 
18446744073699896717 
18446744073701529764 
18446744073702676112 
18446744073701650117 
18446744073695044130 
18446744073698870217 
18446744073701370652 
18446744073703219652 
18446744073701420784 
18446744073701329872 
18446744073702972931 
18446744073701290351 
18446744073701730006 
18446744073700262934 
18446744073701332616 
18446744073702961470 
18446744073700593346 
18446744073701036300 
18446744073702896139 
18446744073698003489 
18446744073701804507 
18446744073701556507 
18446744073700058136 
18446744073702881823 
18446744073701457254 
18446744073701707255 
18446744073701726090 
18446744073701352138 
18446744073699996464 
18446744073702766603 
18446744073701415544 
18446744073701832796 
18446744073701694690 
18446744073701693919 
18446744073700036398 
18446744073698793034 
18446744073701404561 
18446744073701691892 
18446744073702586190 
18446744073701621413 
18446744073700353915 
18446744073701137051 
18446744073699796420 
18446744073701382571 
18446744073701566305 
18446744073702310942 
18446744073698544179 
18446744073701594044 
18446744073702469623 
18446744073702206134 
18446744073700234572 
18446744073699370062 
18446744073699132220 
18446744073701702568 
18446744073700251742 
18446744073702695223 
18446744073701717530 
18446744073701324956 
18446744073701351836 
18446744073701633881 
18446744073701608463 
18446744073701933634 
18446744073701701823 
18446744073699401267 
18446744073701327436 
18446744073701385002 
18446744073700561693 
18446744073700417807 
18446744073701100925 
18446744073701592326 
18446744073696990917 
18446744073702529219 
18446744073701390184 
18446744073699369798 
18446744073701346740 
18446744073701568705 
18446744073701656846 
18446744073703054512 
18446744073696005036 
18446744073701564802 
18446744073701831064 
18446744073698537631 
18446744073700118970 
18446744073701426923 
18446744073701391851 
18446744073701598960 
18446744073701608630 
18446744073702996875 
18446744073700304142 
18446744073700565937 
18446744073701690492 
18446744073702128580 
18446744073702597756 
18446744073700191808 
18446744073701406801 
18446744073702719050 
18446744073701755028 
18446744073701700628 
18446744073701100753 
18446744073702732304 
18446744073701373652 
18446744073701734257 
18446744073701708378 
18446744073700214366 
18446744073701382033 
18446744073702820366 
18446744073701504647 
18446744073701687735 
18446744073700129862 
18446744073702371745 
18446744073702062321 
18446744073700710145 
18446744073701248862 
18446744073698061680 
18446744073701717772 
18446744073698734660 
18446744073702336719 
18446744073701429749 
18446744073701668506 
18446744073701661220 
18446744073701215732 
18446744073699814496 
18446744073702787637 
18446744073701694651 
18446744073701609532 
18446744073701535248 
18446744073699779223 
18446744073703084584 
18446744073697142207 
18446744073702531116 
18446744073701675808 
18446744073701635904 
18446744073701692291 
18446744073701496757 
18446744073701411539 
18446744073701706459 
18446744073699512397 
18446744073701516413 
18446744073701579752 
18446744073701437618 
18446744073701697486 
18446744073701701667 
18446744073702870726 
18446744073699969344 
18446744073698987396 
18446744073702469139 
18446744073686234452 
18446744073702726162 
18446744073701667367 
18446744073701477684 
18446744073701473887 
18446744073696052158 
18446744073701689866 
18446744073703027526 
18446744073701459763 
18446744073701693628 
18446744073701582814 
18446744073696612323 
18446744073701095684 
18446744073701445664 
18446744073701568606 
18446744073701677201 
18446744073702987144 
18446744073701373609 
18446744073701741387 
18446744073701122445 
18446744073701616345 
18446744073701697850 
18446744073699834931 
18446744073701689794 
18446744073701677017 
18446744073701484941 
18446744073699500368 
18446744073701662920 
18446744073699854694 
18446744073701601358 
18446744073700961721 
18446744073701698595 
18446744073702971483 
18446744073702356750 
18446744073701360814 
18446744073701599476 
18446744073701456551 
18446744073702903487 
18446744073701830437 
18446744073701695932 
18446744073699797841 
18446744073702732440 
18446744073693096613 
18446744073701546092 
18446744073700730555 
18446744073701843620 
18446744073701692138 
18446744073701703864 
18446744073699422852 
18446744073701309052 
18446744073701732668 
18446744073703044362 
18446744073701423593 
18446744073701706026 
18446744073701544589 
18446744073699911901 
18446744073701552928 
18446744073701302710 
18446744073698736219 
18446744073701944528 
18446744073702341907 
18446744073699882519 
18446744073701495214 
18446744073701447364 
18446744073701789505 
18446744073702302113 
18446744073701673106 
18446744073702318908 
18446744073701430062 
18446744073699966568 
18446744073701806596 
18446744073701692669 
18446744073699029350 
18446744073699766212 
18446744073701631001 
18446744073701677067 
18446744073699937080 
18446744073701315895 
18446744073701757619 
18446744073698137037 
18446744073701737146 
18446744073701268123 
18446744073701386012 
18446744073701609296 
18446744073702593923 
18446744073701846618 
18446744073701697767 
18446744073702095892 
18446744073701683197 
18446744073699218614 
18446744073701631644 
18446744073702040225 
18446744073701678752 
18446744073702602316 
18446744073701689520 
18446744073699886376 
18446744073701253061 
18446744073701734679 
18446744073703005254 
18446744073700322562 
18446744073701229243 
18446744073701317871 
18446744073701895491 
18446744073701697151 
18446744073699369440 
18446744073700067662 
18446744073701292181 
18446744073701457510 
18446744073701804236 
18446744073701624568 
18446744073703029473 
18446744073700015025 
18446744073701152650 
18446744073701710598 
18446744073701512413 
18446744073701750732 
18446744073702994718 
18446744073696281275 
18446744073701609902 
18446744073701678043 
18446744073699630509 
18446744073700035015 
18446744073701347077 
18446744073699311756 
18446744073700966592 
18446744073701349564 
18446744073701749411 
18446744073701228401 
18446744073702736099 
18446744073701668156 
18446744073701788867 
18446744073701469778 
18446744073701700018 
18446744073699750133 
18446744073701275297 
18446744073700265922 
18446744073701627323 
18446744073701792050 
18446744073701660149 
18446744073699763945 
18446744073701579136 
18446744073701732121 
18446744073703002836 
18446744073699946057 
18446744073701350366 
18446744073701359361 
18446744073701835570 
18446744073701690018 
18446744073701461376 
18446744073701387213 
18446744073701680857 
18446744073698107168 
18446744073701795201 
18446744073702892980 
18446744073696489479 
18446744073701721258 
18446744073701507544 
18446744073701735188 
18446744073702739040 
18446744073701340586 
18446744073701759808 
18446744073701021236 
18446744073701387019 
18446744073701357789 
18446744073701197912 
18446744073699653935 
18446744073698147137 
18446744073701450639 
18446744073701772918 
18446744073702836382 
18446744073701661934 
18446744073699863473 
18446744073701436688 
18446744073701336444 
18446744073701586805 
18446744073702218558 
18446744073702433607 
18446744073699971580 
18446744073701488557 
18446744073701710777 
18446744073701609261 
18446744073698189113 
18446744073701719389 
18446744073702048112 
18446744073701356343 
18446744073701703551 
18446744073701496840 
18446744073699586337 
18446744073701730988 
18446744073701458780 
18446744073701545214 
18446744073699743578 
18446744073701627441 
18446744073699891887 
18446744073701516070 
18446744073701204895 
18446744073701565505 
18446744073698333081 
18446744073702530752 
18446744073701618597 
18446744073701983983 
18446744073701688229 
18446744073699599105 
18446744073701836479 
18446744073701554888 
18446744073701462411 
18446744073701381853 
18446744073701737531 
18446744073702983462 
18446744073699666075 
18446744073701655968 
18446744073701416694 
18446744073703025559 
18446744073701858591 
18446744073696303184 
18446744073701621331 
18446744073701561767 
18446744073701441057 
18446744073701748643 
18446744073703231734 
18446744073701625125 
18446744073701559953 
18446744073701493222 
18446744073702119029 
18446744073702329624 
18446744073701875821 
18446744073699411147 
18446744073701796769 
18446744073694967037 
18446744073702825441 
18446744073701670428 
18446744073699722154 
18446744073701558980 
18446744073701429499 
18446744073703287375 
18446744073700222568 
18446744073701232900 
18446744073701673091 
18446744073701750464 
18446744073701388830 
18446744073703064171 
18446744073702688968 
18446744073701388277 
18446744073701836019 
18446744073698198672 
18446744073701678396 
18446744073702979344 
18446744073701355450 
18446744073701714243 
18446744073701607608 
18446744073701389800 
18446744073701676778 
18446744073699317725 
18446744073701933484 
18446744073701680331 
18446744073701227734 
18446744073701793638 
18446744073701695984 
18446744073703000180 
18446744073702639518 
18446744073698495420 
18446744073701420608 
18446744073701702008 
18446744073701687075 
18446744073702901264 
18446744073699797713 
18446744073698330701 
18446744073700838037 
18446744073701675046 
18446744073701668508 
18446744073701629533 
18446744073703024678 
18446744073701435495 
18446744073701696427 
18446744073701538218 
18446744073696276275 
18446744073701762412 
18446744073701362609 
18446744073701215967 
18446744073700082433 
18446744073701300294 
18446744073701852428 
18446744073701367057 
18446744073701137364 
18446744073701800657 
18446744073701636242 
18446744073703035652 
18446744073701435321 
18446744073701406866 
18446744073701849158 
18446744073696051561 
18446744073701902939 
18446744073701687012 
18446744073697686365 
18446744073701264772 
18446744073699598959 
18446744073701593863 
18446744073701449218 
18446744073701801697 
18446744073701418958 
18446744073702946998 
18446744073699694179 
18446744073699403753 
18446744073701720340 
18446744073699626453 
18446744073698712920 
18446744073701592485 
18446744073701669570 
18446744073702976914 
18446744073701363612 
18446744073701733218 
18446744073701582536 
18446744073701350086 
18446744073701426954 
18446744073699652409 
18446744073701858822 
18446744073701712339 
18446744073703060119 
18446744073701636578 
18446744073701522267 
18446744073696196454 
18446744073701901131 
18446744073701681238 
18446744073703025992 
18446744073699331278 
18446744073701702845 
18446744073701410150 
18446744073701725326 
18446744073701482336 
18446744073703026046 
18446744073702682427 
18446744073701573624 
18446744073701885810 
18446744073702193021 
18446744073701699444 
18446744073702268255 
18446744073696794078 
18446744073700778847 
18446744073701690990 
18446744073697230938 
18446744073701862228 
18446744073701674455 
18446744073701325662 
18446744073701045723 
18446744073699200052 
18446744073701712905 
18446744073703048522 
18446744073702196258 
18446744073701099579 
18446744073701925493 
18446744073701616724 
18446744073698783206 
18446744073702158833 
18446744073701363429 
18446744073701679845 
18446744073699354646 
18446744073701960755 
18446744073701671060 
18446744073703097644 
18446744073701222927 
18446744073701639985 
18446744073701682776 
18446744073701843313 
18446744073701586615 
18446744073701930726 
18446744073684981652 
18446744073702054496 
18446744073701674964 
18446744073699316265 
18446744073702033053 
18446744073701704536 
18446744073701540592 
18446744073702678533 
18446744073701361631 
18446744073701890617 
18446744073696440402 
18446744073701760558 
18446744073700676089 
18446744073701405370 
18446744073701640540 
18446744073698493619 
18446744073703010467 
18446744073701576084 
18446744073699484502 
18446744073701604077 
18446744073701884640 
18446744073701696507 
18446744073703000646 
18446744073701433193 
18446744073699529139 
18446744073701557106 
18446744073701793781 
18446744073701694423 
18446744073703010845 
18446744073701397944 
18446744073701726040 
18446744073698172597 
18446744073699404321 
18446744073701564407 
18446744073702042728 
18446744073701834718 
18446744073701597454 
18446744073700078245 
18446744073701970619 
18446744073701364110 
18446744073702027298 
18446744073702436433 
18446744073701444800 
18446744073699715512 
18446744073702765995 
18446744073699915568 
18446744073702051639 
18446744073695169428 
18446744073701255805 
18446744073702187632 
18446744073701612965 
18446744073702456479 
18446744073701413711 
18446744073701649779 
18446744073699054241 
18446744073702031492 
18446744073701694226 
18446744073701569050 
18446744073701455216 
18446744073701760397 
18446744073701608881 
18446744073701613129 
18446744073702955363 
18446744073699482057 
18446744073701908993 
18446744073701724401 
18446744073702973877 
18446744073702297173 
18446744073701412865 
18446744073701650675 
18446744073701520440 
18446744073701726277 
18446744073703055380 
18446744073701636283 
18446744073699664777 
18446744073701800577 
18446744073701711055 
18446744073703123887 
18446744073696667934 
18446744073701482098 
18446744073701400424 
18446744073701911259 
18446744073702901590 
18446744073701653606 
18446744073701717907 
18446744073696134724 
18446744073701652757 
18446744073702568876 
18446744073699617176 
18446744073701531744 
18446744073701358817 
18446744073701099824 
18446744073701601726 
18446744073701336425 
18446744073697235539 
18446744073702063728 
18446744073701787495 
18446744073701413482 
18446744073703058845 
18446744073701674088 
18446744073699618392 
18446744073701493759 
18446744073701428750 
18446744073701787560 
18446744073702791999 
18446744073701762781 
18446744073699578822 
18446744073701748286 
18446744073701418303 
18446744073698887368 
18446744073699011816 
18446744073695533775 
18446744073700212136 
18446744073697843249 
18446744073697501412 
18446744073698202081 
18446744073702049824 
18446744073702128352 
18446744073703216900 
18446744073690229385 
18446744073697450984 
18446744073700796832 
18446744073702815551 
18446744073701712236 
18446744073700996281 
18446744073701358087 
18446744073700363757 
18446744073699912959 
18446744073700740334 
18446744073701340297 
18446744073702958163 
18446744073703079765 
18446744073699103850 
18446744073702183202 
18446744073702404845 
18446744073700020521 
18446744073702862452 
18446744073702099744 
18446744073701924122 
18446744073701205452 
18446744073701250648 
18446744073703275526 
18446744073698860623 
18446744073702053440 
18446744073700730523 
18446744073702819983 
18446744073701758657 
18446744073702228225 
18446744073702003630 
18446744073700736593 
18446744073702953814 
18446744073697157469 
18446744073701649252 
18446744073703028079 
18446744073701337034 
18446744073701666744 
18446744073702903097 
18446744073702125216 
18446744073701929113 
18446744073698706365 
18446744073701977442 
18446744073700636762 
18446744073703066922 
18446744073702436499 
18446744073700365056 
18446744073702940105 
18446744073701939162 
18446744073701962657 
18446744073701967191 
18446744073700553186 
18446744073703151943 
18446744073702119352 
18446744073701848732 
18446744073701159237 
18446744073701740044 
18446744073702744754 
18446744073698762185 
18446744073702074280 
18446744073700665849 
18446744073702869907 
18446744073702008205 
18446744073700721146 
18446744073702753572 
18446744073702109808 
18446744073701950355 
18446744073702122722 
18446744073700843921 
18446744073702804235 
18446744073702096763 
18446744073701769545 
18446744073698375043 
18446744073698836709 
18446744073701748928 
18446744073700661267 
18446744073702997820 
18446744073702121131 
18446744073701157101 
18446744073702311697 
18446744073701750133 
18446744073702483788 
18446744073702045966 
18446744073687013877 
18446744073698104170 
18446744073700823259 
18446744073701838360 
18446744073700216641 
18446744073699078968 
18446744073702919329 
18446744073700623323 
18446744073702004676 
18446744073702666407 
18446744073701113065 
18446744073699747239 
18446744073701210359 
18446744073701944623 
18446744073700980358 
18446744073702815512 
18446744073702084917 
18446744073701713255 
18446744073702057935 
18446744073698952542 
18446744073700526265 
18446744073703032365 
18446744073702073849 
18446744073699393821 
18446744073701839810 
18446744073698962744 
18446744073700289658 
18446744073702803776 
18446744073701814015 
18446744073701160147 
18446744073702861019 
18446744073702130029 
18446744073701924285 
18446744073702075177 
18446744073700578702 
18446744073700000588 
18446744073701932188 
18446744073702090838 
18446744073700921607 
18446744073701794140 
18446744073702756277 
18446744073701116486 
18446744073701775312 
18446744073703193835 
18446744073702258892 
18446744073702071398 
18446744073700468804 
18446744073701810015 
18446744073703251740 
18446744073701803911 
18446744073702052736 
18446744073700393773 
18446744073699491470 
18446744073701994229 
18446744073700839599 
18446744073702907290 
18446744073701966309 
18446744073701959325 
18446744073701885713 
18446744073702095959 
18446744073700722128 
18446744073701872241 
18446744073701689444 
18446744073702904186 
18446744073697830672 
18446744073701674294 
18446744073700212879 
18446744073702660400 
18446744073702089816 
18446744073696901389 
18446744073703003352 
18446744073701677092 
18446744073701557541 
18446744073701068563 
18446744073701080822 
18446744073702996994 
18446744073701661730 
18446744073701672585 
18446744073700424773 
18446744073694986017 
18446744073688031450 
18446744073689035574 
18446744073701379901 
18446744073694553503 
18446744073700042223 
18446744073703023703 
18446744073702193546 
18446744073696000532 
18446744073701667454 
18446744073698289891 
18446744073702714078 
18446744073701409642 
18446744073701930369 
18446744073702436189 
18446744073701713327 
18446744073697056278 
18446744073698603351 
18446744073702130430 
18446744073702048761 
18446744073701835676 
18446744073702001450 
18446744073700192505 
18446744073702742878 
18446744073701774314 
18446744073702223694 
18446744073701961198 
18446744073702107392 
18446744073700414642 
18446744073703123880 
18446744073702113939 
18446744073701047076 
18446744073698538476 
18446744073701693306 
18446744073703194356 
18446744073701918707 
18446744073702094866 
18446744073700843844 
18446744073701718556 
18446744073703212930 
18446744073700860971 
18446744073701444846 
18446744073703371276 
18446744073701934352 
18446744073702101596 
18446744073701883963 
18446744073697833193 
18446744073701493218 
18446744073698100553 
18446744073701952289 
18446744073702134117 
18446744073701623316 
18446744073703697262 
18446744073702074672 
18446744073699363120 
18446744073703152543 
18446744073686527576 
18446744073703045766 
18446744073687542403 
18446744073701981998 
18446744073696822534 
18446744073702844800 
18446744073701940561 
18446744073700648395 
18446744073703049157 
18446744073702134680 
18446744073702568093 
18446744073699799091 
18446744073701892112 
18446744073702936061 
18446744073701004458 
18446744073701766494 
18446744073703182145 
18446744073702024586 
18446744073700757455 
18446744073703064212 
18446744073702021815 
18446744073698353188 
18446744073702163333 
18446744073702003423 
18446744073701999225 
18446744073700360750 
18446744073701981945 
18446744073702998550 
18446744073702199640 
18446744073702081103 
18446744073701772482 
18446744073702080957 
18446744073700318628 
18446744073702978244 
18446744073702077055 
18446744073702185935 
18446744073701794356 
18446744073702029483 
18446744073697266673 
18446744073701628796 
18446744073699585327 
18446744073702110635 
18446744073701859300 
18446744073702101666 
18446744073700440956 
18446744073703160669 
18446744073701813487 
18446744073700807355 
18446744073702950336 
18446744073702025140 
18446744073701946096 
18446744073701787170 
18446744073702162398 
18446744073700639912 
18446744073699970604 
18446744073702091570 
18446744073700715076 
18446744073702189964 
18446744073702040687 
18446744073702740384 
18446744073700210614 
18446744073700355623 
18446744073702811326 
18446744073701981459 
18446744073696795731 
18446744073700647929 
18446744073703085935 
18446744073701820049 
18446744073702227108 
18446744073702015427 
18446744073697368499 
18446744073703246056 
18446744073701874224 
18446744073701825989 
18446744073702186205 
18446744073702030053 
18446744073702021333 
18446744073700310910 
18446744073699002037 
18446744073702071634 
18446744073700794525 
18446744073701974428 
18446744073703202448 
18446744073701028345 
18446744073701733567 
18446744073703153778 
18446744073697755644 
18446744073702814796 
18446744073702030970 
18446744073702018238 
18446744073701769202 
18446744073702057326 
18446744073689839146 
18446744073701790246 
18446744073700808240 
18446744073702648055 
18446744073701768308 
18446744073702322094 
18446744073702029314 
18446744073700745032 
18446744073702996666 
18446744073698636484 
18446744073702160919 
18446744073701955707 
18446744073701982940 
18446744073700452453 
18446744073701607483 
18446744073702008127 
18446744073703396434 
18446744073702658899 
18446744073700010342 
18446744073703189472 
18446744073701797547 
18446744073702253492 
18446744073702596850 
18446744073702042034 
18446744073696040079 
18446744073699607805 
18446744073702219683 
18446744073702000599 
18446744073702069238 
18446744073701991135 
18446744073701800558 
18446744073700205359 
18446744073703078434 
18446744073699797498 
18446744073703335773 
18446744073702083786 
18446744073702050150 
18446744073701796869 
18446744073702116951 
18446744073702050570 
18446744073701993385 
18446744073697083550 
18446744073703390397 
18446744073701665519 
18446744073702156529 
18446744073701988914 
18446744073701985864 
18446744073700360555 
18446744073700956339 
18446744073701847694 
18446744073701713633 
18446744073702405503 
18446744073703055594 
18446744073700477117 
18446744073701978421 
18446744073703050583 
18446744073701899357 
18446744073702088553 
18446744073696582449 
18446744073703318310 
18446744073701821363 
18446744073702208644 
18446744073700727425 
18446744073699278611 
18446744073700982426 
18446744073702882812 
18446744073701764674 
18446744073702090991 
18446744073700768186 
18446744073701696294 
18446744073703336846 
18446744073701228267 
18446744073701306315 
18446744073701992317 
18446744073698762291 
18446744073702097021 
18446744073703350222 
18446744073700700295 
18446744073701614424 
18446744073701979378 
18446744073702002818 
18446744073701864077 
18446744073703382690 
18446744073701756953 
18446744073701855871 
18446744073702002215 
18446744073702008733 
18446744073699893829 
18446744073701989562 
18446744073703066310 
18446744073701777854 
18446744073698541865 
18446744073702038464 
18446744073700060442 
18446744073702170000 
18446744073702902553 
18446744073702078789 
18446744073701993403 
18446744073701974825 
18446744073702037725 
18446744073700033745 
18446744073703107440 
18446744073696596139 
18446744073702814695 
18446744073702051835 
18446744073702724717 
18446744073702082788 
18446744073698591487 
18446744073701922942 
18446744073701967855 
18446744073700111865 
18446744073703406169 
18446744073701790823 
18446744073702159951 
18446744073702337762 
18446744073701696267 
18446744073700093318 
18446744073701899018 
18446744073703133105 
18446744073701092445 
18446744073701551813 
18446744073701924857 
18446744073702026635 
18446744073702083358 
18446744073697151536 
18446744073702145602 
18446744073701972517 
18446744073701946242 
18446744073700137238 
18446744073703271971 
18446744073701105033 
18446744073701934075 
18446744073701283416 
18446744073701941799 
18446744073702030488 
18446744073703415697 
18446744073701751828 
18446744073702096321 
18446744073699777060 
18446744073701717719 
18446744073700428312 
18446744073696228448 
18446744073701809111 
18446744073701890527 
18446744073702136938 
18446744073703338847 
18446744073700625313 
18446744073701192826 
18446744073702149587 
18446744073702026782 
18446744073703383692 
18446744073700678791 
18446744073701765805 
18446744073701886584 
18446744073702787828 
18446744073699665350 
18446744073699913190 
18446744073702877728 
18446744073701807674 
18446744073702091395 
18446744073702099137 
18446744073701996954 
18446744073700380432 
18446744073702951922 
18446744073701833652 
18446744073702454359 
18446744073702108443 
18446744073702355984 
18446744073702925384 
18446744073701742055 
18446744073703184227 
18446744073698757143 
18446744073702093196 
18446744073701943837 
18446744073702852116 
18446744073701944376 
18446744073701956763 
18446744073702721869 
18446744073702043006 
18446744073702679111 
18446744073701743023 
18446744073696626693 
18446744073703346394 
18446744073703259658 
18446744073701596350 
18446744073701932360 
18446744073702078069 
18446744073698279990 
18446744073701986325 
18446744073701928441 
18446744073702030370 
18446744073703387499 
18446744073702026661 
18446744073700083196 
18446744073702175464 
18446744073702033715 
18446744073703078414 
18446744073702018315 
18446744073700286492 
18446744073701895917 
18446744073702029338 
18446744073703306079 
18446744073702847354 
18446744073701730883 
18446744073698731502 
18446744073701850857 
18446744073702094016 
18446744073703385394 
18446744073702721955 
18446744073701903123 
18446744073702034145 
18446744073701812162 
18446744073702100226 
18446744073703172698 
18446744073702060423 
18446744073700294583 
18446744073701903303 
18446744073701755861 
18446744073702225458 
18446744073702248454 
18446744073699048836 
18446744073697459772 
18446744073702006709 
18446744073702878983 
18446744073702032879 
18446744073702375059 
18446744073692952044 
18446744073701955063 
18446744073701778942 
18446744073703396923 
18446744073692064788 
18446744073703207851 
18446744073701796961 
18446744073702034602 
18446744073702017002 
18446744073700128582 
18446744073698907657 
18446744073701538490 
18446744073702047765 
18446744073701148792 
18446744073701906824 
18446744073701966027 
18446744073696615239 
18446744073701737886 
18446744073701570598 
18446744073701520649 
18446744073702002115 
18446744073702026327 
18446744073701790620 
18446744073702350098 
18446744073702481783 
18446744073702023922 
18446744073702735804 
18446744073702398738 
18446744073701727500 
18446744073699810280 
18446744073699973253 
18446744073702006678 
18446744073700390506 
18446744073701675105 
18446744073701702948 
18446744073702292912 
18446744073702796650 
18446744073702043313 
18446744073702613847 
18446744073702076358 
18446744073701848999 
18446744073698788335 
18446744073702031834 
18446744073699664933 
18446744073702057313 
18446744073700832996 
18446744073702767317 
18446744073700292905 
18446744073701387568 
18446744073701482152 
18446744073703272092 
18446744073701814061 
18446744073701989155 
18446744073701945544 
18446744073702088322 
18446744073700118830 
18446744073701933961 
18446744073701788245 
18446744073702124712 
18446744073702302767 
18446744073702935121 
18446744073700236677 
18446744073701959064 
18446744073702063320 
18446744073703467882 
18446744073701766035 
18446744073700471191 
18446744073701770435 
18446744073701801750 
18446744073699813902 
18446744073700234727 
18446744073701592465 
18446744073702130893 
18446744073700028167 
18446744073702779152 
18446744073701677334 
18446744073702123011 
18446744073702069212 
18446744073703469275 
18446744073700757026 
18446744073701296742 
18446744073701942823 
18446744073701925227 
18446744073702102718 
18446744073703337428 
18446744073702115531 
18446744073701725537 
18446744073702907348 
18446744073702014424 
18446744073698926812 
18446744073703341755 
18446744073701809214 
18446744073701969609 
18446744073703040590 
18446744073701912689 
18446744073702196704 
18446744073701952279 
18446744073702900330 
18446744073701993579 
18446744073702138989 
18446744073701965589 
18446744073702755670 
18446744073702068339 
18446744073701875696 
18446744073702098160 
18446744073698785000 
18446744073701913002 
18446744073699435404 
18446744073701785930 
18446744073700131463 
18446744073702233767 
18446744073702056752 
18446744073703416307 
18446744073700268236 
18446744073701516347 
18446744073702159791 
18446744073701910521 
18446744073702023038 
18446744073703031986 
18446744073701610562 
18446744073699934361 
18446744073698842091 
18446744073702760365 
18446744073702672442 
18446744073700430726 
18446744073701741851 
18446744073700520193 
18446744073700746369 
18446744073701690397 
18446744073701668320 
18446744073701099011 
18446744073701838788 
18446744073702021977 
18446744073703456004 
18446744073701919551 
18446744073700030145 
18446744073701488588 
18446744073700477400 
18446744073701958094 
18446744073702371118 
18446744073701970947 
18446744073700182596 
18446744073701938723 
18446744073701753229 
18446744073702267956 
18446744073702837083 
18446744073696941089 
18446744073702081485 
18446744073701677479 
18446744073702033746 
18446744073702111952 
18446744073702121314 
18446744073703194121 
18446744073696810871 
18446744073702087239 
18446744073702056688 
18446744073701954734 
18446744073702073702 
18446744073703113045 
18446744073700190719 
18446744073701989884 
18446744073702033196 
18446744073703251488 
18446744073702024835 
18446744073700525819 
18446744073701669623 
18446744073701872119 
18446744073702200445 
18446744073702090890 
18446744073703342907 
18446744073696992727 
18446744073701869442 
18446744073701758218 
18446744073702201776 
18446744073701991848 
18446744073701929699 
18446744073703131879 
18446744073702049735 
18446744073699597053 
18446744073702321077 
18446744073702129223 
18446744073703399017 
18446744073702003173 
18446744073701789993 
18446744073701942815 
18446744073702021260 
18446744073693154182 
18446744073702014092 
18446744073703237030 
18446744073701789612 
18446744073702106579 
18446744073702031102 
18446744073699988012 
18446744073702176946 
18446744073701829694 
18446744073703175116 
18446744073702144744 
18446744073701979757 
18446744073701989256 
18446744073699480822 
18446744073702070856 
18446744073701938575 
18446744073702429772 
18446744073701949786 
18446744073699991969 
18446744073703488846 
18446744073701673900 
18446744073702144099 
18446744073702192431 
18446744073702039952 
18446744073699224605 
18446744073701871534 
18446744073701471017 
18446744073702168361 
18446744073701753414 
18446744073701678385 
18446744073702010052 
18446744073701712387 
18446744073699651007 
18446744073702021947 
18446744073699824956 
18446744073702062135 
18446744073702255157 
18446744073701997684 
18446744073701711900 
18446744073703348724 
18446744073701724873 
18446744073700346467 
18446744073701871261 
18446744073701883780 
18446744073702018746 
18446744073702238105 
18446744073701999726 
18446744073703422040 
18446744073696786383 
18446744073701757211 
18446744073701893360 
18446744073702140841 
18446744073702135850 
18446744073702052752 
18446744073702948257 
18446744073702046631 
18446744073699823134 
18446744073702004339 
18446744073702391677 
18446744073702162728 
18446744073702142215 
18446744073702931005 
18446744073702549364 
18446744073701964198 
18446744073699083312 
18446744073702960914 
18446744073702183244 
18446744073702048925 
18446744073702064846 
18446744073701922506 
18446744073699950550 
18446744073701915746 
18446744073701751463 
18446744073703295040 
18446744073702282879 
18446744073700201666 
18446744073702027593 
18446744073702089059 
18446744073699487531 
18446744073702010163 
18446744073698729104 
18446744073702033338 
18446744073699875074 
18446744073702080919 
18446744073702029037 
18446744073702385406 
18446744073701924143 
18446744073703452113 
18446744073701989949 
18446744073699765393 
18446744073702174164 
18446744073702022135 
18446744073702445627 
18446744073701112849 
18446744073701822157 
18446744073702315149 
18446744073698646625 
18446744073702051696 
18446744073703434642 
18446744073702809730 
18446744073701433994 
18446744073701700967 
18446744073702231947 
18446744073702045328 
18446744073701637214 
18446744073701569630 
18446744073702171959 
18446744073702054820 
18446744073702071513 
18446744073703373484 
18446744073702524315 
18446744073701880305 
18446744073700777426 
18446744073699358554 
18446744073701989568 
18446744073702136928 
18446744073701993617 
18446744073699728550 
18446744073699558839 
18446744073702351086 
18446744073701815528 
18446744073701939260 
18446744073702442482 
18446744073703012742 
18446744073699889010 
18446744073701805167 
18446744073702048306 
18446744073701914893 
18446744073696961356 
18446744073701983335 
18446744073702246696 
18446744073702505635 
18446744073702823928 
18446744073700144412 
18446744073702101909 
18446744073702087331 
18446744073701704880 
18446744073702098098 
18446744073703440353 
18446744073701988196 
18446744073700058524 
18446744073702174876 
18446744073701890878 
18446744073702183357 
18446744073698744028 
18446744073702324114 
18446744073702430296 
18446744073699677908 
18446744073702018297 
18446744073702477984 
18446744073702384191 
18446744073702043158 
18446744073700919104 
18446744073701991635 
18446744073702025106 
18446744073702583022 
18446744073702597020 
18446744073702089545 
18446744073699844988 
18446744073702358491 
18446744073698836606 
18446744073702065692 
18446744073703235773 
18446744073701950320 
18446744073699796706 
18446744073702353454 
18446744073701914298 
18446744073703394274 
18446744073701607177 
18446744073701964404 
18446744073700224236 
18446744073700256696 
18446744073702699111 
18446744073700252023 
18446744073701859643 
18446744073702014932 
18446744073698724347 
18446744073702011733 
18446744073703278642 
18446744073700033935 
18446744073701785037 
18446744073702242641 
18446744073702451873 
18446744073701914345 
18446744073700095732 
18446744073702226979 
18446744073702049243 
18446744073703397324 
18446744073701753962 
18446744073700184781 
18446744073702275010 
18446744073702104007 
18446744073701963245 
18446744073700050379 
18446744073696009980 
18446744073702145026 
18446744073694134616 
18446744073702003591 
18446744073702092499 
18446744073701597404 
18446744073689899095 
18446744073702255485 
18446744073701836484 
18446744073702273266 
18446744073702830738 
18446744073702084514 
18446744073696333926 
18446744073702148845 
18446744073702616055 
18446744073702060751 
18446744073700451737 
18446744073701556681 
18446744073702337871 
18446744073702016242 
18446744073701447010 
18446744073697646881 
18446744073701806277 
18446744073702323126 
18446744073702058090 
18446744073702750179 
18446744073702086470 
18446744073699706135 
18446744073699446118 
18446744073702037444 
18446744073702096522 
18446744073701932291 
18446744073702006499 
18446744073703385479 
18446744073701984374 
18446744073699774401 
18446744073699161847 
18446744073702733672 
18446744073702072622 
18446744073700169244 
18446744073702088189 
18446744073702033450 
18446744073701676050 
18446744073702098454 
18446744073701992148 
18446744073702116654 
18446744073701824994 
18446744073702126281 
18446744073701836710 
18446744073702140073 
18446744073703427034 
18446744073702795070 
18446744073701748539 
18446744073702558817 
18446744073701830122 
18446744073702054096 
18446744073703431212 
18446744073702038661 
18446744073699929365 
18446744073702198025 
18446744073699095247 
18446744073703061265 
18446744073700133461 
18446744073701661413 
18446744073702430636 
18446744073702943166 
18446744073702161901 
18446744073700335068 
18446744073701930802 
18446744073702071778 
18446744073701945951 
18446744073702107565 
18446744073701885389 
18446744073702190742 
18446744073703179419 
18446744073699416988 
