6697980 
5311906 
6365310 
6439732 
7152875 
5893456 
6060159 
10548689 
6022811 
6380360 
6272492 
6239519 
6382913 
6118206 
6313901 
6763384 
6450292 
6371453 
7580885 
6099201 
4963823 
6065752 
7042742 
6609903 
4942240 
6085312 
6196816 
6086529 
9509243 
6078850 
7669270 
4916974 
6079859 
7148778 
6439622 
5071989 
6063380 
5092474 
6574159 
8265564 
6266120 
4954431 
6097872 
7045410 
6486079 
5111027 
6068354 
7114218 
9643260 
5101878 
6073593 
7205141 
6569720 
4896683 
6073719 
7238340 
5096289 
6075507 
6431192 
6328551 
5958437 
6075914 
6241835 
6113097 
6075738 
7521688 
5029748 
6360262 
9131405 
6068436 
7542130 
6308119 
5021726 
6065058 
6272792 
6058212 
7265223 
6314113 
5224196 
6071821 
5277448 
6411505 
8163257 
6383857 
4939860 
6057526 
7186033 
6318478 
8527542 
5978176 
6110555 
6118734 
6085782 
7498334 
6292961 
5028554 
6291991 
6966715 
6434981 
5251586 
6059115 
5263225 
6072913 
8464932 
6270141 
4867502 
6084230 
7126514 
6374221 
8250749 
6197644 
6091354 
6070888 
7440752 
5146642 
6069548 
6167172 
6336071 
5974986 
6067837 
6522144 
6073222 
6244376 
6077768 
6051392 
7743090 
4723774 
6067544 
6068293 
7362336 
8509619 
6106066 
6164216 
6065927 
7256134 
6382331 
4935489 
6061102 
7129511 
6642338 
5142924 
6089879 
7209408 
9747510 
6661878 
5463087 
6527179 
5848817 
6055735 
9754395 
5180489 
6071213 
6165112 
6339139 
6082739 
7366084 
8133572 
6259725 
5008839 
6285967 
7407707 
6329395 
4823970 
6068021 
6169466 
6074901 
7206750 
6365709 
5012314 
6364376 
6112551 
6065543 
7476157 
5146515 
6327085 
5905306 
6069731 
6264039 
6120399 
6057025 
7850893 
4971517 
6327141 
5930043 
6066395 
6215566 
6103148 
6264796 
6083094 
9354734 
6100269 
7659626 
6105117 
4772482 
6117160 
7145867 
6648595 
4803104 
6087733 
6909878 
6508202 
5349362 
6085266 
6359144 
6329657 
6025811 
6095091 
6130024 
6076466 
6333728 
6075487 
11111200 
4701067 
6094572 
7157477 
6452952 
5044946 
6063732 
7436956 
6504590 
4974996 
6288659 
6148630 
6059020 
6225449 
6320897 
6005584 
6111279 
7700034 
6125479 
4764648 
9286878 
6349833 
6119989 
6123738 
5606030 
6123689 
6065047 
8275394 
4821274 
6349979 
6222790 
6090486 
6100774 
7602237 
5141013 
5916869 
6284542 
6067797 
6068755 
6066752 
4951621 
6275930 
4851243 
6452827 
5993868 
6075373 
6118087 
6077841 
7786196 
4221221 
7532110 
6272698 
6114756 
6087857 
5586111 
6055329 
10372982 
4959459 
6292084 
6992221 
6430766 
8927027 
5552875 
6160919 
6086628 
6123724 
6090848 
7576429 
6019964 
5686741 
7315787 
6519888 
6456337 
6056036 
4749463 
6038468 
6374167 
6060824 
7401834 
6550006 
6224246 
9292976 
6101783 
6072433 
4814079 
6060490 
7937471 
6210642 
6113814 
6055010 
4700736 
6672670 
6109752 
6054718 
6134141 
6108114 
7931453 
6062703 
4669347 
5123048 
6068848 
9962858 
6549314 
4905402 
6082610 
6128958 
6065749 
7251972 
6660629 
6173415 
6069284 
6450756 
6128126 
4705912 
6055024 
7734632 
6200463 
6179474 
6089894 
4656083 
6102879 
10850672 
5270310 
5918119 
7099243 
6499299 
4977878 
6001012 
7018952 
6437239 
6539339 
6054390 
6433430 
6062643 
4736775 
6069023 
7539374 
6479681 
6128206 
6058877 
6213796 
6064008 
7919072 
6104453 
7954268 
6170716 
6075392 
6054362 
4714068 
6397549 
6100421 
6058449 
6175838 
6375764 
7903224 
6229371 
6074966 
6053924 
4753771 
6288134 
6096110 
6042257 
6138147 
11052118 
6125685 
4728069 
6327146 
5961216 
6119799 
7510500 
6361297 
4729779 
6056471 
6689026 
6061232 
6016765 
6089231 
7593752 
6286580 
4723951 
6060801 
6179742 
6056528 
10762403 
5046317 
6075221 
6068833 
7366899 
6659036 
6083106 
6133335 
6097936 
4805433 
6064212 
7832924 
6504249 
6124189 
6060551 
6206822 
6071737 
4741244 
6094191 
7585365 
6444959 
7620459 
6093994 
7541714 
5758987 
6115872 
6126939 
5465953 
6054904 
7824923 
6259611 
6318633 
6076104 
4640754 
6324614 
6089805 
6033234 
7844901 
6250035 
6078519 
4661735 
6325820 
9075904 
6071638 
7946240 
6282653 
4654118 
6072251 
7426027 
6485991 
6166603 
6090326 
6410263 
6116827 
6222045 
6075723 
4750432 
6074445 
7987828 
6065289 
6127335 
6071637 
7960691 
6270712 
6325916 
7706152 
6309257 
6194572 
6065198 
6214136 
6303391 
6019473 
6063298 
6560197 
6107765 
4753099 
6068360 
7706059 
6330985 
6022450 
6057219 
6233261 
6083893 
9522577 
6066650 
4748050 
6067219 
7936239 
6117200 
6067200 
4837864 
6078312 
6148867 
6099377 
6101540 
6070183 
6063723 
24565185 
6047934 
6066407 
25258808 
6412770 
6233862 
6140810 
6097201 
4822197 
6905168 
6025262 
6571417 
6162757 
6106349 
8084355 
6131992 
6077523 
6163049 
6119452 
6355468 
6455416 
6428929 
9155085 
6161159 
6106732 
5480857 
6034877 
8121433 
6017121 
6081340 
6072606 
4746917 
6612057 
6337707 
5926655 
6075937 
6093767 
8041989 
6189938 
6084803 
6507686 
6061499 
27076063 
6297396 
6098270 
38476071 
6229265 
5891914 
5985207 
6084277 
7861049 
9037729 
10016920 
6204738 
6079736 
5474601 
6151634 
8023621 
6527695 
6126329 
6312100 
6584961 
5009787 
6071128 
6054116 
7865831 
6295062 
6119125 
4837910 
6063609 
7557361 
6373900 
7734133 
6322039 
6227887 
6164186 
7656947 
6405239 
6074107 
6134658 
6297343 
6004179 
6143116 
6343105 
4747855 
6347609 
6093599 
6054766 
6127019 
8341105 
6123534 
4698154 
6067744 
10727205 
7053640 
6096049 
6517855 
6084796 
6364674 
4826101 
6720891 
6093223 
6496114 
6144232 
6102936 
8512693 
6091532 
6061429 
6123147 
6341051 
6111584 
6093523 
7895693 
6114227 
8055822 
6108493 
6384083 
6058387 
5997097 
6056074 
4769202 
6066214 
7858262 
6752065 
5949472 
9347238 
6072241 
7837330 
6514019 
6160464 
6388642 
5958531 
6054445 
8426449 
4920967 
6082627 
6060418 
8286240 
5963133 
6065480 
6849667 
6066594 
6464309 
6355807 
4882033 
6107528 
8106774 
6084728 
5933706 
6055664 
4727756 
6068526 
6265057 
9412558 
8084864 
6147487 
6112391 
6068234 
4802224 
6387554 
6025620 
6149875 
6146605 
6415896 
8179165 
6081652 
6331355 
5911526 
6059466 
4749151 
7838180 
6284680 
6087297 
9554036 
6104947 
6025728 
5874547 
5297621 
6061801 
7908366 
6424500 
6829955 
5943415 
5223562 
6065523 
7942342 
6173614 
6070045 
6130582 
6075343 
4961018 
6110489 
6064299 
11203024 
6448974 
6062556 
6003897 
6062427 
6126296 
6068638 
6381035 
6128004 
6539913 
6055837 
6207664 
6096459 
4698623 
6066381 
7954261 
6358149 
5842368 
6079553 
5940063 
6054459 
8115504 
6073427 
8458007 
5844205 
6078434 
6238153 
6068039 
4875888 
5965288 
7693160 
6560237 
8100767 
6045649 
5035792 
6089461 
8154181 
6228606 
5639410 
5829973 
6149383 
10413482 
6559039 
6193067 
6659954 
6005786 
6318587 
5693727 
6320613 
5760167 
6280920 
8106130 
5964639 
6075553 
6187434 
6075222 
6099604 
4750215 
6061402 
8213903 
5871586 
9346630 
4742924 
6114906 
6437283 
6086971 
6263692 
6059621 
8112599 
6258800 
5861528 
6285599 
4708843 
6335952 
6010481 
6099497 
7856761 
6320107 
5937560 
6066857 
5999817 
9948480 
6317200 
5904579 
6093800 
5988432 
6071375 
4757724 
8090163 
6073429 
6105338 
6122343 
6070982 
6261308 
6082865 
6230879 
6064416 
4888453 
5986185 
8162075 
6068909 
5876219 
9577546 
6109952 
6152798 
4766397 
6062893 
8101271 
6012313 
6344916 
5908767 
6068616 
6517495 
6117232 
6055736 
4769150 
6053800 
8300183 
5757489 
6091110 
6068520 
4718068 
9630763 
6102802 
6177835 
6074687 
6050245 
6062579 
8369382 
6114887 
5858456 
6330473 
6004209 
6298608 
4699151 
6060628 
7924752 
6291756 
5962565 
6313762 
5777203 
6066535 
9958780 
6248689 
6095831 
7376760 
6081596 
7756359 
6329024 
5864172 
6055772 
5953399 
6185794 
5500837 
6071444 
8360429 
6206611 
5862804 
6078671 
5962194 
6225448 
5282096 
5789939 
6169316 
5842605 
6060151 
4751389 
6323859 
6107470 
6132362 
7910627 
6355363 
5859395 
6058450 
5189865 
6058962 
6027725 
6100107 
6155195 
6118274 
8106471 
6267660 
5894330 
6053154 
7894872 
6127951 
8029944 
6170136 
6044507 
6223123 
6089492 
4720479 
6070325 
6109514 
8420430 
5985065 
6333210 
5972277 
6058949 
6106458 
6065039 
4878248 
6079903 
6057624 
11685485 
5838496 
6055884 
5877366 
6062147 
5255592 
6071145 
8186696 
6289648 
5753312 
6243606 
5871803 
6063186 
4856024 
6359091 
8249143 
5985386 
6040358 
5765959 
5067647 
10940516 
6722259 
5732784 
6074429 
6205591 
6081500 
6231222 
6053864 
5006771 
6098254 
6279147 
6073991 
8310745 
6039807 
5855826 
6179479 
5943425 
6058111 
6766828 
6447906 
5827510 
6056774 
9055226 
6598238 
6156928 
4756168 
6084120 
6057591 
8225375 
5920546 
6281102 
5714332 
6280619 
5143115 
6112271 
8002368 
6321865 
5863280 
6252626 
4551280 
6062373 
11192462 
6150889 
6076357 
6177352 
6075965 
6056924 
4752823 
6059816 
8488920 
5947664 
6036324 
6002598 
5264033 
7781490 
6456851 
5855365 
6068543 
5880938 
6293204 
4756524 
8045311 
9266427 
6079803 
6132959 
6121927 
4956403 
6081383 
6037549 
6061304 
6222670 
6056382 
8660988 
5776791 
6105857 
6067809 
4760209 
6099540 
7989950 
6067949 
6075010 
6161336 
9384875 
4838593 
6061702 
7934539 
6392112 
5839982 
6318471 
5916858 
6105584 
6285376 
