44095163 
44092668 
44091351 
44086547 
44082399 
44072499 
44063937 
44061354 
44053234 
44049593 
44049578 
44041262 
44039249 
44038263 
44036421 
44035083 
44032303 
44032044 
44022036 
44018120 
44009459 
44000965 
43998962 
43997742 
43992195 
43990458 
43990284 
43987728 
43980302 
43978173 
43972517 
43972270 
43969001 
43963470 
43958536 
43952987 
43950962 
43936129 
43933426 
43932319 
43927965 
43901181 
43899287 
43895633 
43888592 
43880968 
43873829 
43851102 
43839171 
43821551 
43819453 
43809751 
43800275 
43792660 
43774880 
43759962 
43746460 
43742222 
43738741 
43737602 
43726706 
43724844 
43723767 
43722477 
43696196 
43674013 
43654728 
43654004 
43647603 
43642468 
43621460 
43621396 
43606406 
43604815 
43579456 
43572306 
43568657 
43567269 
43549918 
43546711 
43514700 
43513336 
43511292 
43497968 
43489675 
43468028 
43437895 
43434928 
43433258 
43428307 
43424013 
43415260 
43413476 
43399799 
43381070 
43379080 
43370070 
43353900 
43353035 
43341899 
43322570 
43307679 
43288583 
43271333 
43267778 
43260508 
43250504 
43200114 
43191459 
43185181 
43146832 
43146262 
43128350 
43091381 
43066721 
43023400 
42993783 
42978496 
42961513 
42956287 
42893313 
42877207 
42876989 
42873033 
42869374 
42867372 
42856003 
42854300 
42850469 
42834944 
42830907 
42822231 
42814014 
42810268 
42806570 
42804242 
42799689 
42785913 
42784377 
42771672 
42738163 
42734764 
42725746 
42719899 
42709099 
42693515 
42689354 
42682244 
42669129 
42666717 
42663731 
42662029 
42661193 
42644492 
42626962 
42619274 
42609615 
42592453 
42586034 
42563715 
42561682 
42548132 
42538018 
42532447 
42529143 
42519938 
42507446 
42503956 
42502378 
42501047 
42495777 
42489038 
42485422 
42476915 
42468434 
42457136 
42455757 
42444878 
42440241 
42419047 
42417328 
42406644 
42397287 
42393909 
42382018 
42378789 
42374605 
42373806 
42373152 
42354640 
42351795 
42341138 
42329874 
42302345 
42285821 
42280600 
42271405 
42270506 
42268642 
42268037 
42262175 
42245923 
42238835 
42236542 
42235673 
42227971 
42210865 
42199893 
42190059 
42164685 
42163884 
42159002 
42150944 
42150917 
42145426 
42137327 
42133260 
42129830 
42128805 
42127091 
42123969 
42044732 
42032688 
42028535 
42013535 
42012286 
41991915 
41991878 
41956171 
41955324 
41949958 
41947877 
41943742 
41937451 
41936566 
41923410 
41913836 
41908121 
41904270 
41899334 
41896581 
41896394 
41894298 
41887030 
41870816 
41864839 
41862215 
41859184 
41852156 
41846833 
41828456 
41827870 
41827137 
41824068 
41808571 
41792803 
41792702 
41787858 
41786515 
41780172 
41768101 
41767685 
41758370 
41754941 
41754293 
41745567 
41742710 
41722400 
41706869 
41702740 
41693280 
41691057 
41664518 
41660155 
41652911 
41647763 
41625863 
41602228 
41594222 
41586631 
41583178 
41578353 
41576630 
41573752 
41571323 
41569574 
41551189 
41550105 
41539828 
41538002 
41533986 
41526911 
41524782 
41516816 
41516807 
41510702 
41506345 
41505647 
41504213 
41501083 
41495270 
41494225 
41491142 
41481073 
41480403 
41478267 
41477997 
41466350 
41460098 
41451844 
41450556 
41444278 
41444200 
41441720 
41440459 
41439232 
41424868 
41423048 
41422156 
41413945 
41410020 
41406118 
41405092 
41402800 
41401663 
41393914 
41392011 
41391361 
41388618 
41387864 
41384565 
41383449 
41378924 
41374590 
41362275 
41358375 
41355508 
41352725 
41350192 
41349473 
41346190 
41345644 
41343156 
41328804 
41322083 
41317346 
41312855 
41310189 
41305027 
41298842 
41298551 
41296107 
41294359 
41291016 
41290557 
41290358 
41289755 
41288473 
41288444 
41282659 
41282464 
41277076 
41272454 
41265055 
41262710 
41256545 
41255962 
41243784 
41239125 
41228963 
41226429 
41222362 
41221683 
41221326 
41218629 
41214582 
41214554 
41214307 
41211602 
41210407 
41206307 
41199581 
41197041 
41192678 
41192034 
41189435 
41178037 
41177785 
41177675 
41171926 
41171265 
41168020 
41166339 
41161479 
41160550 
41158014 
41154090 
41153374 
41149987 
41146858 
41145307 
41144359 
41143734 
41142120 
41142038 
41134509 
41129029 
41128411 
41125449 
41124177 
41124116 
41118924 
41115553 
41115210 
41110518 
41107968 
41107357 
41104902 
41095126 
41091777 
41088741 
41085005 
41079955 
41079167 
41076180 
41075876 
41075493 
41069637 
41068158 
41068117 
41066376 
41065933 
41062482 
41055878 
41049885 
41049470 
41049245 
41048588 
41046528 
41045379 
41041473 
41036806 
41033642 
41033552 
41031829 
41029421 
41029305 
41025177 
41024448 
41023308 
41023239 
41022778 
41020415 
41008046 
41007826 
41006810 
41005349 
41005071 
41002796 
41001051 
40995034 
40993070 
40993047 
40990249 
40989548 
40987621 
40987371 
40985609 
40982518 
40981358 
40980428 
40977977 
40972750 
40972659 
40971691 
40970897 
40970760 
40966507 
40965111 
40963687 
40963506 
40963300 
40957775 
40955362 
40951531 
40948213 
40947717 
40944602 
40941567 
40941550 
40940364 
40939030 
40938511 
40938382 
40936256 
40935600 
40931800 
40931126 
40930345 
40928409 
40927153 
40919745 
40915543 
40915133 
40914322 
40909844 
40908943 
40906057 
40903836 
40901200 
40896941 
40891396 
40889079 
40886018 
40876440 
40876427 
40874907 
40874164 
40870843 
40870375 
40866005 
40865163 
40864985 
40864515 
40862191 
40859137 
40856935 
40855164 
40855111 
40849123 
40845302 
40833000 
40829991 
40828283 
40826439 
40825085 
40821376 
40815702 
40812430 
40806979 
40801805 
40799253 
40795121 
40793841 
40793789 
40785985 
40777427 
40773552 
40773106 
40770129 
40769484 
40762529 
40757678 
40750427 
40743530 
40741561 
40733414 
40731833 
40728870 
40728117 
40724082 
40713724 
40713560 
40709033 
40707427 
40698507 
40697768 
40697756 
40687906 
40687802 
40687347 
40687246 
40687205 
40681942 
40679523 
40679426 
40677488 
40661373 
40654797 
40654167 
40653646 
40648673 
40648432 
40646132 
40642760 
40637697 
40637472 
40634184 
40633019 
40625611 
40625290 
40623181 
40621798 
40615736 
40610238 
40603842 
40603258 
40597495 
40594652 
40591230 
