47620 
47616 
47616 
47612 
47612 
47608 
47604 
47600 
47592 
47588 
47588 
47588 
47576 
47576 
47572 
47564 
47564 
47564 
47560 
47560 
47552 
47552 
47552 
47548 
47536 
47536 
47536 
47532 
47532 
47528 
47528 
47528 
47528 
47524 
47524 
47520 
47520 
47520 
47520 
47520 
47520 
47520 
47516 
47516 
47516 
47516 
47516 
47512 
47512 
47512 
47512 
47508 
47504 
47504 
47504 
47500 
47500 
47500 
47500 
47500 
47500 
47500 
47500 
47500 
47500 
47500 
47500 
47500 
47500 
47500 
47500 
47500 
47500 
47500 
47500 
47500 
47500 
47500 
47500 
47500 
47500 
47500 
47500 
47500 
47500 
47500 
47500 
47500 
47500 
47500 
47500 
47500 
47500 
47500 
47500 
47500 
47500 
47500 
47500 
47500 
47500 
47500 
47500 
47500 
47500 
47500 
47500 
47500 
47500 
47500 
47500 
47500 
47500 
47500 
47500 
47500 
47500 
47500 
47500 
47500 
47500 
47500 
47500 
47500 
47500 
47500 
47500 
47500 
47500 
47500 
47500 
47500 
47500 
47500 
47500 
47500 
47500 
47500 
47500 
47500 
47500 
47500 
47500 
47500 
47500 
47500 
47500 
47500 
47500 
47500 
47500 
47500 
47500 
47500 
47500 
47500 
47500 
47500 
47500 
47500 
47500 
47500 
47500 
47500 
47500 
47500 
47500 
47500 
47500 
47500 
47500 
47500 
47500 
47500 
47500 
47500 
47500 
47500 
47500 
47500 
47500 
47500 
47500 
47500 
47500 
47500 
47500 
47500 
47500 
47500 
47500 
47500 
47500 
47500 
47500 
47500 
47500 
47500 
47500 
47500 
47500 
47500 
47500 
47500 
47500 
47500 
47500 
47500 
47500 
47500 
47500 
47500 
47500 
47500 
47500 
47500 
47500 
47500 
47500 
47500 
47500 
47500 
47500 
47500 
47500 
47500 
47500 
47500 
47500 
47500 
47500 
47500 
47500 
47500 
47500 
47500 
47500 
47500 
47500 
47500 
47500 
47500 
47500 
47500 
47500 
47500 
47500 
47496 
47496 
47496 
47496 
47496 
47496 
47496 
47496 
47496 
47496 
47496 
47496 
47496 
47496 
47496 
47496 
47496 
47496 
47496 
47496 
47496 
47496 
47496 
47496 
47496 
47496 
47496 
47496 
47496 
47496 
47496 
47496 
47496 
47496 
47496 
47496 
47496 
47496 
47496 
47496 
47496 
47496 
47496 
47496 
47496 
47496 
47496 
47496 
47496 
47496 
47496 
47496 
47496 
47496 
47496 
47496 
47496 
47496 
47496 
47496 
47496 
47496 
47496 
47496 
47496 
47496 
47496 
47496 
47496 
47496 
47496 
47496 
47496 
47496 
47496 
47496 
47496 
47496 
47496 
47496 
47496 
47496 
47496 
47496 
47496 
47496 
47496 
47496 
47496 
47496 
47496 
47496 
47496 
47496 
47496 
47496 
47496 
47496 
47496 
47496 
47496 
47496 
47496 
47496 
47496 
47496 
47496 
47496 
47496 
47496 
47496 
47496 
47496 
47496 
47496 
47496 
47496 
47496 
47496 
47496 
47496 
47496 
47496 
47496 
47496 
47496 
47496 
47496 
47496 
47496 
47496 
47496 
47496 
47496 
47496 
47496 
47496 
47496 
47496 
47496 
47496 
47496 
47496 
47496 
47496 
47496 
47496 
47496 
47496 
47496 
47496 
47496 
47496 
47496 
47496 
47496 
47496 
47496 
47496 
47496 
47496 
47496 
47496 
47492 
47488 
47488 
47488 
47488 
47488 
47488 
47488 
47488 
47488 
47488 
47488 
47488 
47488 
47488 
47488 
47488 
47488 
47488 
47488 
47488 
47488 
47488 
47488 
47488 
47488 
47488 
47488 
47488 
47488 
47488 
47488 
47488 
47488 
47488 
47488 
47488 
47488 
47488 
47488 
47488 
47488 
47488 
47488 
47488 
47488 
47488 
47488 
47488 
47488 
47484 
47484 
47484 
47484 
47484 
47484 
47484 
47484 
47484 
47484 
47484 
47484 
47484 
47484 
47484 
47484 
47484 
47484 
47484 
47484 
47484 
47484 
47484 
47484 
47484 
47484 
47484 
47484 
47484 
47484 
47484 
47484 
47484 
47484 
47484 
47484 
47484 
47484 
47484 
47484 
47484 
47484 
47484 
47484 
47484 
47484 
47484 
47484 
47484 
47484 
47484 
47484 
47484 
47484 
47484 
47484 
47484 
47484 
47484 
47484 
47484 
47484 
47484 
47484 
47484 
47484 
47484 
47484 
47484 
47484 
47484 
47484 
47484 
47484 
47484 
47484 
47484 
47484 
47484 
47480 
47480 
47476 
47476 
47476 
47476 
47464 
47464 
47464 
47464 
47460 
47452 
47448 
47448 
47448 
47448 
46698 
45109 
44599 
44555 
43957 
43522 
43180 
42636 
42576 
42521 
41280 
40674 
40458 
40336 
39972 
39969 
39906 
39906 
39906 
39906 
39906 
39906 
39906 
39906 
39906 
39906 
39906 
39906 
39906 
39906 
39906 
39906 
39906 
39906 
39906 
39906 
39906 
39906 
39906 
39906 
39906 
39906 
39906 
39906 
39906 
