16395 
4968 
5256 
5610 
5613 
5658 
5775 
5724 
5622 
5667 
5268 
5991 
5316 
5514 
5472 
6336 
5439 
5556 
5382 
5766 
5442 
5415 
5559 
5460 
5820 
5586 
5394 
5550 
5391 
5529 
5427 
5589 
5358 
5595 
5463 
5385 
5475 
5508 
5373 
5643 
5562 
5442 
5337 
5616 
5751 
5418 
5499 
5406 
5583 
5463 
5400 
5658 
5556 
5373 
5514 
5643 
5475 
5304 
5346 
5556 
5256 
5748 
5565 
5367 
5493 
5559 
5565 
5394 
5667 
5835 
5586 
5394 
5571 
5763 
5781 
5430 
5451 
5442 
5757 
5655 
5394 
5607 
5415 
5535 
5397 
5751 
5487 
5523 
5364 
5709 
5565 
5307 
5466 
5694 
5844 
5397 
5484 
5643 
5769 
5514 
5658 
5568 
5466 
5691 
5706 
5502 
5724 
5574 
5463 
5652 
5517 
5439 
5358 
5595 
6162 
5400 
5466 
5727 
5583 
5550 
5769 
5460 
5583 
5463 
5649 
5430 
5412 
5484 
7377 
5634 
5208 
5844 
5460 
5760 
5478 
5625 
5931 
5673 
5802 
5448 
5961 
5655 
5481 
5745 
5511 
5604 
5484 
5715 
5820 
5316 
5439 
5601 
5670 
5481 
5583 
5352 
5466 
5766 
5808 
5658 
5376 
5379 
5712 
5502 
5682 
5469 
5412 
5700 
5625 
5760 
5730 
5739 
5697 
5751 
5511 
5373 
5487 
5784 
5502 
5469 
5466 
5736 
5637 
5526 
5451 
5685 
5727 
5586 
5586 
5682 
5397 
5721 
5580 
5607 
5496 
5595 
5352 
5433 
5802 
5337 
6747 
7587 
7971 
7587 
8817 
10725 
7296 
7350 
7290 
7152 
7743 
7449 
7488 
7509 
7653 
7533 
7554 
7710 
7983 
6276 
5448 
5457 
5346 
5553 
5418 
5436 
5571 
5508 
5424 
5343 
6051 
5535 
5469 
5766 
5826 
5472 
5574 
5544 
5550 
5652 
5565 
5394 
5484 
5805 
5439 
5718 
5628 
5385 
5493 
5517 
5430 
5469 
5568 
5577 
5355 
5598 
5538 
6051 
5541 
5541 
5523 
5628 
5745 
5388 
5589 
5847 
5727 
5385 
5481 
5811 
5499 
5640 
5484 
5787 
5592 
5667 
5772 
5538 
5268 
5502 
5364 
5484 
5466 
5370 
5730 
5697 
5706 
5673 
5457 
5694 
5694 
5706 
5595 
5778 
5520 
5709 
5718 
5583 
5571 
5478 
5346 
5424 
5643 
5376 
5688 
5508 
5361 
5466 
5682 
5748 
5499 
5691 
5412 
5547 
5397 
5694 
5529 
5481 
5814 
5703 
5529 
5691 
5679 
5832 
5841 
5739 
5694 
5586 
5742 
5421 
5628 
5559 
5235 
5715 
5574 
5562 
5592 
5475 
5730 
5814 
5523 
5724 
5325 
5841 
5649 
5544 
5481 
5520 
5541 
5556 
5406 
5304 
5475 
5421 
5556 
5568 
5571 
5457 
5517 
5583 
5304 
5628 
5556 
5346 
5322 
5412 
5571 
5304 
5550 
5379 
5649 
5568 
5478 
5490 
5469 
5505 
5547 
5490 
4800 
64 
5133 
5289 
5757 
5541 
5490 
5331 
5382 
5469 
5319 
5502 
5682 
5466 
5529 
5490 
5757 
5283 
5589 
5658 
5373 
5481 
5559 
5370 
5538 
5469 
5517 
5364 
5481 
5571 
5424 
5391 
5559 
5298 
5493 
5649 
5547 
6039 
5385 
5469 
5517 
5616 
5628 
5604 
5586 
5670 
5820 
5373 
5697 
5490 
5802 
5583 
5466 
5400 
5703 
5514 
5271 
5463 
5727 
5571 
5481 
5499 
5304 
5526 
5514 
5415 
5760 
5643 
5724 
5433 
5547 
5496 
5571 
5466 
5442 
5724 
5592 
5466 
5634 
5217 
5469 
5586 
5391 
5718 
5403 
5781 
5583 
5382 
5565 
5463 
5643 
5502 
5460 
5514 
5541 
5454 
5574 
5493 
5469 
5295 
5817 
5619 
5490 
5679 
5493 
5625 
5505 
5562 
5475 
5553 
5469 
5496 
5742 
5385 
5319 
5550 
5223 
5661 
5484 
5700 
5697 
5676 
5409 
5712 
5421 
5574 
5574 
5361 
5472 
5607 
5325 
5490 
5463 
5718 
5703 
5655 
5391 
5568 
5502 
5367 
5562 
5703 
5568 
5385 
5385 
5382 
5724 
5733 
5739 
5589 
5649 
5418 
5688 
5361 
5574 
5430 
5550 
5484 
5568 
5322 
5559 
5454 
5880 
5448 
5472 
5496 
5436 
5472 
5466 
5442 
5544 
5574 
5472 
5628 
5535 
5508 
5529 
5622 
5556 
5385 
5796 
5421 
5574 
5373 
5577 
5460 
5721 
5418 
5487 
5340 
5502 
5487 
5448 
5568 
5469 
5616 
5457 
5568 
5385 
5484 
5607 
5463 
5556 
5475 
5577 
5652 
5583 
5382 
5367 
5547 
5658 
5391 
5331 
5484 
5649 
5667 
5775 
5298 
5766 
5340 
5673 
5379 
5697 
5376 
5412 
5652 
5310 
5340 
5277 
5370 
5781 
5472 
5433 
5688 
5472 
5838 
5703 
5502 
5763 
5664 
5646 
5541 
5307 
5592 
5388 
5301 
5598 
5445 
5568 
5667 
5580 
5613 
5655 
5205 
5736 
5775 
5679 
5466 
5712 
6630 
5280 
5502 
5712 
5598 
5601 
5562 
5562 
5646 
5427 
6150 
5343 
5475 
5709 
5799 
5589 
5310 
5367 
5727 
5583 
5586 
5511 
5343 
5721 
5496 
5421 
5307 
5808 
5571 
5466 
5694 
5589 
5466 
5472 
5466 
5391 
5523 
5715 
5568 
5457 
5379 
5661 
5433 
5736 
5544 
5457 
5232 
5364 
5559 
5337 
5631 
5529 
5637 
5316 
5625 
5631 
5835 
5469 
5472 
5643 
5613 
5643 
5517 
5526 
5571 
5316 
5457 
5367 
5730 
5247 
5763 
5883 
5778 
5307 
5460 
6063 
5841 
5415 
5415 
5469 
5472 
5565 
5691 
5571 
5466 
5427 
5778 
5583 
5505 
5571 
5463 
5319 
5736 
5571 
5511 
5352 
5757 
5538 
5448 
5454 
5466 
5790 
5643 
5616 
5613 
5628 
5760 
5748 
5469 
5475 
5478 
5769 
5253 
5373 
5685 
5562 
5745 
5562 
5496 
5610 
5583 
5394 
5385 
5697 
5499 
5607 
5487 
5688 
5430 
5655 
5520 
5493 
5310 
5670 
5478 
5691 
5646 
5484 
5679 
5763 
5397 
5718 
5469 
5643 
5445 
5772 
5556 
5436 
5493 
5319 
5661 
5535 
5475 
5397 
5703 
5574 
5430 
5349 
5463 
5307 
5733 
5709 
5847 
5472 
5460 
5304 
5733 
5766 
5355 
5931 
5316 
5364 
5721 
5427 
5700 
5574 
5457 
5340 
5460 
5562 
5538 
5571 
5574 
5481 
5727 
5463 
5682 
5709 
5568 
5388 
5769 
5802 
5550 
5295 
5727 
5499 
5649 
5373 
5565 
5433 
5700 
5508 
5430 
5697 
5361 
5649 
5625 
5481 
5181 
5751 
5709 
5457 
5379 
5790 
5364 
5439 
5535 
5397 
5709 
5343 
5721 
5493 
5304 
5673 
5562 
5502 
5310 
5829 
5454 
5688 
5688 
5466 
5724 
5568 
5367 
5352 
5577 
2174870 
19936 
15954 
14020 
12462 
11529 
10975 
10709 
10436 
10082 
4779 
5232 
5244 
5463 
5826 
5517 
5439 
5466 
5409 
5652 
5385 
5550 
5712 
5460 
5829 
5760 
5571 
5373 
5433 
5805 
5583 
5421 
5364 
6309 
5463 
5577 
5337 
5574 
5523 
5649 
5319 
5334 
5460 
5571 
5814 
5574 
5469 
5550 
5349 
5610 
5334 
5370 
5574 
5439 
5421 
5667 
5658 
5298 
5694 
5727 
5775 
5364 
6018 
5325 
5793 
5739 
5757 
5556 
5409 
5580 
6042 
5337 
5574 
5523 
5577 
5286 
5307 
5478 
5337 
5559 
5226 
5652 
5655 
5769 
5394 
5292 
5760 
5313 
5502 
5325 
5730 
5601 
5739 
5664 
5784 
5496 
5655 
5478 
5742 
5502 
5454 
5712 
5553 
5574 
5490 
5406 
5367 
5475 
5730 
5457 
5475 
5526 
5355 
5313 
5814 
5562 
5376 
5367 
5343 
5574 
5475 
5430 
5574 
5373 
5544 
5466 
