16446 
6162 
6888 
6582 
6921 
6618 
6762 
6792 
6606 
6870 
6510 
6561 
6789 
6963 
6630 
6594 
6471 
6747 
6810 
6750 
6690 
6570 
6780 
6795 
6609 
6519 
6756 
6660 
6546 
6927 
6501 
6654 
6753 
6615 
7113 
6735 
6546 
6927 
6981 
6666 
6900 
6606 
6774 
6849 
6615 
6849 
6690 
6726 
6963 
6639 
6660 
6552 
6570 
6528 
6489 
6549 
6582 
6510 
6798 
6984 
6777 
6711 
6786 
6714 
6744 
6663 
6978 
6822 
7086 
7059 
6867 
6768 
6966 
6579 
6552 
6555 
6708 
6855 
6624 
6669 
6507 
6555 
6753 
6528 
6840 
6921 
6774 
6711 
6504 
6501 
6531 
6507 
6507 
6528 
6537 
6522 
6552 
6756 
6588 
6486 
6531 
6549 
6690 
6471 
4800 
6528 
6615 
6810 
6549 
6735 
6498 
6789 
6522 
6861 
6666 
6951 
6762 
6741 
6777 
6723 
6723 
6918 
6738 
6531 
6552 
6525 
6519 
6531 
6828 
6537 
6513 
6759 
6744 
6615 
6513 
6966 
6798 
6513 
6531 
6558 
6531 
6480 
6732 
6777 
6666 
6939 
6639 
6621 
7050 
6720 
6558 
6723 
6828 
7224 
6723 
6639 
6600 
6819 
6666 
7047 
6744 
6570 
6723 
6675 
6795 
6939 
6714 
6756 
6516 
6759 
6579 
6603 
6528 
6543 
6519 
6630 
6474 
6546 
6519 
6699 
6492 
6501 
6546 
6537 
6513 
6759 
6495 
6651 
6540 
6537 
6519 
6513 
7047 
6546 
6987 
6624 
6576 
6546 
6771 
7590 
7185 
7251 
7104 
6714 
6558 
7167 
6549 
6537 
7311 
6732 
6546 
6627 
6741 
6726 
6924 
6864 
6666 
6807 
6786 
6633 
6621 
6828 
6561 
6618 
6579 
6501 
6891 
6702 
6729 
6537 
6555 
6855 
6813 
6600 
6858 
6627 
6933 
6756 
6852 
6780 
6477 
6519 
6561 
6825 
6636 
6777 
6540 
6627 
6621 
6468 
6558 
6843 
6744 
6462 
6735 
6837 
6912 
6636 
6762 
6807 
6576 
6906 
6636 
6801 
6501 
6564 
7263 
6621 
6636 
6741 
6774 
6801 
6552 
6483 
6528 
6816 
6528 
6921 
6546 
6741 
6786 
6666 
6801 
6825 
6549 
6540 
6741 
6603 
6552 
6537 
6552 
6777 
6564 
6693 
6507 
6561 
6879 
6528 
6861 
6690 
6750 
7155 
6834 
6966 
7296 
6876 
6768 
6735 
6768 
6729 
6528 
6810 
6714 
6696 
6633 
6504 
6630 
6912 
6558 
6660 
6693 
7716 
64 
6159 
6588 
6798 
6579 
6537 
6777 
6927 
6597 
6831 
6918 
6756 
6663 
6843 
6489 
6756 
6498 
6489 
6909 
6591 
7047 
6468 
6528 
6537 
6570 
6531 
6750 
6948 
6510 
6516 
6858 
6699 
6567 
6744 
6621 
6891 
6912 
6768 
6531 
6603 
6615 
6504 
6498 
6660 
6498 
6528 
6558 
6525 
6531 
6576 
6516 
6588 
6633 
6495 
6519 
6549 
6531 
6558 
6873 
6762 
6927 
6996 
7044 
6558 
6561 
6561 
6561 
6585 
6582 
6582 
6621 
6585 
6807 
6633 
6711 
6588 
6888 
6873 
7104 
6924 
6747 
6633 
6930 
6825 
6453 
6519 
6645 
6513 
6498 
6507 
6486 
6513 
6498 
6942 
6555 
6504 
6537 
6495 
6756 
6627 
7245 
6480 
6720 
6507 
6528 
6537 
6735 
6963 
6921 
6558 
6921 
6861 
6552 
6744 
6561 
6579 
6513 
6687 
6504 
6501 
6528 
6498 
6528 
6540 
6768 
6504 
6540 
6522 
6495 
6504 
6525 
6486 
6714 
6525 
6480 
6519 
6519 
6489 
6453 
6447 
6699 
6813 
6726 
6765 
6687 
6789 
6681 
6729 
6621 
6507 
6525 
6531 
6498 
6504 
6516 
6522 
6534 
6474 
6504 
6480 
6543 
6510 
6507 
6801 
6543 
6501 
6489 
6495 
6648 
6684 
6786 
6744 
6840 
6915 
6537 
6645 
6879 
6717 
6918 
6540 
6495 
6861 
6849 
6852 
6819 
6570 
6714 
6534 
6795 
6582 
6516 
6522 
6489 
6504 
6522 
6513 
6564 
6513 
6522 
6522 
6525 
6543 
6516 
6528 
6474 
6504 
6522 
6537 
6651 
6537 
6654 
6540 
6600 
6570 
6540 
6624 
6534 
6510 
2158395 
7515 
6765 
6528 
6576 
6879 
6549 
6723 
6837 
6687 
6660 
6798 
6528 
6732 
6717 
6723 
6735 
6582 
6540 
6510 
6498 
6753 
6918 
6825 
6588 
6612 
6558 
6753 
6912 
6543 
6540 
6558 
6741 
6735 
6603 
6564 
6762 
6435 
6501 
6510 
6513 
6741 
6840 
6720 
6549 
6759 
6990 
6708 
6705 
6636 
6720 
6519 
6510 
6855 
6717 
6684 
6456 
6522 
6870 
6735 
6669 
6768 
6567 
6486 
6531 
6594 
6915 
6825 
6570 
6921 
6504 
6720 
6726 
6762 
6753 
6654 
6501 
6480 
6522 
6498 
6498 
6495 
6657 
6504 
6627 
6501 
6507 
6642 
6546 
6519 
6528 
6489 
6507 
6609 
6528 
6525 
6504 
6477 
6774 
6615 
6528 
6579 
6753 
6462 
6600 
6657 
6720 
6861 
6861 
6609 
6834 
6663 
6612 
6501 
6732 
6915 
6825 
6567 
6612 
6522 
6519 
6720 
6720 
6555 
6549 
6540 
6540 
6735 
6705 
6615 
6666 
6525 
6540 
6537 
6573 
6534 
6501 
6513 
6477 
6525 
6525 
6480 
6513 
6378 
6570 
6495 
6909 
6546 
6570 
6711 
6711 
6807 
6570 
6840 
6870 
6504 
6720 
6552 
6753 
6840 
6726 
6585 
6738 
6834 
6873 
6522 
6717 
6555 
6549 
6540 
6540 
6540 
6540 
6540 
6540 
6672 
6558 
6564 
6735 
6855 
6894 
6522 
6720 
6552 
6753 
6903 
6630 
6627 
6522 
7101 
6525 
6486 
6495 
6762 
6861 
6741 
6549 
6540 
6522 
6489 
6507 
2691 
8975 
6714 
6537 
6552 
6834 
7032 
6906 
6576 
6807 
6549 
6516 
6480 
6612 
6639 
6540 
6519 
6465 
6450 
6858 
6612 
6804 
6498 
6483 
6507 
6849 
6630 
6765 
6630 
6540 
6540 
6519 
6504 
6477 
6879 
6504 
6531 
6522 
6597 
6501 
6498 
6708 
6489 
6735 
6876 
6630 
6654 
6477 
6765 
6558 
6558 
6552 
6507 
6540 
6576 
7041 
6504 
6507 
6492 
6453 
6540 
6537 
7083 
6498 
6486 
6477 
6504 
6480 
6537 
6921 
6474 
6621 
6510 
6528 
6519 
6468 
6618 
6903 
6906 
6903 
6903 
6903 
6906 
6903 
6903 
7050 
7239 
6582 
6834 
6873 
6531 
6726 
6705 
6702 
6528 
6510 
6462 
6483 
6522 
6507 
6714 
6504 
6546 
6531 
6510 
6462 
6516 
6519 
6480 
6519 
6564 
6525 
6516 
6540 
6660 
6696 
6483 
6630 
15806 
7112 
6832 
6980 
6768 
6696 
6768 
6724 
6744 
6948 
7052 
6736 
6732 
6968 
6724 
6732 
6968 
6728 
6696 
6748 
7120 
6840 
7196 
6744 
6740 
6736 
6728 
6732 
6860 
6884 
6728 
6816 
6816 
6776 
6732 
6728 
6852 
6844 
6932 
7052 
6716 
6868 
6740 
6816 
6816 
6768 
6732 
6728 
6740 
6756 
6760 
6728 
6752 
6732 
6816 
6812 
7152 
6792 
6912 
6732 
6728 
6736 
6816 
6812 
6764 
6728 
6732 
6984 
6784 
6696 
6768 
6732 
6728 
7052 
6716 
6868 
6740 
6816 
6816 
6768 
6732 
6736 
6972 
6740 
6764 
6816 
6868 
6752 
6760 
6728 
6784 
6736 
6728 
6740 
6856 
6724 
6760 
4388 
6676 
6976 
6948 
6784 
6964 
6696 
6824 
6996 
6720 
6756 
6736 
6696 
6820 
6996 
6720 
6768 
6736 
6696 
6824 
7184 
6920 
6780 
6736 
6696 
6820 
6996 
6720 
6760 
6756 
6916 
6708 
6872 
6992 
6752 
6740 
7104 
6764 
6916 
6760 
6736 
6708 
6856 
6996 
14292 
6476 
6816 
6792 
6724 
6980 
7104 
7268 
6980 
6792 
6996 
37578 
7068 
6996 
7388 
7520 
7364 
6820 
7064 
7540 
6948 
6992 
6816 
6888 
6784 
6900 
6748 
6728 
6768 
6792 
7040 
7000 
6948 
7004 
6960 
7104 
6712 
6860 
6952 
7000 
6756 
6788 
6768 
6864 
6768 
6752 
7352 
6772 
6840 
6888 
6728 
6872 
6964 
7012 
6996 
6780 
7136 
6808 
6908 
6768 
6764 
6792 
6760 
6748 
6812 
6780 
6736 
6720 
6748 
6904 
6960 
6776 
6780 
7248 
7000 
6736 
6944 
7052 
6780 
6796 
7084 
7052 
6724 
7044 
6732 
6960 
6972 
6976 
6792 
6996 
6916 
6732 
6992 
7220 
7108 
6908 
6792 
6952 
6800 
6936 
6876 
7080 
7036 
7004 
6744 
7036 
7100 
6896 
6800 
6784 
6736 
7036 
7076 
6768 
6820 
6760 
6960 
7040 
6928 
7040 
7036 
7128 
7052 
6736 
6740 
6808 
6756 
6972 
6908 
7048 
6776 
6736 
6976 
7096 
6852 
6924 
6980 
7056 
6780 
6784 
6944 
6948 
6780 
6792 
6780 
7000 
7100 
6956 
6840 
6732 
7024 
7096 
6788 
6732 
6964 
7088 
6716 
6748 
6964 
7104 
6932 
6964 
7088 
6812 
7116 
6944 
6856 
6832 
6868 
7080 
7044 
6840 
6744 
6768 
6912 
6816 
6912 
6780 
6784 
7000 
6952 
6756 
7096 
6860 
6944 
6812 
6996 
6812 
6740 
6988 
6840 
6752 
6804 
7140 
7224 
7256 
7140 
6744 
6736 
6804 
6796 
6928 
6784 
7000 
7116 
6764 
7028 
6924 
6976 
6724 
7252 
6744 
6736 
6724 
7004 
6956 
7564 
64 
6460 
6840 
6988 
6808 
6800 
6764 
6812 
6712 
6804 
6768 
6856 
7096 
6748 
6724 
6940 
6788 
6792 
6772 
6760 
6976 
7136 
6876 
7040 
6776 
7136 
6908 
7032 
7016 
7296 
7304 
6776 
6744 
7044 
6768 
6788 
6912 
6776 
6764 
7256 
6852 
7124 
6920 
6988 
6756 
6988 
6816 
6992 
7064 
6980 
7000 
7312 
7216 
6816 
6996 
6808 
6788 
6764 
6896 
6840 
6808 
6916 
6780 
6700 
6788 
6720 
7020 
6720 
7016 
6860 
6716 
6728 
6780 
6928 
6968 
7068 
6932 
7168 
6784 
6716 
6712 
6732 
6988 
7032 
6812 
6784 
6824 
6812 
6908 
6784 
6864 
6916 
7096 
6816 
6912 
6996 
7096 
6952 
7304 
6788 
6968 
6992 
6712 
6724 
6876 
6792 
6968 
7012 
6992 
7000 
6712 
6788 
6792 
6784 
6824 
6988 
6924 
6708 
6728 
7008 
6916 
6792 
6996 
6960 
7036 
7044 
15985 
6726 
6741 
6636 
6681 
6513 
6483 
6498 
6549 
6657 
6510 
6738 
6636 
6750 
6561 
6744 
6930 
6543 
6549 
6522 
6564 
6492 
6513 
6654 
7035 
6882 
6663 
6561 
6555 
6666 
6513 
6759 
6864 
6723 
6705 
6855 
6870 
6594 
6732 
6468 
6540 
6585 
6813 
6972 
6807 
6801 
6939 
6732 
6486 
6771 
7020 
6729 
6678 
6576 
6738 
6921 
6837 
6690 
6780 
6792 
6579 
6699 
6552 
6561 
6864 
6585 
6543 
6744 
6630 
6579 
6924 
6921 
6612 
6537 
6750 
6804 
6564 
6891 
6576 
6753 
6816 
6681 
6792 
6549 
6555 
6618 
64 
1568 
6063 
6606 
6561 
6531 
6516 
6759 
6981 
6759 
6624 
6516 
6738 
6531 
6492 
6630 
6855 
6525 
6708 
6555 
6693 
6495 
6477 
6591 
6513 
6639 
6564 
6711 
6642 
6495 
6621 
6864 
6834 
6681 
7266 
6861 
6759 
6522 
6843 
6969 
6570 
6666 
6855 
6702 
6912 
6507 
6633 
6693 
6705 
6468 
6552 
6531 
6528 
6744 
6924 
6744 
6519 
6582 
6498 
6717 
6774 
6681 
6549 
6498 
6774 
6663 
6828 
6849 
6993 
6585 
6525 
6786 
6822 
6618 
6762 
6786 
6561 
6510 
6783 
6537 
6543 
6534 
6549 
6561 
6522 
6558 
7230 
6918 
6636 
6744 
6741 
6534 
6774 
7002 
6594 
6780 
6633 
6918 
6921 
6618 
6765 
6837 
6732 
6600 
6726 
6852 
6690 
6930 
6546 
6750 
6591 
6696 
6546 
6756 
6615 
6744 
6627 
6840 
6858 
6516 
6555 
6690 
6666 
6522 
6810 
6798 
6567 
6531 
6714 
6573 
6450 
7140 
6558 
6816 
6627 
6531 
6726 
6513 
6804 
6738 
6543 
6507 
6717 
6570 
6741 
6714 
6849 
6816 
6828 
6810 
6504 
6525 
6495 
6630 
6744 
6519 
6906 
6525 
6903 
6756 
6735 
6609 
6555 
6516 
6873 
6816 
6573 
6708 
6828 
7023 
6558 
6687 
6537 
6588 
6768 
6591 
6609 
6540 
6567 
6843 
6570 
7014 
6612 
7041 
6786 
6756 
6627 
6795 
6567 
6540 
6531 
6537 
6675 
6519 
6525 
6741 
6738 
6540 
6540 
6750 
6765 
6714 
6639 
6690 
6531 
6540 
6540 
6552 
6540 
6540 
6528 
6534 
6522 
6471 
6543 
6483 
6507 
6744 
5364 
64 
6102 
6813 
6843 
6603 
6504 
6738 
16188 
7112 
6864 
6800 
6768 
6776 
6784 
6820 
6860 
6692 
6688 
6760 
6756 
6720 
6756 
7464 
6712 
6924 
6808 
6756 
6712 
6716 
6996 
6968 
7092 
6948 
6864 
6960 
7004 
6832 
6692 
6772 
6776 
6968 
7040 
6832 
7064 
7020 
7128 
6748 
6712 
7028 
7100 
6752 
7032 
7148 
7272 
6996 
6976 
7040 
6968 
6768 
6776 
7028 
6856 
6784 
7032 
6808 
7056 
7084 
6924 
7080 
6800 
6988 
6732 
7020 
6804 
6992 
7012 
7032 
6932 
7000 
6956 
7268 
6716 
6784 
6848 
6724 
6772 
7096 
6992 
7112 
6728 
6744 
6732 
6980 
7004 
6800 
6972 
6932 
6952 
7276 
6980 
6944 
6864 
6780 
6728 
7004 
6784 
6788 
7024 
6736 
6996 
7036 
6712 
6684 
7060 
6768 
6784 
6744 
6772 
6720 
6704 
6756 
6956 
7048 
6776 
6760 
6856 
6768 
6724 
7016 
6764 
7060 
7072 
6964 
6784 
7056 
6776 
6984 
6664 
6768 
6956 
6912 
7024 
7020 
6748 
6796 
6816 
6844 
6876 
6912 
6744 
6768 
6780 
7044 
6808 
6764 
6724 
6980 
6940 
6960 
7104 
6756 
6740 
6992 
6996 
6984 
6852 
6744 
6780 
6988 
6976 
6748 
6724 
6956 
7096 
6936 
6788 
7132 
6764 
6932 
6788 
7048 
6988 
6804 
6936 
6836 
6892 
6760 
6732 
7044 
7028 
6904 
6776 
6964 
6980 
6956 
6756 
6832 
6940 
7132 
7044 
7020 
234155 
6912 
7032 
6788 
6752 
6912 
6784 
6988 
6784 
7152 
6812 
6772 
6892 
6760 
6728 
6796 
6984 
6732 
6816 
6996 
7032 
6784 
7080 
7060 
6948 
6800 
6792 
7072 
6748 
6732 
6768 
6764 
6880 
6736 
6884 
6996 
7176 
6764 
6752 
6728 
6956 
6852 
6748 
6776 
6780 
6788 
6712 
6820 
6752 
6792 
6760 
6720 
6736 
7036 
7112 
6760 
6748 
6752 
6992 
6792 
6812 
6756 
7100 
6852 
6912 
6984 
6752 
6952 
6764 
6808 
6752 
6968 
6988 
6900 
7008 
7012 
6852 
7048 
6776 
7000 
6804 
6788 
6952 
6844 
7028 
6824 
7276 
6952 
6916 
7076 
6812 
6820 
6768 
7092 
7108 
6932 
7000 
6788 
7004 
6980 
6832 
6812 
6756 
6776 
6804 
6932 
6772 
6792 
6796 
6944 
7068 
6776 
7004 
6892 
6972 
6760 
6780 
6824 
7168 
6976 
6844 
6720 
6768 
6984 
6916 
7096 
7000 
6768 
6944 
6984 
6816 
7004 
6980 
6840 
6780 
6980 
6788 
7080 
6780 
6756 
6732 
6992 
6932 
6752 
6864 
6736 
6744 
6720 
6736 
6992 
6888 
