68908 
58452 
57712 
57712 
57712 
57716 
57740 
57740 
57736 
57740 
57700 
57684 
57712 
57712 
64542 
55491 
55377 
55380 
55380 
55359 
55377 
34069 
55788 
55401 
55401 
55380 
55380 
55359 
55377 
66418 
57756 
57740 
57684 
57684 
57680 
57684 
57680 
57684 
57684 
57684 
57684 
57684 
57684 
57684 
57684 
57684 
57684 
57740 
22686 
58192 
57684 
57712 
57680 
57684 
57680 
57684 
57680 
57680 
57680 
57684 
57680 
57680 
57680 
57740 
57680 
57680 
57680 
57684 
57680 
57680 
57680 
57684 
57680 
57680 
55100 
42364 
57956 
57712 
57680 
57732 
57684 
57676 
68012 
60264 
60192 
60188 
60188 
60184 
60192 
60188 
60184 
60184 
60192 
60188 
60188 
60240 
60192 
60184 
60188 
60188 
36652 
60844 
60228 
60216 
60188 
60188 
60192 
60184 
60188 
60188 
60188 
60244 
60224 
60240 
60188 
60184 
60192 
60188 
60188 
60184 
60192 
60192 
60192 
60192 
60192 
60188 
15012 
60628 
60280 
60216 
60188 
60184 
60192 
69460 
63008 
62920 
62924 
62924 
62928 
62924 
62924 
62920 
62928 
62924 
62984 
62924 
62928 
62924 
62924 
62920 
62928 
1746914 
82837 
77214 
73966 
71896 
70511 
69556 
68420 
63080 
62984 
62928 
62924 
62928 
62924 
62928 
62924 
62928 
62924 
62928 
61212 
63504 
62960 
62956 
62984 
62924 
62928 
73944 
66004 
65928 
65928 
65916 
65928 
65928 
65928 
65928 
65916 
65928 
65928 
65916 
65996 
65928 
65928 
48772 
69541 
65956 
65980 
65996 
65920 
65912 
65924 
65916 
65924 
65924 
65908 
65928 
65988 
65924 
65912 
65928 
65920 
65912 
65920 
65928 
65912 
65924 
64572 
54714 
66188 
65956 
65928 
65912 
65980 
76656 
69304 
69216 
69220 
69216 
69224 
69216 
69220 
69216 
69220 
69216 
69224 
69216 
69220 
69216 
69288 
30324 
69692 
69252 
69216 
69216 
69212 
69220 
69216 
69220 
69212 
69216 
69216 
69220 
69212 
69216 
69280 
69216 
69216 
69220 
69208 
69216 
69216 
40964 
70036 
69252 
69248 
69224 
69216 
69216 
78264 
66000 
65980 
65912 
65920 
65928 
65924 
65928 
65908 
65924 
65924 
65916 
65920 
65924 
65912 
65928 
31660 
66532 
66012 
65924 
65928 
65924 
65928 
65912 
65928 
65924 
65916 
65924 
65928 
65924 
65928 
65912 
65928 
65912 
65984 
65924 
65928 
65912 
65928 
60144 
64 
64 
66168 
65944 
73144 
63068 
62984 
62928 
62924 
62928 
62924 
62928 
62924 
62924 
62920 
62924 
62916 
62992 
62916 
62924 
38310 
63496 
62964 
62956 
62928 
62924 
62928 
62924 
62928 
62924 
62928 
62928 
62928 
62988 
62928 
62928 
62928 
62928 
62928 
62928 
62928 
62928 
62928 
62928 
62928 
273147 
63292 
62960 
62952 
62984 
62920 
62928 
62920 
70656 
60264 
60192 
60184 
60188 
60188 
60192 
60188 
60188 
60184 
60192 
60188 
60248 
60188 
60192 
60188 
60188 
29036 
64 
64 
64 
64 
3746 
60260 
60208 
60152 
60252 
60248 
60192 
60184 
60188 
60188 
60192 
60184 
60188 
61302 
60784 
60228 
60220 
60192 
60248 
60192 
60192 
60192 
67124 
57760 
57684 
57684 
68464 
60272 
60192 
60192 
60192 
60192 
60188 
60192 
60244 
60192 
60188 
60192 
60188 
16848 
64 
64 
64 
64 
64 
64 
64 
64 
64 
64 
64 
3149 
60364 
60216 
60120 
83624 
60692 
60192 
60248 
60248 
60192 
60192 
60188 
60188 
60188 
60192 
60192 
60188 
71108 
63056 
62928 
62924 
62924 
62928 
62928 
62924 
62924 
62928 
62928 
62924 
36728 
63576 
62956 
62960 
62928 
62984 
62924 
62928 
62928 
62924 
62924 
62928 
62928 
62924 
62924 
62928 
62928 
62924 
62924 
62928 
62924 
62988 
62924 
62924 
62928 
18184 
63304 
62960 
62956 
62924 
62924 
62928 
62928 
62924 
62924 
62928 
62928 
74284 
66000 
65928 
65928 
65912 
65924 
65916 
65928 
65924 
65912 
65928 
65928 
5292360 
120125 
101032 
89873 
82560 
77528 
74292 
72069 
70661 
69719 
97230 
63372 
62960 
62936 
62948 
62916 
62924 
62972 
62928 
62924 
62920 
62960 
62948 
71284 
60280 
60188 
60296 
60188 
60220 
60184 
60192 
60188 
60192 
60224 
60212 
64173 
60696 
60236 
60224 
60196 
60220 
60248 
60248 
60192 
60192 
60236 
60216 
60204 
60200 
60192 
60188 
60240 
60188 
60240 
60188 
60200 
60224 
60188 
60312 
60256 
45388 
59123 
60492 
60240 
60216 
60184 
60188 
60188 
60228 
60188 
60188 
60188 
60192 
60192 
66844 
57788 
57684 
57676 
57680 
57680 
60996 
60220 
60224 
57096 
58401 
60412 
60200 
60200 
60188 
60232 
60268 
60188 
60188 
60192 
60204 
60260 
60268 
60204 
60220 
60192 
60248 
60212 
60192 
60192 
60420 
60256 
60284 
60192 
60432 
12788 
64 
64 
25329 
60328 
60236 
60280 
60248 
60196 
60188 
60208 
60188 
60276 
60236 
60216 
60200 
60200 
67964 
57760 
57728 
57684 
57736 
33648 
58252 
57736 
57708 
57720 
57716 
57684 
57684 
57712 
66852 
60272 
60188 
60236 
60188 
60192 
60244 
60192 
60188 
60188 
60188 
60228 
60212 
60192 
60192 
60188 
60212 
17588 
60876 
60256 
60224 
60208 
60276 
60236 
60192 
60192 
60200 
60200 
60216 
60228 
60204 
60192 
60224 
60192 
60236 
60192 
60192 
60220 
60252 
60192 
60216 
60200 
60732 
42991 
60384 
60216 
60216 
60188 
60188 
60184 
60216 
60188 
71416 
63004 
63032 
62924 
62948 
62944 
62924 
62928 
62980 
62920 
62920 
62936 
62936 
62924 
62972 
38836 
63560 
62992 
63016 
62940 
62944 
62968 
62928 
62960 
62932 
62932 
62928 
62928 
62952 
62968 
62964 
62928 
62924 
62928 
63012 
62928 
62928 
62928 
62948 
62928 
18142 
63424 
62968 
63008 
63132 
63100 
62952 
62916 
62924 
74400 
66056 
65964 
65916 
65920 
65924 
65908 
65988 
66028 
66440 
66028 
66048 
66032 
67824 
57732 
69893 
66260 
66108 
65984 
66036 
65968 
66036 
65964 
65932 
65952 
65972 
66192 
65988 
65948 
65956 
65928 
65940 
65984 
65992 
65920 
65988 
65960 
60056 
60453 
66140 
65952 
65912 
65944 
65976 
65924 
65912 
75240 
63020 
62992 
63068 
62920 
63128 
62928 
62924 
63164 
74728 
66080 
65928 
65956 
65972 
66228 
8120 
64 
64 
64 
64 
64 
64 
64 
64 
67188 
65952 
65940 
65984 
66048 
66004 
65960 
65948 
65928 
65924 
66008 
65964 
65928 
65964 
65948 
65928 
65916 
65980 
72680 
63036 
62928 
62928 
62964 
115678 
63592 
62956 
62988 
63052 
62928 
62936 
62928 
62928 
62936 
62932 
62924 
62928 
62944 
62932 
62936 
62928 
62960 
50238 
63620 
62960 
62976 
62924 
62932 
62956 
62928 
62924 
62980 
62976 
62956 
62968 
62928 
62928 
62956 
62984 
62976 
62960 
69916 
60324 
60224 
60208 
60192 
44940 
59232 
60368 
60208 
60192 
60192 
60204 
60192 
60248 
60224 
60228 
60200 
60188 
60228 
60212 
60192 
60268 
60192 
60232 
60192 
60192 
60248 
60192 
60192 
60272 
60208 
18101 
60668 
60220 
60232 
60208 
60244 
60192 
60192 
60192 
60192 
60200 
60220 
60212 
60196 
60248 
60192 
60188 
60196 
72000 
63044 
62960 
62924 
63188 
62932 
62932 
34204 
63500 
62956 
62984 
63028 
62984 
62924 
62960 
62924 
62924 
62924 
62924 
62924 
62940 
62952 
62920 
62928 
62924 
62928 
62924 
62968 
62984 
62956 
62924 
62924 
18290 
63396 
62972 
62952 
62932 
62976 
63384 
63008 
63244 
63364 
63336 
63020 
63000 
62940 
62928 
62924 
62928 
71936 
60268 
60188 
60188 
60188 
60392 
60216 
284523 
60668 
60220 
60248 
71232 
63008 
62924 
62928 
62924 
62928 
62924 
62964 
