16311 
5148 
5586 
5508 
5460 
5265 
5547 
5766 
5295 
5475 
5598 
5586 
5712 
5385 
5649 
5607 
5739 
5214 
5643 
5706 
5676 
5799 
5535 
5760 
5709 
5526 
5481 
5610 
5295 
5451 
5496 
5415 
5619 
5463 
5973 
5421 
5664 
5568 
5454 
5490 
5577 
5481 
5751 
5460 
5556 
5451 
5358 
5631 
5502 
5370 
5274 
5481 
5190 
5472 
5679 
5496 
5466 
5727 
8912 
4959 
5505 
5757 
5505 
5580 
5499 
5625 
5463 
5565 
5472 
5385 
5280 
5616 
5568 
5463 
5574 
5487 
5529 
5406 
5454 
5667 
5466 
5592 
5379 
5190 
5565 
5262 
5331 
5472 
5616 
5766 
5313 
5646 
5640 
5688 
5628 
5484 
5739 
5904 
5727 
5583 
5388 
5760 
5568 
5385 
5577 
5520 
5433 
5721 
5517 
5550 
5349 
5469 
5304 
5382 
5751 
5463 
5952 
5514 
5340 
5715 
6108 
5556 
5502 
5565 
5457 
5469 
5367 
5610 
5439 
5622 
5376 
5316 
5478 
5481 
5316 
5673 
5217 
5289 
5721 
5508 
5694 
5652 
5583 
5355 
5571 
5775 
5538 
5601 
5373 
5574 
5385 
5340 
5781 
5313 
5640 
5487 
5478 
5643 
5460 
5565 
5703 
5202 
5466 
5568 
5382 
5574 
5577 
5640 
5772 
5661 
5574 
5379 
5289 
5772 
5733 
5676 
5748 
5316 
5715 
5610 
5640 
5505 
5475 
5640 
5688 
5691 
5703 
5679 
5199 
5706 
5625 
5640 
5628 
5412 
5925 
5337 
5523 
5565 
5472 
5292 
5682 
5763 
5697 
5421 
5385 
5472 
5586 
5466 
5589 
5775 
5331 
5607 
5352 
5487 
5376 
5673 
5466 
5595 
5586 
6000 
5487 
5706 
5574 
5748 
5469 
5718 
5580 
5565 
5589 
5325 
5442 
5403 
5382 
5718 
5859 
5316 
5862 
5460 
5730 
5382 
5493 
5589 
5718 
5568 
5463 
5364 
5823 
5628 
5607 
5436 
5382 
5619 
5469 
5796 
5373 
5583 
5346 
5421 
5604 
5739 
5592 
5628 
5583 
5571 
5652 
5481 
5724 
5295 
5517 
5517 
5448 
5850 
5640 
5763 
5484 
5472 
5685 
5805 
5586 
5559 
5472 
5625 
5481 
5694 
5553 
5676 
5658 
5736 
5475 
5457 
5763 
5700 
5532 
5514 
5652 
5784 
5292 
5724 
5412 
5295 
5715 
6072 
5835 
5568 
5841 
5751 
5748 
5349 
5676 
5961 
5466 
5448 
5667 
5406 
2793 
64 
5151 
5619 
6141 
6057 
5511 
5340 
5673 
5703 
5922 
5859 
5790 
5730 
5613 
5901 
5661 
5541 
5709 
5733 
5709 
5658 
5847 
5832 
6552 
5784 
5706 
5781 
5754 
5682 
5466 
5400 
5673 
5577 
5580 
5463 
5805 
5382 
5769 
5574 
5286 
5667 
5685 
5595 
5766 
5826 
5484 
5565 
5469 
5442 
5253 
5559 
5664 
5733 
5421 
5667 
5394 
5295 
5592 
5409 
5955 
5634 
5565 
5421 
5700 
5670 
5646 
5409 
5613 
5706 
5427 
5661 
6027 
5931 
5340 
5511 
5385 
5775 
5787 
5637 
5931 
5952 
5649 
5673 
5805 
5820 
5469 
5322 
5760 
5427 
6024 
5625 
5595 
5514 
5529 
5655 
5499 
5547 
5292 
5580 
5568 
5448 
5550 
5409 
5547 
5691 
5751 
5781 
6054 
5517 
5937 
5703 
5502 
5349 
5493 
5451 
5565 
5592 
5769 
5427 
5673 
5292 
6039 
5667 
5274 
5703 
5751 
5805 
5541 
5511 
5553 
5652 
5652 
5571 
5973 
5397 
5406 
5670 
5370 
5736 
5466 
5553 
5679 
5208 
5928 
5337 
5514 
5313 
5469 
5796 
5418 
5619 
5466 
5190 
5718 
5757 
5349 
5709 
5502 
5754 
5592 
5382 
5736 
5832 
5607 
5592 
5724 
5328 
5568 
5853 
5736 
5394 
5634 
5565 
5607 
5358 
5592 
5664 
5529 
5385 
5418 
5634 
5664 
5625 
5571 
5733 
5568 
5346 
5577 
5532 
5811 
5412 
5202 
5670 
5469 
5727 
5472 
5679 
5646 
5394 
5631 
5496 
5637 
5613 
5781 
5196 
5463 
5736 
5595 
5652 
5190 
5619 
5472 
5454 
5718 
5460 
5559 
5493 
5568 
5289 
5448 
5649 
5547 
5304 
5406 
5559 
5469 
5664 
5382 
6021 
5568 
5415 
5373 
6054 
5286 
5208 
5676 
5556 
5472 
5460 
5502 
5571 
5553 
5367 
5583 
5553 
5535 
5253 
5682 
5640 
5394 
5748 
5394 
5406 
5454 
5664 
5598 
7592 
5523 
5430 
5559 
5607 
5340 
5703 
5541 
5769 
5601 
5559 
5475 
5529 
5706 
5568 
5379 
5496 
5511 
5571 
5481 
5400 
5463 
5664 
5655 
5484 
5844 
5448 
5436 
5637 
5439 
5658 
5748 
5727 
5571 
5421 
5631 
5283 
5436 
5535 
5511 
5508 
5595 
5487 
5298 
5436 
5493 
5574 
5292 
5847 
5304 
5637 
5502 
5895 
5433 
5523 
5676 
5418 
5532 
5604 
5643 
5550 
5589 
5373 
5454 
5457 
5475 
5484 
5652 
5670 
5667 
5418 
5457 
5733 
5850 
6069 
5757 
5487 
5658 
5493 
5289 
5358 
5739 
5601 
5457 
5475 
5466 
5403 
5688 
5550 
5490 
5610 
5295 
5364 
5409 
5703 
5487 
5361 
5697 
5370 
5712 
5535 
5694 
5613 
5583 
5541 
5394 
5292 
5835 
5514 
5487 
5742 
5697 
5310 
5616 
5622 
5667 
5631 
5544 
5610 
5538 
5682 
5490 
5589 
5523 
5391 
5412 
5616 
5526 
5325 
5403 
5448 
5691 
5508 
5700 
5574 
5430 
5574 
5346 
5382 
5739 
5538 
5403 
5751 
5550 
5514 
5496 
5601 
5499 
5490 
6030 
5580 
5367 
5706 
5583 
5553 
5388 
5607 
5400 
5556 
5475 
5568 
5490 
5679 
5469 
5640 
5478 
5382 
5571 
5370 
5355 
5769 
5445 
5586 
5469 
5637 
5529 
5625 
5589 
5826 
5472 
5406 
5469 
5592 
5358 
5454 
5655 
5391 
5472 
5691 
5736 
5463 
5466 
5688 
5457 
5658 
5457 
5295 
5541 
5289 
5451 
5679 
5370 
5787 
5634 
5409 
5469 
5547 
5460 
5439 
5364 
5406 
5679 
5472 
5370 
5565 
5544 
5319 
5544 
5565 
5487 
5646 
5388 
5565 
5388 
5637 
5577 
5223 
5751 
5697 
5568 
5472 
5565 
5382 
5388 
5349 
5313 
5907 
5313 
5472 
5931 
5892 
5751 
5652 
5640 
5820 
5631 
5775 
5307 
6057 
5289 
3758 
64 
64 
64 
64 
64 
64 
64 
64 
64 
64 
64 
64 
64 
64 
64 
64 
64 
64 
64 
64 
64 
64 
5100 
5452 
5800 
5408 
5632 
5848 
5940 
5676 
5796 
6004 
5796 
5832 
5772 
5644 
5768 
5892 
5720 
5648 
5612 
5560 
5788 
5740 
5560 
6000 
5548 
5852 
5740 
5876 
5616 
5604 
5848 
5548 
5816 
5648 
5648 
5816 
5548 
5752 
5688 
5636 
5888 
5420 
5920 
5864 
5740 
5564 
5572 
5604 
5880 
5584 
5704 
5972 
5868 
5512 
5644 
5792 
5884 
5396 
5880 
5880 
5652 
5480 
5796 
5976 
5496 
5468 
5628 
5852 
5760 
5824 
6032 
5720 
5860 
5720 
5536 
5768 
5892 
5872 
5760 
5956 
5732 
5460 
5620 
5900 
5720 
5648 
5496 
5672 
5872 
5616 
5644 
5860 
5452 
5792 
6100 
5768 
5668 
5724 
5712 
5476 
5816 
5708 
5588 
5724 
5480 
5792 
5956 
5496 
6100 
5540 
5800 
5628 
6032 
6256 
5764 
5744 
5740 
5820 
5812 
5748 
5528 
5768 
5620 
5976 
5588 
5880 
5900 
5736 
5756 
6228 
5628 
5452 
5520 
5476 
5548 
5780 
5936 
5712 
5860 
5636 
5628 
5656 
5804 
5568 
5748 
5552 
5556 
5812 
5652 
5744 
5884 
5884 
5648 
5908 
5900 
5640 
15020 
5304 
5668 
5692 
5720 
5668 
5560 
5672 
5680 
5556 
5708 
5624 
5636 
5816 
5668 
5528 
5964 
5872 
5832 
5852 
5772 
5688 
5560 
5428 
5648 
5680 
5792 
6024 
5900 
5876 
5652 
5520 
5808 
5752 
5644 
5984 
5660 
5868 
5756 
5864 
5752 
5540 
5888 
5692 
5644 
6092 
5720 
5832 
5580 
5832 
5568 
5680 
5644 
5736 
5548 
5956 
5928 
5876 
5864 
5940 
5744 
5836 
5888 
5632 
5828 
5836 
5592 
5868 
5552 
5732 
5760 
5752 
5696 
5824 
5532 
5664 
5748 
5788 
5632 
5988 
5732 
5468 
5764 
5876 
5876 
5980 
5688 
5640 
5708 
5736 
5532 
5632 
5996 
5800 
15329 
5223 
5997 
5400 
5892 
5505 
5631 
5802 
5301 
5559 
5520 
5736 
5568 
5547 
5313 
5472 
5760 
5286 
5823 
5580 
5565 
5574 
5580 
5958 
5754 
5754 
5709 
5214 
5694 
5799 
5754 
5472 
5376 
5604 
5835 
5532 
5691 
5778 
5808 
5376 
5688 
5763 
5331 
5532 
5730 
5607 
5538 
5691 
5421 
5790 
5508 
4398 
5220 
5535 
5745 
5571 
5721 
5457 
5703 
5475 
5460 
5508 
5691 
5637 
5307 
5568 
5322 
5676 
5730 
5883 
5379 
5292 
5493 
5754 
5556 
5763 
5397 
5562 
5544 
5628 
5541 
5535 
5628 
5760 
5544 
5454 
5607 
5670 
5307 
5679 
5520 
5694 
5616 
5709 
5625 
5643 
5892 
5838 
5595 
5685 
5799 
5427 
5868 
5793 
5514 
5709 
5667 
5808 
5664 
5634 
5601 
5730 
5514 
5382 
5802 
5454 
5574 
5667 
6144 
5301 
5676 
5646 
5601 
5346 
5511 
5349 
5382 
5667 
5487 
5481 
5880 
5559 
5685 
5655 
5682 
5751 
5661 
5748 
5628 
5472 
5598 
5490 
5640 
5370 
5256 
5694 
5514 
5298 
5658 
5676 
5520 
5721 
5493 
5715 
5520 
6006 
5772 
5337 
5457 
5559 
5607 
5538 
5529 
5469 
5475 
5727 
5925 
6354 
5547 
5646 
5682 
5577 
5454 
5514 
5562 
5529 
5421 
5484 
5667 
5610 
5520 
5661 
5427 
5361 
5343 
5277 
5532 
5823 
5745 
5367 
5502 
5562 
5685 
5733 
5595 
5346 
5694 
5766 
5415 
5676 
5856 
5628 
5538 
5472 
5781 
5721 
5877 
5559 
5631 
5532 
5475 
5553 
5748 
5430 
5577 
5511 
5559 
5715 
5511 
5640 
5745 
5466 
5502 
5601 
5724 
5565 
5658 
5760 
5772 
5325 
5721 
5562 
5550 
5424 
5499 
5733 
5607 
5559 
5481 
5592 
5448 
5586 
5598 
5556 
5679 
5652 
5640 
5724 
5484 
5754 
5622 
5487 
5697 
5901 
5658 
5727 
5706 
5820 
5733 
5823 
5511 
5676 
5508 
5556 
5433 
5775 
5562 
5715 
5754 
5715 
5814 
5676 
5757 
6042 
5664 
5739 
5652 
5760 
6060 
5430 
5304 
6021 
5772 
5661 
5427 
5901 
6012 
5595 
5850 
5697 
5937 
5916 
5616 
5814 
5922 
5670 
5262 
5616 
5718 
5580 
5730 
5868 
5478 
5571 
5712 
5562 
5496 
223840 
5943 
5886 
5961 
5721 
5808 
5862 
5892 
5925 
5634 
6186 
5880 
5622 
5817 
5829 
6285 
5796 
5295 
5733 
5496 
5487 
5583 
5550 
5355 
5481 
5394 
5670 
5697 
5574 
5400 
5385 
5460 
5469 
6063 
5550 
5598 
5646 
5370 
5424 
5634 
5601 
5325 
5643 
5442 
5685 
5673 
5424 
5517 
5607 
5262 
5667 
5778 
5331 
5658 
5625 
5577 
5505 
5442 
5436 
5547 
5634 
5535 
5469 
5487 
5601 
5550 
5484 
5601 
5571 
5373 
5643 
5529 
5343 
5457 
5709 
5775 
5442 
5730 
5469 
5562 
5562 
5559 
5565 
5718 
5688 
5517 
5571 
5367 
5382 
5592 
5685 
5493 
5559 
5454 
5586 
5547 
5310 
5451 
5244 
5934 
5301 
5679 
5457 
6054 
5493 
5481 
5226 
5721 
5670 
5640 
5391 
5376 
5286 
5478 
5409 
5526 
5580 
5373 
5529 
5571 
5583 
5358 
5400 
5583 
5445 
5520 
5550 
5355 
5832 
5547 
5649 
5769 
5667 
5556 
5547 
5652 
5643 
5511 
5580 
5247 
5790 
5694 
5580 
5586 
5700 
5502 
5868 
5616 
5634 
5562 
5460 
5763 
5472 
5364 
5253 
5808 
5640 
5601 
5568 
5358 
5430 
5622 
5409 
5751 
5580 
5559 
5706 
5217 
5559 
5544 
5736 
5637 
5379 
5580 
5685 
5454 
5247 
6012 
5406 
5652 
5661 
6162 
5439 
5622 
5382 
5694 
5604 
5550 
5517 
5553 
5526 
5886 
5469 
5550 
5295 
5589 
5586 
5772 
5643 
5697 
5364 
5667 
5577 
5565 
5301 
5574 
5451 
5568 
5622 
5487 
5292 
15082 
5284 
5676 
5824 
5764 
5632 
5512 
5848 
5812 
5772 
5416 
5556 
5892 
5896 
5732 
5700 
5572 
5476 
5896 
5768 
5688 
5416 
5908 
5896 
5784 
5696 
5384 
5852 
5492 
5664 
5644 
5608 
5532 
5820 
5744 
5716 
5492 
5948 
5864 
5444 
5756 
5544 
5724 
5700 
5572 
5532 
5628 
5744 
5620 
5632 
64 
64 
5124 
5720 
5608 
5712 
5508 
5948 
5848 
6084 
5588 
5936 
6260 
5812 
5876 
5444 
6040 
5952 
5852 
5556 
6152 
5616 
6092 
5888 
5648 
5804 
5796 
5788 
5904 
5524 
5660 
5776 
5644 
5792 
6208 
5752 
5548 
5796 
5856 
5876 
5416 
5636 
5624 
5724 
5984 
5844 
5468 
5736 
5780 
5656 
5592 
5776 
5844 
5528 
5720 
5664 
5756 
6196 
5744 
5608 
5936 
5500 
5864 
5840 
5720 
5704 
5632 
5800 
5764 
5564 
5584 
5632 
5664 
5660 
5444 
5916 
5732 
5724 
5856 
5612 
5544 
5800 
5824 
6288 
5728 
5732 
5736 
5580 
5592 
5672 
5668 
5864 
5500 
5816 
5488 
5444 
5804 
5852 
5796 
5652 
5520 
5844 
5888 
5888 
5884 
6036 
5484 
5968 
5740 
5756 
5884 
6132 
5868 
5800 
5756 
5704 
5504 
5848 
6080 
5684 
5748 
5792 
5728 
5628 
5820 
5788 
5568 
5840 
5724 
5696 
5516 
5836 
5888 
5656 
5760 
5508 
5972 
5804 
5688 
5620 
5724 
5568 
5780 
5908 
5748 
5416 
5680 
5864 
5724 
5464 
5688 
5856 
5568 
5884 
5700 
5600 
5496 
5668 
5816 
5684 
5424 
5728 
5812 
5656 
5956 
5660 
6128 
5908 
5740 
5796 
5448 
5636 
5636 
5656 
5736 
5732 
5676 
5660 
5752 
5880 
5356 
6428 
5876 
6016 
5644 
5716 
5448 
5640 
5596 
5792 
5560 
5764 
5676 
6048 
5700 
5768 
5764 
5800 
5740 
5472 
5912 
5720 
5380 
5404 
5804 
5756 
5832 
5480 
5632 
5688 
5688 
5804 
5696 
5768 
5760 
5988 
5512 
5932 
5620 
5884 
5840 
5628 
5900 
5712 
5420 
5592 
5448 
5616 
5408 
5844 
5664 
5996 
5844 
5744 
5420 
5872 
3832 
64 
5068 
5564 
6024 
5724 
5896 
5836 
5872 
5640 
5532 
5752 
5560 
5572 
5740 
5584 
5660 
5896 
5808 
5744 
5716 
5628 
5776 
5764 
5768 
5892 
5864 
5656 
5652 
5856 
5692 
5536 
5792 
5640 
5932 
5636 
5792 
5836 
5868 
5568 
5800 
5568 
5756 
5812 
5960 
5560 
5760 
5592 
5848 
5948 
5532 
5872 
5740 
5668 
5728 
5656 
5816 
5552 
5504 
5988 
6052 
5636 
5664 
5500 
5908 
5652 
5748 
5744 
5732 
5792 
5580 
5828 
5860 
5632 
5972 
5976 
5716 
5752 
5644 
5840 
5488 
5996 
5716 
5784 
5792 
5504 
5676 
5704 
5700 
5796 
5916 
5724 
5696 
5744 
5640 
5672 
5732 
5688 
5784 
5704 
5500 
5848 
