13245234 
13244269 
13234611 
13227769 
13215807 
13213214 
13212733 
13212035 
13210507 
13201662 
13199729 
13192027 
13163637 
13163325 
13162628 
13152528 
13147803 
13145846 
13141443 
13139992 
13125024 
13123837 
13122841 
13116451 
13103956 
13097058 
13085560 
13085181 
13077229 
13071148 
13067039 
13064243 
13052105 
13051764 
13045944 
13041941 
13041321 
13039391 
13028741 
13027288 
13027048 
13023382 
13020864 
13018106 
13015048 
13013334 
13012736 
13007761 
13001142 
12996800 
12994548 
12987303 
12986296 
12972275 
12971061 
12957370 
12945615 
12932441 
12907604 
12906924 
12906168 
12904956 
12903329 
12900048 
12897034 
12895486 
12890837 
12884873 
12883838 
12883780 
12875637 
12869534 
12868021 
12867360 
12858175 
12841481 
12811484 
12811474 
12810327 
12807302 
12800176 
12797768 
12794103 
12783611 
12776068 
12775188 
12774976 
12743848 
12739901 
12737478 
12732911 
12726481 
12726030 
12724539 
12720597 
12717780 
12703953 
12691937 
12690661 
12685202 
12674736 
12673874 
12673645 
12665494 
12663536 
12654347 
12647257 
12646310 
12645238 
12641959 
12634951 
12631285 
12630144 
12621284 
12618092 
12611362 
12601420 
12586850 
12561088 
12560188 
12553413 
12552932 
12550272 
12542310 
12537995 
12533364 
12531077 
12530788 
12525508 
12515877 
12512602 
12511324 
12502134 
12498953 
12497017 
12489838 
12458053 
12457312 
12452401 
12447845 
12443230 
12437705 
12436984 
12422861 
12397944 
12395484 
12382972 
12379763 
12377966 
12355735 
12349939 
12308793 
12305504 
12304789 
12301039 
12296429 
12283143 
12282453 
12275051 
12242301 
12235639 
12225508 
12223633 
12222924 
12222900 
12217266 
12197887 
12170501 
12163670 
12153573 
12153511 
12142263 
12138060 
12135612 
12133734 
12132898 
12127940 
12110836 
12110398 
12098430 
12097484 
12092086 
12091140 
12090333 
12081255 
12073324 
12073160 
12073030 
12071366 
12068928 
12063262 
12056564 
12047929 
12041669 
12041543 
12039668 
12034164 
12028547 
12028258 
12017998 
12017335 
12016196 
12013402 
12012047 
12007771 
12007183 
12001852 
11998352 
11997156 
11994139 
11986245 
11981162 
11978862 
11974877 
11974623 
11972515 
11971914 
11965443 
11965392 
11964529 
11963621 
11962935 
11959686 
11959532 
11958602 
11956205 
11951639 
11949972 
11949497 
11948106 
11946296 
11940940 
11937538 
11937405 
11937240 
11929674 
11927595 
11926862 
11921957 
11919142 
11917164 
11915718 
11907922 
11902328 
11898701 
11898253 
11895821 
11893071 
11891114 
11888199 
11888079 
11886232 
11883003 
11882104 
11881994 
11879544 
11876272 
11873795 
11868088 
11863963 
11861589 
11860054 
11852917 
11849560 
11846049 
11846031 
11840708 
11837746 
11835335 
11833644 
11831214 
11831006 
11828261 
11824321 
11821799 
11818071 
11816134 
11810703 
11809833 
11809567 
11807487 
11807236 
11805384 
11804724 
11802042 
11801792 
11801054 
11800321 
11799625 
11799014 
11798399 
11792962 
11792830 
11792761 
11792163 
11786441 
11786108 
11786058 
11783944 
11782724 
11779339 
11778463 
11777284 
11776311 
11775325 
11775096 
11773525 
11771557 
11770635 
11764850 
11759769 
11759009 
11757406 
11757232 
11755031 
11754653 
11753216 
11753142 
11746868 
11746482 
11743410 
11742364 
11741831 
11740325 
11739694 
11739508 
11733914 
11732261 
11729800 
11725018 
11723309 
11720009 
11717377 
11715642 
11711566 
11708969 
11704821 
11704731 
11704705 
11698502 
11694457 
11693488 
11692169 
11691857 
11689342 
11688082 
11683184 
11682585 
11681198 
11677831 
11674646 
11674068 
11672308 
11668724 
11668700 
11668454 
11664063 
11663161 
11655130 
11653685 
11649113 
11648973 
11646379 
11638621 
11637411 
11631641 
11631595 
11626909 
11624445 
11623336 
11620881 
11620184 
11619763 
11618281 
11618260 
11617933 
11614377 
11613065 
11612766 
11611226 
11610475 
11605913 
11605470 
11604702 
11604145 
11603029 
11601170 
11600969 
11600583 
11596708 
11596193 
11595186 
11595085 
11594667 
11594580 
11593770 
11593763 
11591575 
11590658 
11589822 
11588530 
11587647 
11586507 
11584493 
11580850 
11580063 
11577198 
11576320 
11576253 
11575874 
11575082 
11571549 
11566387 
11564980 
11562310 
11560715 
11558804 
11557966 
11557497 
11557463 
11556863 
11555832 
11555302 
11554970 
11553216 
11551987 
11547058 
11546596 
11545087 
11542086 
11540622 
11539035 
11537536 
11534559 
11533668 
11533386 
11529590 
11524697 
11524234 
11524156 
11522246 
11521670 
11520239 
11520229 
11519383 
11517682 
11513790 
11510054 
11508010 
11507812 
11505379 
11502383 
11500428 
11491923 
11486482 
11486137 
11479854 
11477268 
11473828 
11472785 
11471272 
11470667 
11466406 
11465058 
11462642 
11449084 
11443771 
11432070 
11427278 
11424920 
11423864 
11423578 
11423421 
11420337 
11416843 
11416286 
11415102 
11408901 
11406311 
11406023 
11405879 
11405095 
11400932 
11400027 
11397803 
11395558 
11392919 
11391473 
11385831 
11383869 
11371077 
11369223 
11368418 
11366480 
11365338 
11362608 
11359993 
11351494 
11347098 
11345669 
11345069 
11339971 
11338702 
11335723 
11333954 
11332953 
11331785 
11331110 
11329927 
11314543 
11313075 
11312490 
11308436 
11306864 
11306008 
11302900 
11302014 
11300804 
11292380 
11292293 
11291089 
11290396 
11284441 
11282059 
11273059 
11272187 
11259120 
11256970 
11252385 
11250856 
11242433 
11241187 
11238298 
11237457 
11236829 
11235764 
11235245 
11232509 
11230445 
11229487 
11229259 
11226654 
11226178 
11207954 
11207323 
11203900 
11202956 
11199670 
11199268 
11196399 
11195385 
11189986 
11188264 
11185211 
11182711 
11179484 
11177209 
11176238 
11174176 
11171488 
11167761 
11157983 
11156594 
11137329 
11132922 
11130740 
11130488 
11129009 
11128526 
11126885 
11125346 
11122891 
11118995 
11113969 
11104658 
11099167 
11097779 
11094102 
11093722 
11092688 
11088827 
11079533 
11073392 
11070010 
11068784 
11064540 
11061706 
11058387 
11057646 
11056662 
11056125 
11047801 
11046130 
11038737 
11037577 
11032770 
11028394 
11020465 
11016755 
11016554 
