1507402 
1376385 
4177852 
1298870 
1267395 
1192271 
1288410 
1220590 
1253152 
1268352 
500006 
1323524 
1203400 
1252359 
1251865 
1343010 
1281474 
1195963 
3335185 
1287837 
1200648 
1296439 
1222063 
1260953 
1259673 
1292790 
1206978 
1295919 
1346577 
1236343 
1258136 
1263492 
1190642 
1281261 
1213485 
1246228 
1264647 
1188969 
1465365 
1210296 
1251998 
1244971 
1260426 
1619271 
1264257 
1185639 
1272827 
916994 
1253194 
1259421 
1188891 
1283749 
1200186 
1257767 
1247052 
1242377 
1259643 
734032 
1288219 
1205107 
1244802 
1259460 
1186720 
1294205 
1201413 
1251771 
1250641 
1260600 
3199381 
1194215 
1246702 
1244242 
1243283 
1259262 
1486126 
1048886 
1253034 
1252114 
1259601 
1188546 
1284295 
1201668 
1251596 
1244584 
1259934 
960272 
1289992 
1217420 
1277091 
1274268 
1278118 
1194400 
1274496 
1209696 
1241846 
1261686 
868967 
1289435 
1200460 
1243104 
1244585 
1259679 
1190719 
1276645 
5317108 
1377185 
1262003 
1495326 
1278099 
1229142 
1282979 
1214596 
1080917 
662602 
1267671 
1186115 
1294806 
1265731 
1260926 
1268871 
1201548 
1298684 
577058 
1288487 
1232704 
1263633 
1280391 
1212234 
1317270 
1239334 
1257730 
1265259 
173482 
1370315 
1336424 
1307521 
1255291 
1249548 
1266825 
1190728 
1289017 
749075 
1177174 
1492154 
1261458 
1180770 
1274485 
1208926 
1243134 
1257972 
732397 
1290847 
2287764 
1366934 
1335300 
1311268 
1257210 
1273262 
1191537 
1245002 
912794 
931273 
1259649 
1174502 
1280860 
1210582 
1244811 
1247154 
1260126 
1032974 
1285385 
1873044 
1361515 
1330469 
1270979 
1290438 
1192006 
1244134 
1247476 
1263366 
633284 
1290812 
1198563 
1243752 
1246909 
1259142 
1185373 
1277927 
1206325 
1015034 
1061811 
1259631 
1179898 
1276769 
1207590 
1251316 
1260987 
1187704 
1284286 
756058 
1306921 
1253404 
1291519 
1272387 
1187102 
1288733 
1229414 
3403171 
1269097 
1265514 
1195260 
1289173 
1287740 
1531662 
1236379 
1272330 
348446 
1298642 
1214390 
1261766 
1269139 
1279848 
1195256 
1310100 
1224875 
957323 
2594859 
1385274 
1350105 
1285578 
1278394 
1284712 
1205548 
1253295 
1228376 
612552 
1299708 
1197503 
1244713 
1243871 
1242915 
1259031 
1182577 
1244008 
870974 
1081294 
1258596 
1177330 
1282203 
1737465 
1284253 
1221224 
1243309 
1259610 
617569 
3273790 
1341818 
1321123 
1260675 
1257171 
1189649 
1281536 
1209509 
924338 
856826 
1259844 
1176105 
1277291 
1205672 
1244325 
1258857 
1188487 
1284289 
604835 
1260718 
1226399 
1257801 
1186905 
1284612 
1203986 
1244788 
1243974 
1260459 
369619 
1352264 
1597091 
1264990 
1249862 
1259031 
1191853 
1276726 
1211400 
1130534 
581436 
1259931 
1183562 
1271525 
1214866 
1309580 
1196387 
697387 
1271304 
1189724 
1279950 
1219698 
1250283 
1265466 
1191321 
1286754 
904464 
3297211 
1392865 
1318465 
1272129 
1196252 
1286626 
1226239 
1260275 
1272777 
590330 
1309200 
1217133 
1280892 
1273771 
1275645 
1197975 
1294728 
1202710 
867932 
1180183 
1263027 
1179651 
1291156 
1206668 
1247288 
1247326 
1259202 
1184126 
1277446 
2653565 
1351358 
1324540 
1240004 
1289555 
1236719 
1247413 
1245136 
1265961 
853674 
1264635 
1179068 
1277327 
1209822 
1243404 
1258695 
1493915 
1191599 
716681 
1254789 
1231978 
1259628 
1184724 
1282749 
1208787 
1241752 
1258803 
1184337 
1294997 
2626956 
1340646 
1317773 
1213192 
1260720 
1193336 
1272007 
1215052 
1176377 
584775 
1301653 
1190067 
1245473 
1244641 
1253175 
1260927 
1188258 
1273905 
829961 
1112012 
1231723 
1278859 
1213712 
1534690 
1236519 
1246285 
1257954 
1182490 
4484375 
1232929 
1258066 
1252340 
1248639 
1267812 
1190012 
1281543 
2995745 
1303601 
1250778 
1264908 
1205079 
1305887 
1221083 
1257229 
1271499 
470668 
1308126 
1210202 
1261426 
1263486 
1276713 
1211734 
1313189 
1233713 
820127 
2686847 
1640076 
1341197 
1321036 
1217491 
1292631 
1202443 
1246927 
1108079 
629645 
1260324 
1183665 
1273985 
1210114 
1249875 
1260909 
1184682 
1278936 
697742 
1100142 
1222782 
1258494 
1184188 
1304850 
1195511 
1245143 
1244121 
1264263 
144515 
1371618 
1337664 
1326514 
1286770 
1286454 
1276611 
1280776 
4941695 
1370595 
1321218 
1246198 
1245338 
1259520 
702279 
1305363 
1200243 
1247761 
1243591 
1259193 
1279954 
1502345 
1287000 
1226649 
999345 
1251697 
1259436 
1189058 
1289834 
1198281 
1249723 
1243046 
1254963 
480378 
1479406 
2853554 
1337644 
1314022 
1245265 
1257705 
3828481 
1265778 
1254437 
1263078 
1189894 
1283141 
1217429 
1250114 
1267479 
1268238 
815813 
1293590 
1222293 
1309950 
1260636 
1277004 
1201580 
1289306 
1220819 
1260078 
1271100 
894871 
1309664 
1277171 
1273080 
1257860 
1253526 
1269495 
1191706 
1280317 
1032943 
1289253 
1253083 
1264323 
1187125 
1555546 
1271286 
1227663 
1259766 
1186044 
1312508 
2617736 
1217438 
1244465 
1258536 
1185597 
1281370 
1202445 
1209066 
1255264 
1245286 
1260849 
1183632 
1277445 
1207018 
1247596 
1259202 
1183483 
1280322 
657464 
1165779 
1220075 
1257507 
1183122 
1283260 
1202922 
1244194 
1257477 
776767 
1296893 
2899194 
1550033 
1279351 
1212505 
1249813 
1261632 
1185398 
1278573 
757274 
876651 
1226515 
1259247 
1183313 
1274386 
1245014 
1213325 
1251066 
1201583 
1261812 
2187726 
1369813 
1338358 
1321787 
1257645 
1259628 
1182801 
1274065 
3755514 
1269397 
1252905 
1267506 
1193030 
1286639 
1210564 
1360448 
1241493 
1269717 
1199526 
1251351 
1238496 
1317673 
1261501 
1272339 
1195095 
1287915 
2131678 
1368249 
1345114 
1248759 
1310456 
1220288 
1324386 
1276017 
1143008 
619254 
1271529 
1196643 
1284281 
1218556 
1264792 
1264110 
1189793 
1300510 
641888 
1208719 
1220962 
1257603 
1182421 
1278168 
1205795 
1508124 
1258887 
1176316 
1281944 
2828120 
1609172 
1329653 
1270200 
1232455 
1263666 
1184655 
1273824 
842717 
836646 
1257966 
1175918 
1283419 
1202564 
1247311 
1243154 
1259736 
792523 
1289232 
2208233 
1363851 
1333511 
1275182 
1248823 
1289057 
1206197 
1252069 
1223396 
588207 
1295698 
1189699 
1244035 
3326029 
1275273 
1191001 
1279783 
2406211 
1395519 
1353310 
1283977 
1306213 
1276120 
1199066 
1246816 
1260363 
437020 
1288429 
1197526 
1242078 
1287017 
1251554 
1271040 
509199 
1292066 
1209485 
1249639 
1254832 
1266375 
1190297 
1286675 
1211383 
1137872 
3028197 
1627873 
1292624 
1269449 
1291266 
1226004 
1259354 
1277283 
547267 
1320264 
1222236 
1275730 
1268551 
1272444 
1191908 
1301483 
1209779 
1250484 
1106135 
1264959 
1265229 
1193888 
1284264 
1212608 
1249170 
1262346 
1184358 
1279727 
1326842 
1222435 
1246135 
1243199 
1259022 
1182254 
1298768 
1200285 
1243683 
1503677 
1261386 
2457024 
1295481 
1244987 
1250785 
1243795 
1260126 
1181354 
1282871 
775835 
833317 
1226719 
1258980 
1184897 
1273944 
1218081 
1245121 
1259412 
722616 
1290658 
2361784 
1360215 
1331438 
1270227 
1295520 
1218199 
1248239 
1245906 
1198814 
570469 
1297579 
1191244 
1245006 
1247719 
1242278 
1258506 
1484826 
1001096 
1326810 
1222647 
1243086 
1259601 
1184836 
1289459 
1211165 
961188 
1268004 
1270860 
1276343 
1194844 
1285584 
1220329 
1251147 
1265280 
1193594 
1289578 
2758657 
1297812 
1263886 
1270053 
1195106 
1296273 
1216374 
988477 
1184946 
1262579 
1281360 
1285242 
1217420 
1542370 
1294114 
1221857 
1253676 
1282869 
1030364 
1296327 
1204436 
1252811 
1259339 
1260351 
1182787 
1279232 
1205589 
1318869 
2340487 
257423 
1290768 
356177 
1245354 
1245689 
1242531 
1254462 
1265937 
1182660 
2777482 
1377259 
1341711 
1324587 
1240133 
1300035 
1198050 
1244161 
1053941 
861124 
1260297 
1490501 
1194203 
1245290 
1243265 
1259538 
1184665 
1279181 
687260 
999510 
1223600 
1259766 
1190569 
1279353 
1236129 
1247563 
1260291 
1263600 
883102 
3268693 
1342232 
1322545 
1260580 
1258695 
1185159 
1289337 
1201783 
918074 
846609 
1259805 
1173633 
1279588 
1205379 
1243689 
1257846 
1191204 
1283328 
7956204 
1266786 
1274190 
1197872 
1303173 
2993190 
1353875 
1335373 
1287531 
1285893 
1196100 
1289352 
1223881 
1001495 
753604 
1298610 
1212752 
1333999 
1239107 
1339940 
1299504 
1274516 
1307787 
547033 
1300267 
1211764 
1251135 
1248373 
1265634 
1195320 
1543041 
1216840 
1302020 
2875693 
1347270 
1283173 
1282757 
1297057 
1213074 
1243058 
1258926 
621643 
1293216 
1274458 
1265327 
1265592 
1446257 
1195861 
1279447 
1211787 
1068323 
1188612 
1750808 
1258494 
1208565 
1564966 
1196751 
1275681 
1209959 
1111520 
1260045 
1260192 
1189740 
1283278 
1483897 
1250622 
1613197 
1243541 
1263876 
376685 
1288130 
1204202 
1245902 
1241570 
1260594 
1182879 
1273592 
1214610 
1245956 
1261143 
3486914 
1196781 
1244433 
1243073 
1244161 
1259193 
1182907 
1270986 
878519 
774805 
1257876 
1172823 
1286066 
1202126 
1243378 
1244332 
1259592 
858623 
1586266 
1208235 
1253415 
1266106 
1264236 
1188453 
1284514 
920643 
1255296 
1247359 
1264245 
1188606 
1334518 
1270751 
1262532 
1255271 
1271835 
804181 
1307038 
1221585 
1262875 
1256852 
1278756 
1207734 
1299135 
1223698 
