13327571 
8101868 
10081241 
7259878 
7935658 
10372650 
8320606 
8602547 
7394290 
8573638 
10516761 
10197534 
8673137 
8415285 
7562041 
8629415 
8368622 
8329184 
8775620 
8274886 
8681274 
8352205 
8595275 
10982252 
7374723 
9669825 
8417481 
10433892 
8624222 
8781302 
8752860 
8208891 
7269718 
8277576 
10214373 
8661971 
8209562 
8306350 
8522252 
8268512 
10021308 
8684777 
10567720 
8440396 
8619179 
8517855 
8552553 
8551954 
7124414 
10195592 
8378843 
8831059 
8246856 
8533241 
8304901 
10002232 
10379814 
8517166 
8501540 
7355961 
9930617 
8756242 
8598995 
8702871 
8377973 
7133237 
10103669 
8705623 
8312524 
7164729 
12663701 
9011669 
8647992 
8389179 
7537138 
8197655 
10200900 
8873022 
8459698 
8522999 
7109714 
7233024 
11847076 
8481988 
10435567 
11084844 
8531458 
8644454 
8700201 
8764900 
8500849 
7148007 
10604458 
8568221 
8358772 
8374543 
8815037 
8564220 
8857282 
8241299 
11309711 
8492889 
7345604 
10584952 
8500588 
8563802 
7119207 
10219856 
9150713 
8488203 
8341248 
8689439 
7058512 
10186438 
8708464 
11335504 
8485965 
8846804 
7792099 
8414675 
10279248 
8309958 
8368843 
8524612 
8809831 
7285445 
8471539 
10312189 
8463608 
8611055 
11538578 
7254486 
8801206 
8559630 
11165154 
8290960 
8310473 
8483930 
7075148 
10129322 
8721471 
8344948 
8612678 
8210998 
7122276 
13420368 
8325838 
8440433 
8508279 
7339154 
10387913 
8744320 
8206470 
7337938 
8296199 
10281157 
8315554 
8254096 
8175476 
8524170 
8244551 
10072957 
8399537 
10510106 
8488013 
8600337 
9094288 
10065652 
8870908 
8338758 
8451010 
8607800 
8351245 
6976809 
8727806 
8327522 
11627675 
8424283 
7479680 
8551093 
8687961 
8856672 
8432237 
8705824 
7040808 
8840322 
8336527 
8615232 
10680135 
8305957 
11304645 
8611937 
7318525 
8490226 
10682989 
8462164 
8657449 
8728705 
8513188 
7244796 
8151694 
10344652 
8655779 
8134452 
7139487 
13100242 
8614146 
9613921 
8487315 
7291968 
7206063 
8653078 
8651716 
7112500 
8374813 
10236509 
8584596 
8598922 
8797204 
8293461 
9788746 
8544786 
10645888 
8900423 
8633971 
8451409 
7114325 
10600325 
8530792 
8489049 
8559681 
7354797 
8196479 
10627750 
8327944 
11252226 
9030834 
8440377 
8569322 
8903170 
8499347 
7301289 
10461145 
8589541 
8681133 
8492778 
8032967 
8439545 
7796753 
13599571 
8296400 
8525579 
7281667 
10304234 
9047912 
8170795 
8315854 
10501679 
8623089 
8493978 
8266990 
8522886 
7141507 
10028919 
8571845 
11572432 
8504349 
8665688 
8675903 
7425782 
8813803 
8567799 
8412889 
11022162 
8120214 
8213835 
7250626 
10444416 
8359822 
11319991 
8839512 
8564297 
8194620 
7995739 
10648023 
8671556 
8472176 
8452011 
7328026 
7403262 
8612228 
8278389 
8550840 
8413726 
9853971 
10529826 
8713116 
8505170 
7387919 
10194923 
8614881 
9021199 
8185770 
8667956 
8680120 
6972433 
10341289 
8634211 
11211146 
8412132 
9024565 
8914529 
8584185 
8566484 
7984483 
7676250 
10610290 
8716925 
8149210 
7350235 
10142626 
8620813 
8777438 
8213205 
7284731 
10258946 
8810040 
8621138 
8446913 
8530816 
7407582 
8766707 
8766443 
8443050 
10779085 
8051174 
8563416 
6906628 
11578871 
7187886 
8777437 
8370220 
8331627 
8798204 
7445851 
10687214 
8474962 
8343917 
8515060 
7317511 
8354313 
10559816 
8271332 
24044972 
32708269 
8652059 
11142556 
8423296 
8600281 
8910413 
8527386 
7264460 
10293345 
14049854 
8795591 
8450162 
8458646 
8730245 
7535442 
8876026 
8656336 
10694844 
7941307 
8349015 
8887163 
7462486 
10450587 
11291330 
8530836 
8651314 
7363998 
8679658 
10739291 
26068100 
26593284 
7586051 
11910613 
11814807 
8972609 
8742388 
7450863 
11013181 
8769815 
10096662 
8667882 
7290017 
10624251 
8966184 
8038879 
8142763 
8361137 
12789604 
8090831 
8273491 
8278115 
8235391 
10849157 
8013092 
8446535 
8890578 
7049823 
8701504 
8422294 
10719634 
8071556 
8507486 
10137477 
8574683 
8500488 
9684465 
8483504 
10659376 
8273551 
8769312 
11433881 
10412811 
8817100 
8499331 
8550746 
7082684 
13234748 
8840377 
8484186 
8600830 
7637174 
8501132 
8835542 
8730771 
8385639 
10850046 
8201590 
8245483 
8701733 
7424968 
13598956 
8356039 
8447907 
8372608 
10386954 
8251715 
8633982 
7234081 
10865165 
8804827 
8104573 
8012661 
8374256 
9956104 
7832289 
9787606 
8593992 
10507716 
8755810 
8740955 
8538896 
8676228 
7532634 
8374456 
10991622 
7876948 
7963352 
8504258 
9704652 
8053764 
10102696 
8582360 
8472335 
7379330 
9359375 
8009827 
7910188 
9145418 
7479045 
10840576 
7890252 
8563359 
6964031 
10079912 
8870651 
10869149 
8736313 
7240904 
8880787 
8551323 
10990103 
7885874 
8866648 
7889865 
7832721 
8564828 
10919305 
7772228 
8115378 
8268315 
11758368 
7429861 
8538921 
10991095 
8194904 
8582954 
8427982 
7411187 
10255639 
8445587 
8429578 
8455786 
8286753 
8425254 
12725975 
8047041 
8829669 
8793460 
10308109 
8010591 
8173337 
8742146 
10115474 
7910417 
8530370 
8289179 
10080288 
8355353 
7930851 
10853770 
9759202 
8322078 
8484792 
7268237 
10256036 
8896896 
8414884 
8324233 
8334674 
7694125 
10768897 
8078041 
8811828 
8185718 
9959863 
8541028 
10957240 
8273014 
8742656 
8569935 
7284848 
10773825 
8487872 
8435279 
7873767 
9717250 
8835362 
8252937 
7989467 
12722380 
8070913 
8462918 
8921176 
8626904 
8592206 
8587993 
7486519 
8335879 
11140867 
7636541 
8191028 
8279825 
9819526 
8101024 
10712959 
8547092 
7947846 
10818303 
9231177 
8056436 
7886992 
9022497 
7846605 
11075689 
7833814 
8444784 
9251041 
8051060 
8433705 
11153957 
9590086 
7966832 
8096320 
7757096 
10789513 
8320344 
8469179 
8410095 
7258251 
10898945 
8341264 
7902678 
8149993 
8487120 
12932546 
7878816 
7960944 
8659919 
10055480 
8095292 
8496850 
8203392 
9594116 
8692043 
8326258 
9613256 
7856063 
8386274 
12052623 
7988950 
8837493 
8542693 
8712156 
9607268 
7828940 
8862000 
8347386 
8590048 
8282787 
7195856 
10818444 
8589817 
7583976 
10726185 
7956891 
8823828 
11127760 
7896220 
8024840 
8455385 
10008383 
8208946 
8515747 
7636236 
10095298 
8535883 
7981873 
7710082 
12861173 
8785022 
7903902 
8157872 
7467346 
8621976 
7745280 
8747110 
8654705 
8321870 
8533355 
8369496 
10066012 
7756110 
7841772 
12629459 
8485345 
9156781 
8374464 
8724427 
8339184 
8823636 
8331899 
8378324 
10249720 
7503778 
8312962 
9552329 
7876947 
11488072 
8527332 
8724688 
9785045 
7899571 
8716143 
8409609 
7339672 
8427994 
10982952 
7682169 
8694186 
8417030 
9965295 
7833302 
11405118 
7994563 
10056187 
8243793 
8772394 
7933137 
10177113 
8743887 
7528392 
7620812 
8139840 
10898086 
7574450 
7690100 
8336838 
12998598 
8285108 
8389917 
8614142 
8895875 
9419846 
7879074 
8941761 
8091200 
8045915 
8281175 
9902098 
7650093 
8341914 
9106101 
16576032 
10886753 
7680965 
7175823 
8940308 
7770637 
9460117 
8637116 
7546357 
7486818 
8347599 
10203014 
7858597 
11430461 
8561185 
9555567 
7820234 
8715460 
8375403 
9436452 
7915438 
8309931 
7886424 
9925512 
7883943 
8447186 
8013938 
8227792 
11456144 
10015032 
7731882 
7804548 
8503494 
10443133 
7631324 
26068393 
8473877 
7687396 
10431347 
7567528 
11588343 
10164950 
7835832 
8962178 
8795989 
9716634 
9671611 
10822422 
9928806 
8668451 
9427802 
7790979 
8263390 
8476313 
11074720 
9475724 
8041628 
8736884 
8394782 
8269002 
8359103 
9972293 
7563629 
8350815 
9320759 
7610323 
8511465 
8296197 
13240298 
7938541 
8481867 
8409906 
8839113 
7026612 
8234862 
7521555 
7581770 
8520242 
10521753 
7460277 
7966538 
8094847 
10153696 
10675196 
7950894 
8484793 
10310821 
8110079 
8609302 
8213583 
9621153 
8709443 
7340189 
7605326 
8140726 
10633376 
7277138 
7418710 
8829964 
10451971 
7494202 
9124283 
8816291 
7755087 
8205066 
8493030 
9483738 
7630086 
7931472 
9807020 
7522736 
8302549 
12116489 
8491368 
7947913 
8133513 
8671692 
10021136 
7663817 
8818162 
9019145 
7561504 
8293053 
8458591 
9141487 
8810494 
7284891 
10293976 
10413109 
8122960 
8735137 
7941667 
8501190 
8181167 
10525476 
7610802 
9457960 
7567157 
9123548 
8291705 
9310237 
7627803 
10265645 
8351430 
10543061 
7698121 
8630129 
8298260 
9492277 
8557862 
8225534 
10245460 
8395082 
7235359 
9318782 
7451393 
11308343 
8462312 
9681053 
7562982 
8733065 
8643105 
8047611 
9370707 
8526988 
8747338 
7298056 
8456784 
10344516 
6930049 
7353623 
10775026 
8807931 
8353826 
9775822 
8566374 
7343509 
9314976 
8426538 
8136533 
7584233 
7907927 
9802980 
7368972 
8959344 
8604976 
10291535 
8454338 
8568644 
8457949 
8628424 
8416269 
8110107 
10003798 
7117809 
8360937 
9271439 
7644282 
8237174 
8435489 
9064329 
10680129 
8447587 
8553505 
8598765 
8595997 
9747869 
7316473 
8217442 
8192634 
9983178 
7625389 
8279689 
8316625 
8460493 
8561112 
11095337 
9842616 
7681842 
8452316 
9979522 
7265183 
8302844 
7264347 
9907410 
8008258 
8175560 
9311613 
7613342 
8233649 
8454928 
11367277 
8500365 
9830653 
7595412 
9169054 
9012561 
7265813 
9609266 
8423031 
7148989 
9411177 
8560879 
7194061 
9113272 
10619424 
8726347 
8338467 
8502291 
8507500 
9967173 
7194410 
8544123 
8396531 
9610858 
7520734 
8316256 
7670173 
10182048 
8585642 
7207691 
10729359 
11021021 
8516722 
7487480 
9576256 
7602032 
8440630 
9390536 
7562043 
8216676 
9365725 
7417741 
8514617 
