1969629 
1584567 
1348637 
1454719 
1385915 
1450330 
1414305 
794776 
1477604 
1370924 
1497701 
1416119 
1419004 
1404797 
1450826 
1457346 
1072262 
4099751 
1454361 
1367316 
1445019 
1374810 
1448491 
1072292 
1444413 
1454539 
1484508 
1789044 
1521982 
1466071 
1464113 
1299639 
1012845 
1399942 
1455191 
1390219 
1511030 
1342100 
1469305 
2860763 
1435665 
1412395 
1416008 
1454149 
1459820 
1477464 
1388108 
1497459 
252569 
1555901 
1363897 
1471189 
1362263 
1455177 
1379195 
1289181 
1701314 
1382305 
1446347 
1480290 
1441790 
1425775 
1426471 
3575709 
1573551 
1544078 
1520392 
1553745 
1515269 
1465448 
1268219 
1104357 
1399499 
1414419 
1438314 
1363465 
1512478 
1400987 
1489454 
960977 
1453814 
1390494 
1496436 
1408274 
1404043 
1403079 
1407671 
1720422 
2683850 
1534255 
1727573 
1425865 
1465436 
1453545 
1440481 
1237436 
1119381 
1435332 
1452660 
1438655 
1430649 
1343723 
1509064 
1094236 
1485712 
302207 
1455748 
1404447 
1499311 
1414722 
1422349 
1455624 
1247678 
1523034 
1500579 
1449509 
1452784 
1442517 
1738328 
1435642 
1274392 
1134197 
1447578 
1451957 
1441753 
1473569 
1450126 
1440220 
859721 
1514120 
517292 
1499407 
4607783 
1382727 
1479530 
905638 
1545171 
1506304 
1455772 
1457208 
1372400 
1419301 
1431536 
992405 
1436321 
1438172 
1463909 
1726196 
1455719 
1479591 
1472254 
1356082 
991492 
1470258 
1478934 
1457680 
1374928 
1469810 
1360728 
1507597 
829901 
1472308 
1357591 
1477801 
1369407 
1410292 
1409589 
1413705 
1458666 
1370468 
1420392 
1411359 
1407741 
1406177 
1434168 
1389019 
1509902 
1659821 
39902 
1467532 
1527638 
1509387 
1371484 
1457762 
1104732 
1479167 
1427212 
1505419 
1367242 
1412328 
1454550 
1450225 
1436952 
1072005 
1410413 
1434183 
1457551 
1445999 
1410084 
1435710 
1344480 
1498092 
1212015 
1511677 
1346680 
1470982 
1404763 
1494104 
1366832 
1414963 
1718041 
2618893 
1485525 
1453706 
1423220 
1406570 
1407729 
1438751 
4059825 
1459768 
1420007 
1420799 
1435584 
1446141 
1343088 
1468386 
324944 
1307503 
1357902 
1523166 
1473652 
1383431 
1467464 
831801 
1553091 
1520918 
1471896 
1425935 
1493249 
1704162 
1402237 
1208172 
1100492 
1421043 
1433873 
1459421 
1486270 
1440207 
1345910 
1466604 
798021 
1457646 
1358162 
1451190 
1393121 
1452664 
1446062 
1404322 
1112025 
1105262 
1409676 
1409712 
1403210 
1409007 
1453068 
1451579 
1428175 
3724899 
1469608 
1434888 
1339251 
1755101 
1430636 
1498726 
1056262 
1461182 
1361067 
1406921 
1410188 
1406040 
1404570 
1462707 
1453532 
1267124 
1286340 
1405279 
1436001 
1348828 
1461228 
1345749 
1452776 
1361534 
631535 
3197201 
1550045 
1456450 
1411802 
1411779 
1406732 
1407225 
1048928 
1340597 
1705149 
1436883 
1428890 
1411705 
1439814 
1345609 
1613185 
1526970 
1473897 
1450605 
1478898 
1349834 
1468860 
838781 
1469713 
1369575 
1475994 
1428627 
1424465 
1425096 
1420181 
1070081 
1339342 
1397337 
1422718 
1447120 
1431001 
1442463 
1348126 
1465594 
1639972 
2678463 
1517316 
1478263 
1461219 
1371532 
1417243 
1410432 
895799 
1352713 
1426097 
1459762 
1406706 
1406850 
1407104 
1466800 
832644 
1471214 
831202 
1402375 
1436643 
1351397 
1469479 
1382074 
1508888 
1291945 
1425555 
1415747 
1404209 
1407992 
1435506 
1669026 
779412 
1469853 
1349406 
1454078 
1362578 
1411031 
1464595 
1375964 
1404786 
1364252 
1458294 
1414137 
1411251 
1408487 
1407639 
1435794 
1336295 
1466936 
1460353 
1360435 
1476999 
1408168 
1497054 
1366139 
1412799 
1447020 
1142323 
1463259 
1709279 
1434231 
1413492 
1421759 
1424176 
2734623 
1419914 
1424246 
1439637 
1391910 
1486201 
1360607 
1468776 
723171 
1467360 
1372550 
1425255 
1422440 
1473616 
1433426 
1433032 
1075853 
2776425 
1532423 
1511939 
1457281 
1413151 
1411384 
1413179 
1266557 
1123653 
1665743 
1438689 
1335377 
1459925 
1375377 
1499484 
1158733 
1550506 
1381622 
1450059 
644786 
1384691 
1394712 
1450665 
1367883 
1105873 
1576500 
1517060 
1424511 
1408864 
1405671 
1409368 
1404002 
1342961 
976757 
1417413 
1437488 
1334765 
1454226 
1354763 
1445213 
1406726 
1018831 
1461898 
1376769 
1418599 
1447796 
1368255 
1407203 
1408856 
1235886 
3344530 
1488256 
1407524 
1404728 
1408291 
1439672 
1456795 
1450921 
836455 
1437867 
1340604 
1463197 
1400692 
1513342 
3236903 
1427319 
1416826 
1416735 
1443105 
1349776 
1720360 
1354276 
1563154 
1403736 
1467687 
1381121 
1425990 
1469778 
1395989 
1425698 
1169628 
1444708 
1428934 
1437202 
1418390 
1439004 
1349703 
1465569 
1350545 
1459875 
494744 
1359389 
1374847 
1412783 
1408874 
1408573 
1409177 
1412953 
3597416 
1507169 
1475296 
1673063 
1434435 
1376909 
1459738 
1655653 
652097 
1515400 
1391518 
1469379 
1361417 
1445944 
1367276 
1405048 
927107 
1331142 
1384004 
1412399 
1406639 
1406348 
1437516 
1341073 
1459400 
425346 
1571195 
1543145 
1429345 
1447206 
1369261 
1407348 
1404837 
925181 
1431956 
1653221 
1388513 
1408498 
1405778 
1432929 
1382984 
1516852 
732704 
1476636 
1354355 
1446878 
1355951 
1415170 
1408042 
5724397 
1584559 
1521808 
1490014 
1411824 
1412033 
1412136 
1195679 
1144556 
1404242 
1425935 
1460568 
1360021 
1478986 
1359504 
1468679 
943148 
1475626 
1372421 
1472172 
1393659 
1427010 
1419284 
1417969 
1218256 
3021842 
1518067 
1487668 
1411178 
1410820 
1439115 
1343333 
1459991 
756320 
1462753 
1356068 
1494840 
1413546 
1436449 
1405380 
1410274 
955942 
1457419 
1421872 
1422919 
1405671 
1406029 
1677206 
1418372 
1479433 
2787700 
1514880 
1489103 
1433124 
1343340 
1490935 
1347091 
1454691 
679248 
1454809 
1360601 
1413802 
1449193 
1453933 
1434857 
1414884 
1159937 
1110097 
1393953 
1410496 
1434339 
1386949 
1507970 
1378591 
1454754 
543977 
1517395 
1492567 
1447009 
1696196 
1447042 
1439224 
1404349 
1013690 
1109739 
1384653 
1404288 
4599386 
1449969 
1416713 
850498 
1442598 
1352347 
1470613 
1354905 
1458794 
1363280 
1451059 
815308 
1528622 
1391105 
1426612 
1421374 
1418903 
1419494 
1420998 
1425122 
1665335 
1693596 
1408059 
1443012 
1346085 
1462745 
1355245 
1453525 
1365163 
3816340 
1381699 
1414881 
1410667 
1411282 
1406157 
1409781 
1298951 
871520 
1399620 
1435866 
1340198 
1459569 
1351767 
1475309 
1051972 
1471294 
389999 
1420721 
1392516 
1488123 
1400758 
1422511 
1450275 
2067650 
3376654 
1535376 
1500256 
1447838 
1410703 
1412140 
1410740 
1433319 
729733 
1479856 
1346884 
1471771 
1342608 
1452244 
1364159 
1448498 
772554 
1411827 
1410677 
1422436 
1451158 
1499157 
1392504 
1432553 
1457302 
2749992 
1535653 
1505832 
1458217 
1523390 
1376865 
1714650 
3974365 
1590613 
1532870 
1503662 
1465522 
1451658 
1332914 
1425927 
1416058 
1416792 
1429880 
1429022 
1423131 
1420074 
1425891 
1437374 
832990 
1455900 
1356391 
1484752 
1375744 
1469686 
1359515 
1448048 
915134 
1454839 
1375610 
1407486 
1686194 
1434708 
1425312 
1414192 
1446012 
2906364 
1504583 
1389416 
1473139 
1345002 
1457332 
1355998 
1497522 
735502 
1468158 
1361985 
1407815 
1408869 
1434062 
1450461 
1450366 
1212548 
1346136 
1382946 
1415973 
1407220 
1423584 
1461272 
1482908 
1351879 
1457531 
2750507 
1790686 
1480114 
1443721 
1370887 
1407853 
1406386 
968918 
1248975 
1424715 
1404625 
1414596 
1439096 
1410576 
1431207 
773020 
1514824 
2591979 
1532700 
1500367 
1446811 
1452259 
1359681 
1397530 
1499611 
1396380 
1447600 
1392650 
1454688 
1456436 
1407842 
1433284 
1309540 
1108039 
1395824 
4593438 
1460658 
1444509 
990845 
1493708 
2611546 
1529519 
1479877 
1467084 
1358110 
1457655 
1281442 
1481092 
1390500 
1425012 
1424418 
1425057 
1433744 
1421995 
1424703 
1277687 
1250086 
1394682 
1414497 
1415938 
1436676 
1341488 
1725846 
1092604 
1465725 
2297459 
1514113 
1482627 
1408754 
1463471 
1380988 
1408563 
1086887 
1065569 
1434967 
1463512 
1405133 
1421040 
1437929 
1339774 
1489823 
1077630 
1468045 
1334808 
1457933 
1352288 
1455712 
1419111 
1455834 
1115317 
1184983 
1408774 
1447543 
1735208 
1441704 
1406829 
1412294 
1413826 
3683146 
1502991 
1440826 
1435572 
1335646 
1463930 
1347797 
1449328 
635252 
1448584 
1368627 
1406933 
1463112 
1448676 
1419339 
1412309 
1287245 
965778 
1448381 
1458619 
1433403 
1344256 
1514474 
1393808 
1465129 
211515 
1565457 
1511049 
1416911 
1472006 
781168 
1483986 
1385202 
1508448 
1407805 
1475456 
1470682 
1435686 
1428502 
1292308 
1431825 
1417151 
1421011 
1039664 
1485212 
1393131 
1435352 
1658173 
2882615 
1532580 
1499514 
1411077 
1413463 
1414328 
1415061 
1440549 
779683 
1466327 
1366255 
1506659 
1406430 
1446013 
1381046 
1454050 
996913 
1411239 
1406264 
1409133 
1402424 
1428892 
1410185 
1411158 
1368313 
2927796 
1511148 
1474723 
1415810 
1439142 
1380929 
1460889 
995396 
1517247 
1397808 
1471083 
1364393 
1420196 
1456170 
1640970 
1383715 
1266599 
1448573 
1375414 
1407089 
1409268 
1426329 
1412499 
1412411 
1470016 
67377 
1547010 
1475289 
1453823 
1493989 
1358792 
1507201 
1358584 
1448085 
1368502 
1408062 
