65538 
56892 
56256 
56256 
56349 
56346 
56283 
56301 
56283 
56280 
56304 
56280 
56286 
56346 
56304 
56283 
56283 
47622 
56940 
56322 
56346 
56346 
56277 
56283 
56280 
56301 
56277 
56280 
56301 
56364 
56301 
56322 
56280 
56283 
56301 
56283 
56280 
56304 
56280 
56283 
56301 
56283 
56280 
56283 
51783 
40399 
56451 
56364 
56286 
56304 
56283 
56283 
56307 
56283 
56283 
56304 
56286 
56283 
56304 
56283 
56286 
56304 
56283 
56346 
56283 
56301 
56283 
56283 
56304 
56280 
56283 
56304 
11754 
56706 
56322 
56280 
56283 
56304 
56304 
56343 
56283 
56283 
56304 
56283 
56283 
56304 
56286 
56280 
56304 
56283 
56283 
56301 
56283 
56283 
56307 
56343 
56283 
56283 
56304 
49659 
41076 
56463 
56319 
56283 
56280 
56304 
56301 
56283 
56280 
56304 
56280 
56364 
56322 
56322 
56280 
56283 
56280 
56310 
56274 
56319 
56277 
56280 
56298 
56280 
56277 
56301 
56277 
2471488 
56922 
2912715 
58233 
56283 
56358 
56364 
56364 
56337 
56370 
56298 
56385 
56184 
56712 
56340 
56361 
56361 
56544 
56316 
56316 
56328 
56319 
56286 
56421 
56289 
56355 
56361 
56325 
56304 
56280 
56292 
56349 
56310 
56295 
56322 
56373 
56331 
56304 
56304 
50286 
41594 
56400 
56412 
56349 
56325 
56316 
56391 
56277 
56295 
56313 
56340 
56301 
56325 
56283 
56307 
56346 
56292 
56325 
56337 
56310 
56325 
56361 
56373 
56346 
56307 
56301 
56409 
11085 
56715 
56286 
56361 
56424 
56322 
56295 
56313 
56325 
56334 
56334 
56340 
56364 
56292 
56304 
56274 
56319 
56334 
56334 
56307 
56349 
56304 
56364 
56292 
56328 
56352 
56586 
45564 
45534 
56439 
56313 
56328 
56289 
56325 
56319 
56295 
56397 
56796 
56700 
56361 
56283 
56283 
56364 
56736 
56412 
56301 
56319 
56328 
56298 
56346 
56286 
56310 
56346 
56304 
56340 
11105 
56673 
56346 
56301 
56286 
56316 
56298 
56304 
56280 
56325 
56346 
56334 
56304 
56373 
56307 
56319 
56265 
56334 
56355 
56277 
56334 
56298 
56316 
56304 
56340 
56334 
56298 
40458 
50364 
56439 
56391 
56286 
56352 
56331 
56364 
56301 
56289 
56340 
56298 
56358 
56346 
56331 
56340 
56325 
56310 
56307 
56355 
56355 
56280 
56346 
56301 
56319 
56301 
56352 
1297508 
96919 
84345 
76610 
71000 
67481 
65574 
63641 
62802 
61882 
59219 
56460 
56373 
56484 
56343 
56574 
56406 
56340 
56634 
56403 
56430 
56364 
55593 
56754 
56301 
56364 
56862 
56352 
56346 
56313 
56481 
56907 
56592 
56340 
56352 
56349 
56322 
56541 
56442 
56502 
56436 
56286 
56370 
56334 
56331 
56331 
56289 
56307 
56289 
52638 
42310 
56421 
56379 
56301 
56355 
56514 
56691 
56328 
56373 
56313 
56304 
56328 
56304 
56628 
56301 
56283 
56331 
56322 
56283 
56457 
56334 
56781 
56316 
56343 
56586 
56379 
56361 
19736 
57714 
56499 
56541 
56361 
56316 
56313 
57111 
56436 
57054 
56571 
56292 
56307 
56514 
56313 
56493 
56292 
56283 
56304 
56691 
56496 
56325 
56283 
56595 
56310 
56331 
56283 
287196 
56730 
56364 
56349 
56349 
56463 
56346 
56316 
56484 
56319 
56280 
56280 
56316 
56352 
56322 
56331 
56304 
56304 
56364 
56475 
56343 
56583 
56322 
56307 
56304 
56283 
56298 
26688 
56802 
56469 
56319 
56733 
56634 
56277 
56517 
56328 
56568 
56331 
56283 
56304 
56283 
56307 
56460 
56541 
56310 
56286 
56541 
56469 
56307 
56304 
56475 
56289 
56559 
56286 
47013 
48724 
56481 
56307 
56277 
56307 
56292 
56463 
56337 
56397 
56292 
56283 
56364 
56490 
56337 
56664 
56292 
56313 
56283 
56430 
56529 
56280 
56301 
56307 
56319 
56283 
56304 
58967 
64 
64 
64 
64 
64 
64 
64 
64 
64 
64 
64 
64 
64 
16662 
56424 
56325 
56346 
56349 
69784 
56628 
56328 
56409 
56301 
56355 
56304 
56283 
56280 
56448 
56334 
56283 
56457 
56520 
56289 
56304 
56298 
56460 
56325 
56304 
56304 
56286 
56304 
56304 
56283 
56283 
56514 
56289 
18765 
56817 
56364 
56349 
56349 
56283 
56334 
56283 
56283 
56331 
56319 
56280 
56472 
56358 
56304 
56283 
56430 
56454 
56367 
56454 
56331 
56283 
56283 
56514 
56451 
56283 
56355 
46533 
57258 
56334 
56283 
56283 
56460 
56289 
56346 
56283 
56304 
56283 
56301 
56313 
56304 
56283 
56283 
56304 
56283 
56283 
56286 
56283 
56304 
56283 
56364 
56283 
56304 
56283 
39057 
57510 
56286 
56349 
56349 
56304 
56304 
56283 
56283 
56304 
56283 
56283 
56346 
56304 
56283 
56280 
56301 
56283 
56283 
56619 
56526 
56346 
56484 
56322 
56283 
23600 
56754 
56322 
56367 
56283 
56283 
56304 
56280 
56280 
56301 
56280 
56280 
56301 
56280 
56280 
56304 
56283 
56283 
56304 
56346 
56511 
56295 
56304 
56283 
56301 
56313 
56325 
52737 
39285 
56643 
56712 
56358 
56349 
56559 
56313 
56367 
56328 
56301 
56304 
56310 
56301 
56310 
56553 
56436 
56292 
56301 
56283 
56457 
56310 
56304 
56298 
56367 
56322 
56304 
56304 
13865 
56910 
56328 
56283 
56277 
56304 
56310 
56322 
56322 
56283 
56283 
56304 
56397 
56301 
56490 
56322 
56283 
56310 
56463 
56478 
56292 
56304 
56283 
56283 
56304 
56280 
56283 
42770 
64 
64 
64 
64 
64 
64 
64 
64 
64 
64 
64 
64 
34131 
56403 
56259 
56256 
56502 
56364 
56283 
69918 
56649 
56337 
56280 
56286 
56304 
56691 
56307 
56295 
56352 
56469 
56865 
56313 
56283 
56283 
56304 
56286 
56565 
56547 
56310 
56283 
56307 
56310 
56304 
56283 
56346 
56280 
42942 
48797 
56409 
56322 
56442 
56286 
56721 
56286 
56283 
56325 
56283 
56847 
56304 
56301 
56367 
56301 
56325 
56280 
56304 
56280 
56283 
56274 
56304 
56280 
56283 
56301 
56286 
53835 
39866 
56514 
56346 
56283 
56277 
56328 
56283 
56310 
56283 
56283 
56541 
56322 
56283 
56283 
56490 
56292 
56322 
56319 
56364 
56283 
56280 
56304 
56280 
56952 
56697 
56304 
56430 
13018 
56709 
56346 
56301 
56283 
56460 
56328 
56343 
56283 
56397 
56460 
56355 
56325 
56304 
56304 
56280 
56283 
56298 
56283 
56298 
56292 
56283 
56304 
56346 
56286 
56283 
56304 
44463 
56853 
56301 
56343 
56349 
56280 
56283 
56280 
56286 
56280 
56304 
56280 
56367 
56319 
56304 
56445 
56283 
56280 
56448 
56304 
56277 
56280 
56304 
56280 
56295 
56454 
56304 
16007068 
57876 
56448 
56337 
56379 
56310 
56310 
56331 
56325 
56286 
56307 
56289 
56304 
56319 
56307 
56286 
56310 
56310 
56349 
56310 
56286 
56310 
52673 
64 
64 
64 
64 
64 
64 
27448 
56412 
56280 
56394 
56370 
56328 
56307 
56328 
56328 
56325 
56307 
56328 
56328 
56307 
47063 
56658 
56310 
56388 
56313 
56283 
56283 
56304 
56286 
56286 
56307 
56286 
56286 
56283 
56307 
56286 
56286 
56304 
56283 
56343 
56286 
56307 
56286 
56307 
56286 
56283 
56307 
56286 
11631 
56919 
56349 
56343 
56325 
56325 
56304 
56364 
56325 
56325 
56304 
56325 
56304 
56304 
56325 
56304 
56325 
56322 
56304 
56325 
56304 
56325 
56343 
56403 
56322 
56325 
56325 
578260 
56874 
56262 
56349 
56352 
56283 
56280 
56307 
56283 
56283 
56343 
56307 
56304 
56283 
56304 
56286 
56280 
56307 
56283 
56283 
56301 
56286 
56283 
23369 
56709 
56343 
56385 
56325 
56301 
56325 
56301 
56325 
56301 
56325 
56301 
56325 
56322 
56325 
56322 
56304 
56322 
56346 
56382 
56343 
56322 
56304 
56322 
56304 
56322 
56325 
65612 
45641 
58180 
57688 
57640 
57620 
57620 
57652 
57648 
57648 
57648 
57648 
57648 
57648 
57648 
57704 
57648 
57648 
57648 
57648 
57648 
57648 
57648 
57648 
57648 
57648 
57648 
55928 
43560 
65236 
78456 
78360 
68920 
57772 
57648 
57648 
57652 
57648 
57648 
57652 
57648 
57648 
57648 
57652 
57648 
57648 
57648 
57648 
57648 
57704 
57648 
57652 
57648 
401256 
58684 
57764 
57724 
57664 
57708 
57916 
57724 
57688 
57672 
57728 
57692 
57680 
57704 
57724 
57676 
57656 
57688 
57652 
57728 
34154 
58136 
57720 
57692 
57656 
57712 
57768 
57888 
57740 
58044 
57708 
58544 
57728 
57676 
58092 
57840 
57696 
57688 
57676 
57716 
57704 
58304 
57912 
57676 
57692 
57704 
57908 
13888 
59588 
59224 
57808 
57680 
57672 
57668 
57652 
57664 
57648 
57672 
57648 
57648 
57648 
57692 
57660 
45042 
58048 
57832 
58160 
57688 
57712 
57648 
57664 
57632 
57648 
57680 
57700 
57692 
57676 
57660 
57672 
57648 
57676 
57684 
57704 
57664 
57656 
57648 
57648 
57664 
57648 
57672 
17540 
58112 
57688 
57660 
57664 
57676 
57688 
57824 
57688 
57624 
57672 
57656 
57668 
57648 
57688 
57688 
57664 
57676 
57648 
57684 
57676 
57696 
57648 
57656 
57700 
57840 
57684 
12479 
58024 
57664 
57684 
57676 
57640 
57668 
57648 
57656 
57644 
57688 
57648 
57684 
57708 
57708 
57840 
57672 
57648 
57656 
57668 
57856 
57708 
57664 
57668 
58088 
57668 
57696 
11921 
58020 
57732 
57648 
57656 
57672 
57664 
57636 
57648 
57660 
57680 
57668 
57644 
57664 
57896 
57648 
57672 
57648 
57904 
57624 
57696 
57704 
57712 
57724 
57640 
57684 
57668 
12120 
57984 
57652 
57680 
57696 
57668 
57704 
57708 
57648 
57688 
57672 
57648 
57808 
57628 
57680 
57656 
57676 
57648 
57676 
57652 
57852 
57656 
57668 
57736 
57864 
57716 
57652 
10931 
58300 
57656 
57660 
57648 
57680 
57676 
57664 
57648 
57648 
57676 
57700 
57748 
57704 
57684 
57720 
57680 
57680 
57648 
57648 
57672 
57664 
57680 
57696 
57652 
57660 
58448 
28444 
57932 
57744 
57648 
57648 
57696 
57648 
57692 
57688 
57676 
57676 
57664 
57648 
57648 
57672 
57816 
57684 
57700 
57704 
57684 
57676 
57648 
57668 
57664 
57844 
57684 
37732 
60871 
57648 
57680 
57644 
57664 
57680 
57864 
57700 
57648 
57648 
58024 
57984 
57688 
57624 
57680 
57684 
57648 
57692 
57648 
57648 
57688 
57648 
57688 
57736 
57648 
57728 
2623663 
58744 
57712 
57672 
57648 
57648 
57660 
57704 
57648 
57648 
57648 
57712 
57652 
57660 
57648 
57648 
57652 
57660 
57648 
43454 
58164 
57680 
57648 
57704 
57648 
57696 
57620 
57648 
57652 
57640 
57648 
57652 
57648 
57648 
57648 
57672 
57652 
57648 
57648 
57732 
57692 
57692 
57652 
57648 
57648 
43760 
54017 
57820 
57648 
57648 
57672 
57664 
57648 
57660 
57648 
57704 
57648 
57648 
57688 
57652 
57648 
57648 
57668 
57648 
57652 
57648 
57680 
57660 
57688 
57648 
57648 
57704 
22216 
58116 
57648 
57648 
57652 
57648 
57648 
57648 
57676 
57636 
57652 
57648 
57884 
57648 
57856 
57704 
57676 
57676 
57660 
57648 
57652 
57648 
57684 
57648 
57652 
57648 
57648 
14752 
58080 
57648 
57648 
57704 
57648 
57652 
57688 
57648 
57660 
57652 
57648 
57676 
57680 
57676 
57856 
57660 
57652 
57648 
57648 
57704 
57648 
57856 
57648 
57672 
57648 
57636 
11823 
57976 
57676 
57688 
57648 
57648 
57648 
57648 
57648 
57688 
57648 
57648 
57680 
57648 
57648 
57680 
57648 
57648 
57648 
57684 
57648 
57664 
57648 
57652 
57648 
57704 
57648 
1976070 
68522 
65673 
64451 
63594 
62347 
57704 
57648 
57704 
57660 
57648 
57648 
57648 
57648 
57648 
57648 
57648 
57648 
57648 
57648 
57648 
45025 
58128 
57684 
57700 
57696 
57648 
57648 
57648 
57648 
57676 
57648 
57648 
57648 
57648 
57660 
57648 
57660 
57648 
57648 
57704 
57648 
57648 
57648 
57648 
57676 
57656 
57672 
269233 
57968 
57648 
57648 
57648 
57648 
57648 
57648 
57744 
57648 
57648 
57676 
57664 
57648 
57648 
57648 
57648 
57660 
57664 
57648 
57648 
57648 
57648 
57648 
57704 
57668 
57648 
40448 
56069 
57752 
57648 
57648 
57648 
57648 
57648 
57656 
57648 
57648 
57796 
57620 
57712 
57648 
57648 
57648 
57648 
57648 
57648 
57652 
57648 
57648 
57660 
57648 
57648 
59440 
57684 
57648 
57704 
57648 
57648 
57664 
57648 
57648 
57648 
57680 
57648 
57648 
57648 
57648 
57648 
57648 
57648 
58076 
57704 
57648 
57648 
57648 
57648 
57648 
53408 
47654 
57756 
57696 
57636 
57648 
57648 
57648 
57680 
57648 
57704 
57648 
57684 
57668 
57648 
57672 
57648 
57648 
57660 
57684 
57648 
57712 
57648 
57648 
57648 
57648 
57704 
27192 
58064 
57676 
57648 
57648 
57648 
57664 
57648 
57676 
57648 
57648 
57648 
57648 
57676 
57648 
57704 
57648 
57648 
57648 
57648 
57648 
57648 
57648 
57648 
57648 
57688 
57648 
20012 
64 
64 
64 
41420 
57764 
57652 
57632 
57656 
57656 
57660 
57644 
57672 
57660 
57648 
57648 
57648 
57648 
57648 
57648 
57704 
57648 
57648 
35442 
58004 
57664 
57648 
57648 
57852 
57648 
57648 
57664 
57680 
57640 
57684 
57648 
57704 
57660 
57648 
57660 
57648 
57636 
57648 
57616 
57656 
57648 
57648 
57648 
57648 
57648 
11590 
58020 
57704 
57688 
57676 
57688 
57648 
57648 
57648 
57648 
57652 
57664 
57644 
57640 
57648 
57684 
57680 
57688 
57704 
57648 
57648 
57648 
57688 
57648 
57648 
57668 
57692 
11272 
58008 
57680 
57672 
57648 
57648 
57852 
57724 
57688 
57648 
57648 
57676 
57648 
57648 
57672 
57628 
57648 
57648 
57708 
57640 
57828 
57664 
57792 
57704 
57648 
57908 
57656 
32631 
58052 
57688 
57680 
57648 
57648 
57652 
57660 
57676 
57688 
57660 
57648 
57704 
57648 
57692 
57648 
57648 
57648 
57648 
57648 
57652 
57648 
57648 
57660 
57680 
57648 
37572 
59152 
57852 
57704 
57648 
57648 
57652 
57676 
57680 
57668 
57648 
57692 
57648 
57664 
57648 
57648 
57648 
57688 
57648 
57760 
57648 
57648 
57696 
57648 
57648 
57648 
57652 
15434 
57984 
57648 
57648 
57648 
57860 
57628 
57620 
57712 
57664 
57796 
57624 
57692 
74652 
78352 
78312 
60504 
57748 
57640 
57676 
57648 
57648 
57648 
57724 
57684 
57836 
21244 
58100 
58084 
57684 
57688 
57648 
57652 
57676 
66071 
58120 
57680 
57652 
69306 
57944 
57700 
91115 
75704 
57968 
57648 
57648 
57688 
57816 
57664 
57360 
192 
127310 
58424 
99196 
75481 
57896 
57648 
57648 
85617 
57924 
72501 
80364 
57900 
57648 
57648 
67359 
57972 
57652 
57704 
71119 
57960 
57648 
57648 
57648 
57648 
57648 
57648 
62038 
58044 
57648 
57648 
57648 
57648 
57648 
57704 
62934 
58176 
57676 
57648 
57648 
66652 
58088 
57648 
73225 
58084 
57648 
57648 
57648 
57648 
57648 
57700 
57648 
60120 
57992 
57648 
57648 
57648 
57648 
57648 
57648 
57648 
57648 
57648 
57648 
57648 
57648 
81291 
58104 
57680 
57648 
57648 
57648 
57648 
57648 
57648 
57648 
57648 
57648 
57648 
57648 
57648 
57648 
57704 
57648 
57648 
57648 
57648 
57648 
57648 
57648 
57648 
57648 
57648 
14472 
58060 
57648 
57648 
57648 
57704 
57648 
57648 
57648 
57648 
57648 
57648 
57648 
57648 
57648 
57648 
57648 
57648 
57648 
57648 
57648 
57700 
57648 
57648 
57648 
57648 
57648 
11767 
57972 
57648 
57648 
57648 
57648 
57648 
57648 
57648 
