9064392 
9040622 
9039886 
9029734 
9007581 
8996607 
8982631 
8968199 
8961484 
8947792 
8944241 
8942676 
8941633 
8931174 
8899941 
8896847 
8861812 
8854740 
8851602 
8809574 
8797672 
8795115 
8758923 
8743379 
8736182 
8728007 
8704438 
8693847 
8693490 
8685428 
8676940 
8663981 
8660432 
8652456 
8652164 
8620147 
8607934 
8607635 
8606974 
8602608 
8591984 
8590314 
8580922 
8580812 
8575023 
8569570 
8568469 
8553434 
8552281 
8537857 
8537584 
8534400 
8532260 
8509065 
8509002 
8508987 
8506008 
8495909 
8488866 
8487146 
8486791 
8484390 
8479627 
8471617 
8460640 
8458907 
8458604 
8458358 
8456074 
8447535 
8443023 
8441583 
8440524 
8438484 
8434537 
8432817 
8431863 
8428503 
8422584 
8420805 
8418208 
8418143 
8414215 
8413938 
8413367 
8411227 
8410421 
8408927 
8406981 
8401212 
8400745 
8396169 
8395380 
8392952 
8392095 
8390971 
8389088 
8388626 
8387925 
8387510 
8382570 
8381737 
8379862 
8379724 
8374315 
8373909 
8372510 
8369906 
8365222 
8362829 
8361573 
8356717 
8354064 
8351524 
8349380 
8344683 
8339085 
8338976 
8337239 
8336781 
8335975 
8334993 
8333534 
8332581 
8332471 
8330646 
8329779 
8328832 
8322628 
8322231 
8318543 
8315689 
8313711 
8308691 
8307983 
8306437 
8304586 
8303935 
8302502 
8301806 
8301658 
8300888 
8300120 
8299178 
8293887 
8292056 
8290607 
8288249 
8287928 
8286737 
8284646 
8283868 
8283608 
8282864 
8281767 
8280423 
8277571 
8276312 
8267382 
8267328 
8266963 
8265539 
8264856 
8263789 
8263331 
8262193 
8261752 
8261299 
8260425 
8259993 
8258920 
8258843 
8258332 
8253886 
8253396 
8253105 
8251575 
8251330 
8250608 
8249965 
8249492 
8241147 
8241105 
8240636 
8239141 
8237868 
8235985 
8232954 
8232076 
8230641 
8230018 
8229328 
8228198 
8222351 
8218180 
8218027 
8217282 
8216355 
8216168 
8214970 
8212656 
8210982 
8209484 
8208949 
8208826 
8208725 
8207772 
8206001 
8205507 
8205038 
8204846 
8204233 
8203804 
8203169 
8202810 
8199837 
8199673 
8199438 
8199035 
8197935 
8197703 
8191218 
8189161 
8187666 
8184951 
8184671 
8183177 
8179652 
8179618 
8178516 
8176840 
8174471 
8173303 
8171887 
8171362 
8170742 
8170628 
8169418 
8168514 
8167943 
8166626 
8164811 
8162616 
8162483 
8156045 
8155395 
8155205 
8154300 
8153282 
8149674 
8149450 
8147728 
8147646 
8147456 
8146282 
8146061 
8145938 
8143938 
8143291 
8143271 
8142103 
8141233 
8139746 
8139693 
8138699 
8138611 
8137247 
8137220 
8135386 
8134452 
8132122 
8132042 
8131343 
8130207 
8129995 
8127257 
8126769 
8126685 
8126346 
8123447 
8122510 
8121399 
8119106 
8118357 
8118179 
8116025 
8115447 
8115162 
8115076 
8114551 
8111005 
8110526 
8109344 
8107658 
8105780 
8103688 
8101911 
8101281 
8099316 
8098047 
8093136 
8092060 
8091483 
8090637 
8090139 
8088000 
8086173 
8086104 
8084782 
8084395 
8083595 
8082404 
8081904 
8080631 
8079128 
8078400 
8078292 
8077620 
8075653 
8075378 
8073255 
8071279 
8070811 
8070349 
8069643 
8067522 
8067337 
8065398 
8064890 
8063935 
8063581 
8063351 
8056699 
8056253 
8055808 
8055664 
8055357 
8054481 
8053844 
8053808 
8052867 
8052181 
8050991 
8050752 
8050043 
8049584 
8047342 
8045730 
8044378 
8043326 
8043012 
8042258 
8040739 
8039096 
8038840 
8037913 
8034761 
8033769 
8033018 
8032262 
8030783 
8030371 
8030236 
8029456 
8027523 
8026261 
8025516 
8024701 
8022908 
8022881 
8022793 
8022588 
8022089 
8021855 
8018804 
8018599 
8017581 
8017170 
8016917 
8016537 
8016317 
8014917 
8014023 
8012603 
8011128 
8010970 
8008795 
8008030 
8007304 
8006994 
8005604 
8004061 
8003475 
8001193 
8000257 
8000229 
7999403 
7998574 
7998284 
7997403 
7997327 
7995120 
7994773 
7993717 
7993546 
7993135 
7992591 
7991476 
7991163 
7988151 
7987730 
7987525 
7987384 
7985669 
7985406 
7984520 
7983986 
7982469 
7981475 
7979904 
7978791 
7978626 
7978593 
7978254 
7977985 
7977433 
7976625 
7975292 
7973738 
7973033 
7972911 
7972758 
7972453 
7972041 
7971717 
7971676 
7971440 
7970255 
7970195 
7967978 
7967340 
7966305 
7966140 
7965917 
7965471 
7965049 
7964835 
7964487 
7964438 
7964425 
7964214 
7961624 
7960462 
7960148 
7959735 
7959091 
7958468 
7958241 
7957745 
7957585 
7957259 
7957017 
7956864 
7956076 
7955295 
7954652 
7953779 
7953561 
7953460 
7952631 
7952391 
7951980 
7951814 
7951018 
7950175 
7949978 
7949558 
7948628 
7948333 
7947274 
7947155 
7947110 
7945278 
7941730 
7941434 
7941172 
7937701 
7936789 
7936679 
7936086 
7935807 
7935324 
7935063 
7934528 
7933352 
7932914 
7932534 
7929497 
7927195 
7926426 
7924151 
7922595 
7919908 
7919636 
7919290 
7919185 
7918688 
7912056 
7911870 
7911747 
7898376 
7893526 
7892400 
7891727 
7884759 
7883423 
7876674 
7876505 
7874086 
7871707 
7870493 
7870232 
7869381 
7868453 
7860827 
7860407 
7859942 
7859757 
7852827 
7852534 
7851757 
7851324 
7851285 
7850983 
7850683 
7842125 
7839846 
7839392 
7833862 
7833197 
7829091 
7820726 
7804186 
7803339 
7794326 
7789510 
7789335 
7783603 
7782448 
7782393 
7782002 
7780896 
7777785 
7770743 
7770245 
7769813 
7766276 
7765412 
7761083 
7756591 
7753124 
7746513 
7745293 
7743696 
7740659 
7737222 
7732043 
7729208 
7716495 
7713601 
7713084 
7711923 
7708801 
7701597 
7695952 
7695266 
7693620 
7691807 
7689367 
7688958 
7680815 
7676155 
7675847 
7672070 
7668532 
7664627 
7659729 
7645515 
7641237 
7639092 
7636245 
7631206 
7630524 
7629408 
7628103 
7623584 
7622891 
7620020 
7620019 
7617467 
