77174371 
74674402 
77552349 
77784428 
75104143 
76444445 
76332035 
77656289 
79997900 
74232545 
77474789 
74852512 
77892853 
77400149 
76163189 
77182777 
76083655 
77359549 
77971275 
75092015 
78198908 
75380421 
79387651 
74764920 
77536437 
79114673 
79507824 
74953973 
77237264 
78112434 
77549370 
75111147 
77702358 
75644931 
77939742 
78268539 
74793798 
79024675 
74380458 
78016067 
76562506 
77139371 
78298772 
75434489 
76646387 
74399313 
79754069 
77038659 
74866479 
78873870 
74042020 
80600781 
73494929 
76719846 
77690916 
73397524 
81007454 
74469917 
78081676 
78140208 
75231464 
79024351 
76208799 
76777873 
79488147 
73544036 
78231407 
80597563 
77245075 
77029756 
74426145 
79167441 
76217406 
77556684 
79126133 
77181153 
77394533 
75353364 
76152707 
75176284 
79582374 
78998836 
74272525 
79855045 
75257006 
76773226 
78099176 
76460205 
77947395 
75223031 
76256250 
74750620 
79623277 
76167291 
76671455 
77919691 
74944867 
77750187 
78275635 
75129321 
78568333 
74853134 
77199510 
76801652 
77055992 
79322628 
72354461 
84194755 
75361185 
77214607 
76715650 
76733915 
76765060 
74164307 
79239064 
78786569 
74587688 
78686150 
75050199 
77198301 
85320469 
74592434 
78100818 
73570326 
78498263 
77039924 
78851654 
77290715 
74650384 
77854871 
73424678 
78817471 
73067880 
79390897 
79326995 
75117897 
78042486 
73069160 
79122229 
76801361 
75816739 
78602308 
74697567 
76763449 
75441924 
78460506 
77576319 
75249140 
79660313 
70176468 
75581810 
75316485 
78362859 
78701709 
74497934 
74154973 
71039505 
79159640 
78232218 
74335842 
79251805 
75643021 
79790582 
78571199 
75926593 
79272596 
76847389 
78149673 
80683700 
76078218 
78688306 
76869967 
79923636 
80068252 
75150152 
80324268 
75406973 
78108941 
79347716 
74899150 
79283641 
77350113 
78866327 
76693331 
77838258 
79385481 
74327719 
77836942 
79216997 
77858640 
78117925 
75187210 
78168319 
75044387 
78963765 
76852535 
75352862 
77559455 
76607883 
76339638 
79406267 
74830809 
77838108 
75109919 
77859643 
78213759 
74821181 
77784780 
75464563 
76475923 
75300096 
76815202 
77584706 
76129311 
76414285 
76309230 
79870293 
77493429 
75034090 
78234293 
75335444 
78579201 
78965568 
73531332 
78210848 
74906270 
77747174 
74863543 
77571192 
81899857 
75111565 
77807072 
76650346 
75939952 
79809046 
73984929 
77900759 
75319137 
78066248 
73510963 
79219864 
80136721 
74365960 
77159540 
73800235 
78949948 
77457818 
75121270 
79317975 
75303860 
77953266 
76064599 
74709759 
79151806 
73433924 
78624239 
78789931 
72259226 
79460901 
74828568 
77442330 
75391772 
78191157 
76110319 
76752848 
77922296 
74752877 
76129555 
80951821 
76692784 
78730766 
76021336 
75987615 
79706709 
73712019 
79529187 
74743467 
76774801 
75071573 
78367507 
77507922 
76649507 
77953170 
76097010 
77826725 
74778117 
78382208 
78482797 
74874927 
78253056 
73128708 
78864345 
76895164 
76159041 
78809815 
75458878 
80024838 
81619801 
81793589 
78322146 
75830083 
84255466 
79303939 
74118662 
79110128 
74933845 
75483320 
76541191 
77950455 
77585236 
80325438 
78224976 
75121967 
77879932 
78845200 
73261083 
78295447 
73053600 
79136498 
77669264 
73687849 
78881585 
74130976 
77507773 
78243353 
74669785 
77782845 
75707422 
76930846 
75264210 
78489485 
76502117 
76344990 
77809078 
75048803 
78572842 
78582968 
73425137 
78777149 
75896521 
77003254 
75332857 
77324252 
80319835 
75453033 
77466688 
73967578 
77096867 
80103557 
75218303 
81206401 
76435426 
76439806 
79643213 
74816658 
80120771 
76045861 
77221258 
74434209 
84197800 
76499598 
76117490 
77166022 
75939440 
76827026 
77910101 
75862326 
76199828 
74693327 
77332420 
77647568 
74353577 
77284542 
74450463 
76898566 
79654080 
74725695 
77310902 
75637704 
78632504 
79209168 
74803610 
80343429 
75837168 
77626224 
74435133 
77893919 
78029396 
74455014 
78299448 
74877184 
83314414 
79249594 
73228047 
79822866 
72543440 
78069941 
78129826 
75270619 
75987539 
76390343 
78538397 
77136603 
74243861 
77378158 
74586810 
77560091 
75587505 
76755329 
79019468 
74412048 
77401339 
74374376 
76000277 
76416784 
77967301 
77222288 
74387457 
77412671 
74435260 
77065894 
77049331 
68852197 
76865529 
74347079 
75271384 
76222084 
75656731 
78560096 
74555601 
77175975 
72479019 
83063638 
75887413 
76796781 
77042225 
75191972 
75911045 
77060027 
75758209 
81491462 
76988827 
75508554 
76135162 
75931968 
80070227 
74078202 
77391228 
74858526 
76609772 
77545915 
78972842 
76253395 
77262512 
78586438 
74571461 
81512030 
79819761 
74056422 
78419082 
76463836 
82057893 
79241034 
75248828 
79085503 
75805232 
80131782 
78854593 
76653972 
78160352 
77039424 
78971942 
82665325 
76782282 
79648737 
75476297 
78705165 
79492024 
74789165 
77870444 
75002210 
80383556 
77922552 
75797714 
77585356 
73849207 
79143652 
79827876 
73048070 
78831661 
75388225 
75879056 
76029076 
77616993 
79045667 
74427655 
78303305 
76649934 
77128889 
79007140 
74616974 
77918995 
75610138 
79581622 
75904564 
76481368 
78622546 
75822100 
77162015 
75207540 
77975154 
77203033 
79204385 
75842744 
75920893 
76171024 
74995840 
77563398 
79191582 
74473533 
76880619 
75480224 
78084169 
78894279 
74197717 
79170599 
73956715 
76946709 
78969282 
74178792 
76326559 
74974641 
76780011 
75087348 
77438363 
78451777 
75829972 
77206796 
75530996 
79255991 
79392060 
74865244 
77653683 
78320959 
77777647 
76524270 
79280825 
79650505 
76255613 
79051191 
77100453 
83484729 
79469189 
79262664 
80592114 
79911938 
74674971 
80809147 
76915821 
77483951 
76849645 
80425169 
78966740 
78111889 
77569497 
78819405 
79585563 
77494982 
78062137 
79120997 
76734810 
78966281 
79343003 
76345695 
78753393 
75686953 
80751164 
77204364 
76568721 
81113636 
76508437 
78705190 
79717982 
75598140 
81081710 
77055689 
79330559 
77915204 
78367762 
78480658 
76132664 
77162758 
82015009 
78907724 
79270998 
77987254 
78566688 
79601244 
78205087 
77873275 
78205476 
78864131 
77283663 
78305424 
78916005 
78178954 
79547999 
75337243 
80512835 
78996265 
75694869 
78960096 
77160408 
77170280 
78882523 
77828203 
78967340 
75774123 
79194160 
77264954 
74272699 
71891034 
74498847 
78346057 
75842775 
77786849 
77941242 
75336136 
76780799 
75779065 
79149372 
78245297 
75666009 
82770845 
75596378 
78746049 
79481556 
74203190 
77570542 
75278412 
78809244 
77975249 
74168680 
78452299 
72309095 
78663706 
75336057 
79203600 
78615188 
76828774 
78513098 
75904849 
78689442 
78924370 
75261438 
78796716 
75854673 
79112861 
77412061 
78360637 
78219872 
75160459 
79818247 
74779783 
78045705 
78630486 
73362097 
77053951 
77334414 
75960731 
78333591 
74133061 
77293820 
80558575 
75077177 
78014976 
75965354 
75876305 
75599821 
78275844 
80116833 
71581116 
79004445 
74360883 
77329134 
73706882 
78457013 
76075074 
74551915 
77623421 
74389081 
76982976 
79298192 
74624185 
78078396 
76409100 
78577782 
75075062 
78044695 
77379143 
76680267 
78834324 
81429051 
75178168 
79069904 
76950421 
78722482 
76658995 
78913223 
78679115 
76327133 
78098073 
75061347 
80438318 
81876145 
76830565 
77896361 
78054851 
79524739 
78687527 
76921841 
78760012 
77145929 
78958266 
79628043 
76517211 
81010196 
77116386 
77595431 
79615371 
76306035 
78565407 
77920580 
77181066 
79649149 
77694132 
79648133 
75053880 
80049657 
77349512 
74849980 
80978702 
75782253 
79736968 
77365302 
77348360 
75895695 
76914248 
78626224 
75563421 
78660639 
77299666 
78461875 
77957873 
80988413 
79282811 
78925069 
76248755 
79331167 
76744121 
79614249 
79209006 
74399327 
80597528 
76678558 
79289872 
78931048 
76622670 
79860612 
75775128 
77344403 
81229077 
75747874 
79647521 
77002412 
80444429 
78939764 
76457953 
79162705 
75322839 
78204159 
80387126 
76049734 
79192883 
76150112 
77477197 
80590155 
76356244 
78791799 
79257709 
78145745 
79326357 
75000507 
86298259 
74525728 
78195174 
78247278 
76311982 
80686176 
76626654 
79076129 
79534313 
77294577 
78381069 
77260524 
77762651 
80607823 
75617380 
79501912 
75202527 
78920885 
77323570 
77322904 
79261894 
77352642 
78079757 
79603589 
77532756 
78443340 
76599373 
81964819 
81611444 
74378870 
79593538 
78125426 
79159427 
75140773 
80612262 
77743815 
77063854 
79988360 
76349623 
79127968 
83105062 
76467824 
78686221 
87279715 
75494069 
79185855 
76377808 
78497891 
80146940 
74898922 
79224861 
76438825 
80059511 
76875337 
76749783 
76239062 
76644927 
76146841 
78568540 
76262201 
78077521 
75010461 
76175992 
76014762 
77520345 
77624372 
74735542 
79310791 
74450507 
75883139 
80014356 
73491572 
78461108 
77362766 
77519463 
77434199 
75537913 
78628355 
75135163 
76550318 
80208022 
79582790 
77326852 
75605693 
78489207 
78443326 
74977433 
78082684 
74162581 
76120610 
79798381 
76741131 
75881732 
76754642 
75715191 
78416564 
76306474 
75730787 
77141108 
77641738 
75915027 
78063492 
78246560 
73857277 
79227237 
75869884 
76048760 
80709151 
75375542 
75654552 
77006433 
76811169 
76196621 
79533095 
75822735 
76334187 
76268110 
76967068 
77460035 
78815011 
74831045 
84983365 
72762570 
79518908 
77147568 
76609282 
78845709 
73823979 
81150409 
79395315 
74274152 
79073107 
78176515 
77544575 
81195117 
76516552 
77619449 
78851149 
79348519 
80824229 
75111761 
79732521 
77681285 
77043958 
81100882 
76296953 
79245457 
77312556 
78093405 
80966485 
76411197 
78824162 
77625379 
80222179 
79874360 
76398647 
80671626 
77504531 
79549156 
78943005 
76525571 
81816647 
80731940 
77813654 
80597594 
76304988 
78740724 
79761297 
77527494 
78178317 
78276920 
80435128 
79200831 
76238185 
80281902 
74897103 
79942146 
77059637 
73936039 
78476469 
76186471 
78013958 
77860775 
74019385 
77995087 
75969081 
79415240 
74571845 
78216910 
79186833 
73857026 
77755425 
74816979 
78607274 
78431437 
73252642 
79025449 
76318137 
77532518 
74994609 
78089665 
81050842 
75135252 
77122320 
74389154 
78706410 
77388926 
87790068 
83438880 
89548995 
86490444 
83748804 
83466331 
85174269 
82864532 
82958901 
89251250 
81735452 
84714683 
83953977 
80224973 
85756525 
84609378 
81910475 
84355724 
83615557 
83280040 
83610563 
79952369 
83432425 
82570230 
78597024 
84221662 
80078097 
80735526 
83524247 
79442643 
82276481 
82739291 
79314619 
82071500 
78711391 
83170294 
81779170 
78734535 
82702282 
81115592 
77338495 
83400837 
79722073 
79655106 
83189455 
79547654 
80943190 
84964876 
80879992 
82403891 
79458117 
82934802 
81534312 
78376380 
80978973 
80608601 
79608626 
81182539 
79233094 
80254458 
81394131 
80315734 
82375979 
79426863 
82135711 
81475255 
79475563 
80227277 
78844556 
81338499 
82291832 
78312976 
81519357 
84579463 
77501996 
83610341 
78813755 
81798020 
82274952 
79555056 
82483860 
82043640 
78499254 
83372087 
80074155 
86547158 
80967203 
80892461 
81403451 
80686234 
79618216 
81589232 
80095642 
82122444 
82492202 
79551356 
81396597 
79133215 
80712077 
83573105 
79030394 
81782877 
81408065 
78626111 
81413119 
79955991 
80898281 
80886706 
80614136 
80865617 
81107524 
77235952 
80612333 
77207269 
80874800 
75987966 
79350035 
79884771 
77602678 
79588420 
80183404 
76549513 
79655259 
76641114 
83899097 
80804820 
77893816 
78730033 
77391539 
79663088 
81592189 
76573237 
80085655 
77184018 
78130414 
79741623 
78493794 
77844089 
77231800 
80315538 
80826830 
76484303 
77878880 
77247498 
79308069 
81562517 
76862623 
78301149 
76737069 
80354335 
80166087 
71514615 
73639011 
70245677 
72071690 
72246287 
73244402 
70600931 
73388258 
70034830 
71656314 
78273266 
79461482 
80741922 
78141898 
77681391 
80326885 
78119435 
80793111 
80881733 
75788628 
82808910 
77832409 
80398835 
79834119 
78167094 
79939133 
76472194 
82152467 
80766847 
76104597 
81605828 
80392788 
77304460 
80251595 
77858030 
80712953 
80537160 
80506366 
81446525 
78061370 
82264847 
81574028 
78911823 
81727551 
82707862 
78100371 
81775846 
78862275 
80994376 
80961826 
79459486 
81562458 
81762639 
82108909 
81511419 
79146584 
81181589 
80410978 
79941250 
81741440 
77333400 
82846482 
80153854 
81343050 
79142200 
80540414 
80752376 
81127386 
79393379 
82645158 
78689624 
80838967 
79546335 
79617097 
80070332 
80784697 
80491174 
81157289 
79379162 
80237143 
79364623 
76754264 
82828053 
77826584 
80715137 
81803490 
78049225 
79242529 
77726111 
80285753 
81658864 
82805674 
82805793 
78181191 
81792843 
81207666 
78453142 
82248054 
81444239 
77987328 
80427996 
78733878 
80419291 
81681192 
78158744 
80844202 
77023431 
83362471 
79752768 
77781142 
82369917 
82760167 
78672702 
80577305 
79604019 
79834759 
81550240 
79013803 
81401736 
78114571 
79691906 
81365431 
79012189 
80455647 
76521265 
82231710 
79534514 
79595906 
79921120 
81837227 
80309336 
80135705 
78187015 
81249277 
79718694 
78929347 
78370117 
77501007 
81140903 
79338766 
78422373 
78395147 
76973962 
82607307 
79987963 
77625106 
79972162 
77023489 
80362649 
81799424 
76396821 
80763768 
79854332 
80546791 
81234563 
77783126 
79951260 
81805280 
76447062 
80860521 
78860302 
79965717 
80173664 
79026512 
80279516 
75973352 
81549576 
81534674 
77921412 
79301443 
83203389 
80392985 
79298970 
79514564 
81569130 
78436905 
80820335 
80029297 
77360213 
77890849 
78860013 
79674291 
79068294 
77192126 
79261811 
77240934 
79419317 
77646094 
78063262 
79404870 
77825630 
79123338 
79278307 
75557844 
79348525 
76908327 
79270230 
80159041 
76129633 
78885976 
75811464 
77541538 
81389104 
76106559 
78251652 
76506318 
78994459 
75881258 
79641514 
80877511 
77064787 
79175522 
77618797 
77415445 
80667759 
77123303 
76495951 
77591304 
80927294 
77671624 
78378871 
82735169 
75181012 
80121562 
79566468 
77952985 
77451555 
78538664 
79504066 
79323486 
78085923 
81468159 
76410421 
79346186 
79431637 
75259201 
71811190 
76545328 
73520934 
73359214 
71267600 
72703952 
70490645 
73071041 
69624194 
74300842 
71174263 
73223031 
69289369 
73988439 
77833436 
68474514 
75394081 
69512565 
73072330 
71204560 
72873072 
71229225 
73002246 
76168761 
76305134 
82304413 
78402698 
80740459 
81177794 
77915060 
80420878 
81506911 
78782361 
80088398 
78844447 
81755647 
80317013 
79147192 
79141235 
77832706 
81063069 
82160862 
77110958 
78228525 
78191126 
81383776 
79159195 
77331913 
80239724 
83665553 
75328009 
80372784 
76891096 
80169193 
82577914 
77818330 
80164090 
78704503 
81015022 
81803754 
78218722 
80596260 
78199293 
79968373 
81703659 
76527589 
81162868 
77526867 
77949592 
81152463 
76545622 
79948756 
76432605 
80732043 
82938626 
76033055 
82318146 
77340840 
80105182 
79561781 
77688289 
81155187 
82046872 
75571562 
79799430 
78514324 
79876897 
80225203 
76734651 
79523160 
76251810 
78808045 
80220013 
80051450 
70943077 
72230045 
74171835 
71447226 
73443321 
70284448 
73972994 
71679117 
71867395 
73334801 
69958910 
73590143 
68579294 
75023679 
69943966 
73610864 
72007906 
72098580 
71705399 
70049226 
75577481 
69466688 
73822277 
68709164 
73311939 
71922123 
74012632 
71609396 
71808566 
73330331 
70143708 
71536602 
70330873 
75396689 
68692756 
75524524 
74017693 
68934594 
75274951 
68919110 
75272846 
68970520 
75133778 
76110083 
71969585 
74098269 
69047104 
75847836 
68583678 
75083890 
71285906 
71938960 
71330375 
75002292 
69890109 
75049495 
74233511 
69695696 
73853493 
71740740 
72657524 
71366323 
74232521 
71940569 
75958257 
75032195 
71346435 
75399906 
74062673 
75000337 
70982950 
74460758 
74927966 
71528244 
76028326 
71591289 
74145902 
71999188 
74734938 
75267470 
71794424 
74673463 
70320921 
75794220 
71148686 
79310337 
75168704 
71260587 
75619970 
71314956 
74185644 
71425245 
75556303 
70859279 
75058592 
75231961 
70420001 
75670875 
69610973 
81372285 
77851291 
83114061 
82649682 
82900433 
84537834 
82221450 
80512754 
82601630 
83663347 
80433789 
82885556 
81133074 
83528349 
83089081 
79985499 
83402983 
83011778 
80737179 
82763536 
79847602 
83330705 
84405937 
80761461 
83022501 
82174763 
84536552 
83312470 
84161630 
81589389 
81481915 
80435334 
82636349 
85019603 
79159122 
84173413 
83231753 
77980855 
83718318 
79812430 
81809976 
85165792 
79864583 
83343944 
83536651 
78478933 
83391965 
77649572 
82598742 
82355984 
76891356 
82411341 
78428564 
80783043 
79567696 
79952116 
80716795 
81502255 
77780445 
81392661 
78281471 
81138729 
79095963 
78944805 
85174209 
78804749 
80711375 
79796505 
78515559 
80574848 
80445863 
81070414 
80515489 
76652612 
82336210 
80546879 
76261176 
80534079 
79800725 
80807545 
80966191 
78604877 
81428835 
78061552 
78938125 
82436086 
77581553 
82168537 
78841798 
78727818 
82471589 
78092993 
80083197 
80908518 
79090674 
80090171 
80501432 
80950768 
80932766 
77573239 
80111884 
78095670 
81785781 
82537890 
79895652 
81926666 
79408745 
80010775 
83119513 
78941130 
82057377 
79759067 
79587806 
81755831 
79094495 
82928419 
81070730 
78709093 
81210169 
82168621 
80549443 
80028055 
79575569 
83322181 
81461479 
79626674 
84613587 
83147945 
78861693 
80716485 
80340129 
81360315 
81486723 
78833059 
80787161 
84423237 
78417523 
79747002 
80280002 
82223365 
81049634 
79913153 
83904062 
80043632 
81945839 
83200046 
78050952 
80343198 
79372513 
78550249 
81486525 
77000843 
78669127 
81742548 
77742374 
79294978 
77543974 
81098551 
79073160 
77009688 
80204020 
76898588 
79425710 
81646391 
76994990 
78469970 
77405235 
79617542 
79667042 
76985127 
80728236 
77669142 
78943111 
80311758 
76724117 
79048793 
76501588 
81193825 
78916654 
77701931 
79322622 
82710913 
77558181 
80624307 
77038623 
80457138 
77142967 
80308098 
81743872 
76769249 
79959363 
77003605 
80671924 
81405101 
77698165 
80529405 
77637348 
82629136 
80725776 
76713630 
82579155 
78585214 
80743578 
81083252 
76790146 
80126191 
80644712 
78366361 
82835740 
78700626 
80210867 
79031554 
79862422 
80129272 
76150769 
80207730 
82060323 
78094317 
80229920 
79477098 
83604104 
79597634 
77086217 
80070749 
80375786 
77251322 
77030054 
78067380 
79894220 
79964206 
76120956 
79173637 
76870744 
77737062 
82436262 
76674690 
78999809 
76853911 
79786943 
77558418 
77733999 
77924679 
77788137 
79801244 
79122691 
76530326 
79230582 
76770230 
80734372 
79271810 
77451598 
79910473 
75938451 
80299416 
78800700 
76999594 
81920725 
77138139 
80047374 
76035192 
85854552 
79419064 
77294817 
79766033 
78144362 
80463597 
81571256 
76875435 
80992178 
76814308 
80367626 
79883780 
78075981 
79739364 
81222479 
77628345 
80407055 
78561347 
80105854 
79625898 
77031644 
82881104 
78380512 
79553752 
81401464 
75871111 
81965651 
76259160 
79283843 
81129500 
76489361 
81355991 
76068813 
80693812 
79577898 
77815615 
78974787 
77943585 
79933378 
84788139 
76747129 
82490064 
79879028 
75569974 
80925113 
78426022 
79619004 
80553576 
76224258 
80959169 
76523604 
79907178 
82478178 
77304287 
78833624 
77575574 
81259774 
79762477 
76745466 
79091762 
75685707 
80055661 
79781712 
78495605 
78047237 
77109742 
79304465 
79569387 
77678260 
80450608 
75216976 
81356181 
78044614 
76627881 
79549701 
76996716 
80973866 
78734986 
79102474 
82343869 
78841648 
81338390 
80572419 
78291890 
81517046 
78178193 
78814985 
81675824 
77656153 
80279772 
79322619 
79088927 
79048576 
77032046 
81011529 
79982431 
77112509 
77532346 
78565179 
79567683 
81123826 
75565471 
82335625 
77690697 
81214570 
79150957 
80450992 
81014914 
79958414 
79218586 
80360349 
78069870 
79220786 
78469278 
82708574 
83185213 
78006620 
79293083 
86611771 
78860275 
80894980 
78364202 
80633753 
81598444 
76005574 
82069375 
78699507 
80381703 
78953803 
79864890 
79608531 
83758364 
77197823 
81414284 
78948173 
80526499 
80916308 
78105744 
80893656 
76873684 
81967725 
81356475 
77891654 
79007569 
77970450 
81474910 
80354231 
76457909 
79775518 
76970489 
80536313 
81230805 
75347258 
81557872 
78115110 
79088859 
80052457 
80696748 
78914549 
80567918 
