9279408 
9272142 
9269581 
9233941 
9227913 
9227831 
9222308 
9218875 
9203705 
9190615 
9145488 
9142923 
9138491 
9098999 
9082833 
9075264 
9070334 
9068184 
9048023 
9046851 
9032388 
9030102 
9023180 
9012644 
9009620 
9008556 
8993158 
8973957 
8949438 
8942201 
8925063 
8920802 
8907954 
8905958 
8901333 
8887941 
8881817 
8870198 
8841348 
8836514 
8822121 
8817443 
8806937 
8800108 
8793433 
8776874 
8775297 
8767490 
8767230 
8755801 
8738538 
8727989 
8724068 
8722846 
8697487 
8650536 
8643077 
8632533 
8632061 
8624385 
8603969 
8593314 
8591113 
8585610 
8577268 
8575393 
8565403 
8563557 
8563417 
8562987 
8561538 
8560726 
8559926 
8559207 
8550800 
8534936 
8531685 
8527312 
8525913 
8525801 
8525102 
8521959 
8516848 
8516827 
8513024 
8512479 
8512255 
8507002 
8495207 
8486517 
8483288 
8480706 
8480258 
8471768 
8469039 
8466110 
8464461 
8462909 
8459354 
8458455 
8457814 
8452436 
8444713 
8444165 
8443585 
8442612 
8441582 
8439786 
8438423 
8437300 
8434047 
8424386 
8424049 
8422310 
8414300 
8413586 
8408127 
8406710 
8402127 
8400695 
8399391 
8394951 
8392757 
8388611 
8387957 
8387245 
8387067 
8386945 
8385900 
8382414 
8378343 
8378193 
8373584 
8372803 
8372707 
8371713 
8365199 
8363871 
8363527 
8362392 
8358087 
8355141 
8355138 
8353072 
8353016 
8351476 
8350655 
8350195 
8349923 
8346524 
8343787 
8342946 
8337049 
8335983 
8331812 
8328587 
8325133 
8324831 
8321536 
8321149 
8319570 
8319066 
8317770 
8312535 
8312412 
8305907 
8305706 
8305291 
8304863 
8304181 
8302543 
8292890 
8292478 
8292368 
8292098 
8291248 
8287680 
8285540 
8282668 
8280855 
8280481 
8280422 
8279996 
8277514 
8276685 
8275336 
8274041 
8273154 
8273092 
8272208 
8271340 
8270282 
8266360 
8262956 
8261189 
8259830 
8258523 
8258418 
8256046 
8254764 
8253873 
8253471 
8251636 
8251427 
8251421 
8250203 
8247060 
8246209 
8244452 
8243072 
8241320 
8238789 
8238470 
8231632 
8231550 
8228211 
8227696 
8227018 
8226421 
8224625 
8224115 
8222323 
8221767 
8219502 
8218074 
8217593 
8216803 
8216572 
8216396 
8215816 
8215435 
8214615 
8213624 
8213306 
8213225 
8212867 
8209888 
8208680 
8208382 
8207161 
8206901 
8205092 
8200514 
8199270 
8196917 
8196898 
8194072 
8192498 
8190547 
8188230 
8187747 
8187370 
8186377 
8186099 
8185221 
8183749 
8182303 
8181932 
8180772 
8180691 
8179778 
8178920 
8178122 
8177801 
8177787 
8175059 
8175009 
8174687 
8173261 
8170793 
8170447 
8169940 
8165611 
8164303 
8161131 
8160003 
8159710 
8157842 
8157434 
8151750 
8150553 
8147268 
8146784 
8142292 
8134655 
8134457 
8133678 
8133344 
8133141 
8132095 
8131893 
8131307 
8131138 
8130839 
8127357 
8126791 
8126546 
8125091 
8125017 
8124356 
8124013 
8123920 
8119060 
8118743 
8116561 
8116560 
8115828 
8113652 
8112644 
8111765 
8111319 
8110601 
8110172 
8110002 
8109067 
8107954 
8106533 
8106002 
8105526 
8104310 
8103951 
8102312 
8101722 
8100400 
8099504 
8099162 
8098465 
8093910 
8093692 
8089318 
8087554 
8087452 
8086597 
8086207 
8085953 
8085725 
8085405 
8085108 
8084166 
8083997 
8082831 
8082360 
8081373 
8080554 
8079983 
8079357 
8077967 
8077803 
8077025 
8075357 
8075313 
8074931 
8074289 
8074143 
8073707 
8073175 
8072510 
8069981 
8069274 
8068326 
8068025 
8065643 
8062777 
8062337 
8058232 
8057216 
8056680 
8055652 
8055113 
8052893 
8052388 
8051412 
8051045 
8050614 
8049938 
8049894 
8049117 
8048225 
8046137 
8041863 
8040502 
8040308 
8038172 
8036256 
8034135 
8033894 
8033844 
8033135 
8031143 
8029764 
8029239 
8028906 
8028821 
8027753 
8026939 
8026659 
8025909 
8025258 
8024846 
8024104 
8023479 
8022886 
8021972 
8020923 
8020886 
8020127 
8019485 
8017819 
8017573 
8016981 
8016550 
8014205 
8014152 
8013741 
8013605 
8009747 
8006055 
8005821 
8004719 
8004036 
8002875 
7998040 
7993478 
7992373 
7991165 
7990016 
7989509 
7989434 
7988877 
7988303 
7985995 
7983687 
7982623 
7982179 
7981790 
7981127 
7980704 
7980612 
7980326 
7980192 
7979715 
7979332 
7976950 
7976786 
7976214 
7974556 
7974023 
7973636 
7971244 
7970731 
7968616 
7967683 
7961583 
7959021 
7958437 
7958242 
7956733 
7956630 
7956216 
7955794 
7955467 
7951553 
7951498 
7949531 
7949354 
7947979 
7947903 
7947301 
7944683 
7938590 
7936799 
7936477 
7936173 
7935073 
7930313 
7924772 
7922084 
7921870 
7920616 
7920384 
7919113 
7915810 
7914225 
7913656 
7912818 
7910854 
7908610 
7906338 
7905654 
7902911 
7902631 
7901058 
7899726 
7897375 
7893860 
7887690 
7886657 
7884390 
7883677 
7880747 
7879921 
7877934 
7876299 
7871322 
7871065 
7870057 
7859322 
7858014 
7856837 
7844907 
7842611 
7841777 
7837861 
7836472 
7831372 
7830303 
7829722 
7828856 
7821159 
7815937 
7813644 
7810390 
7809454 
7807224 
7803629 
7802556 
7799138 
7797549 
7793300 
7787150 
7782894 
7782528 
7782011 
7776891 
7775590 
7766740 
7764241 
7763304 
7761310 
7757223 
7753795 
7749826 
7742246 
7741970 
7741122 
7736966 
7734522 
7734232 
7728033 
7725421 
7719917 
7712233 
7694482 
7689343 
7681306 
7680614 
7679263 
7672074 
7661024 
7656697 
7654479 
7643875 
7639891 
7638210 
7637410 
7637222 
7636124 
7633414 
7627304 
7618075 
7617398 
7615020 
7613782 
7611706 
7610382 
7610036 
7609967 
7600622 
7592041 
7587309 
7583692 
7579439 
7577496 
7574915 
7573546 
7573494 
7567798 
7563432 
7563350 
7560841 
7553227 
7549248 
7545335 
7543703 
7543132 
7542629 
7542031 
7541220 
7540793 
7538629 
