16821 
6249 
6438 
6717 
6708 
6657 
6615 
6612 
6648 
6696 
6888 
6705 
6891 
7029 
6720 
6876 
7137 
6825 
6819 
6681 
6726 
6957 
6969 
6849 
6699 
6909 
6834 
6690 
6873 
6948 
6687 
6966 
6645 
6621 
6798 
6903 
6666 
6675 
6627 
6708 
6753 
6861 
6747 
6816 
6846 
6651 
6831 
6660 
6687 
6612 
6690 
6615 
6648 
7047 
6615 
6681 
6900 
6954 
6849 
6816 
7017 
6666 
6978 
6687 
6762 
6756 
6792 
6693 
6654 
6639 
6633 
6645 
6630 
6630 
6654 
6645 
6900 
6624 
6630 
6861 
6627 
6828 
6729 
6627 
6768 
6897 
6675 
6669 
6633 
6633 
6633 
6618 
6834 
6813 
6660 
6636 
6690 
6648 
6618 
6696 
6663 
6825 
6648 
6645 
6705 
6699 
6744 
6660 
6657 
6630 
6810 
6903 
6810 
7005 
6783 
6651 
7257 
6636 
6663 
6633 
6669 
6777 
6837 
6618 
6660 
50320 
7311 
6663 
6570 
6666 
6567 
6531 
6540 
6525 
6879 
6498 
6624 
6717 
6540 
6609 
6603 
6546 
6516 
6546 
6648 
6552 
6687 
6537 
6522 
6564 
6480 
6816 
6915 
6732 
6603 
6531 
6528 
6594 
6549 
6783 
6528 
6495 
6576 
6756 
6879 
6498 
6771 
6660 
6678 
6591 
6618 
6735 
6498 
6813 
6933 
6954 
6771 
6570 
6723 
6693 
6765 
6870 
7197 
6513 
6564 
6555 
6519 
6492 
6621 
6612 
6945 
6825 
6564 
6936 
6909 
6765 
6882 
6621 
6558 
6630 
6528 
6549 
6522 
6459 
6609 
6594 
6561 
6879 
6717 
7020 
6579 
6528 
6525 
6576 
6594 
6540 
6516 
6612 
6522 
6603 
6546 
6735 
6558 
6558 
6543 
6555 
6528 
6519 
6618 
6621 
6867 
6735 
6534 
6825 
7080 
9123 
8874 
8934 
8931 
9276 
12390 
14400 
8832 
8067 
8595 
8925 
8802 
8895 
9468 
8922 
6744 
6513 
6570 
6807 
6549 
6531 
6567 
6522 
6951 
6738 
6519 
6552 
6723 
6588 
6711 
6828 
6540 
6678 
6585 
6552 
6693 
6519 
6588 
6603 
6567 
6624 
6498 
6771 
6606 
6843 
6579 
6720 
6579 
6969 
6546 
6519 
6675 
6576 
6573 
6672 
6570 
6489 
6498 
6612 
6603 
6519 
6519 
6558 
6729 
6618 
6597 
6792 
6495 
6684 
6804 
6849 
6876 
6747 
6615 
6771 
6546 
6567 
6495 
6594 
6570 
6141 
8824 
6069 
6924 
6615 
6489 
6762 
6525 
6591 
6531 
6543 
6726 
6519 
6933 
6702 
6648 
6525 
6531 
6633 
6537 
6720 
6540 
6519 
6606 
6549 
6540 
6534 
6558 
6609 
6540 
6549 
6531 
6510 
6636 
6588 
6576 
6513 
6591 
6885 
6558 
6633 
6540 
6528 
6609 
6555 
6579 
6576 
6525 
6792 
6573 
6549 
6531 
6534 
6612 
6711 
6669 
6654 
6525 
6591 
6684 
6540 
6534 
6561 
6834 
6567 
6573 
6525 
6534 
6615 
6615 
6768 
6516 
6516 
6675 
6558 
6531 
6564 
6531 
6627 
6546 
6669 
6630 
6525 
6594 
6555 
6525 
6528 
6690 
6861 
6711 
6552 
6555 
6525 
6615 
6579 
6759 
6537 
6522 
6636 
6591 
6621 
6585 
6576 
6753 
6579 
6645 
6600 
6549 
6603 
6567 
6537 
6489 
6597 
6741 
6558 
6522 
6516 
6519 
6663 
6537 
6729 
6531 
6546 
6609 
6834 
6576 
6909 
6573 
6870 
6918 
6783 
6621 
6747 
6648 
7014 
6687 
6642 
6513 
6636 
6771 
6900 
6933 
6753 
6999 
6741 
6756 
6825 
6771 
6864 
6780 
6900 
6738 
7074 
6660 
6546 
6621 
6558 
6537 
6621 
6573 
6513 
6510 
6471 
6612 
6801 
6555 
6732 
6807 
6636 
6801 
6762 
6573 
6750 
6939 
6582 
6957 
6891 
6774 
6612 
6834 
6576 
6909 
6543 
6984 
6594 
6561 
6612 
6561 
6609 
6531 
6651 
6519 
6519 
6618 
6534 
6552 
6528 
6996 
6636 
6561 
6540 
6771 
6552 
6825 
6855 
6597 
6909 
6543 
6993 
6534 
6525 
6516 
6564 
6582 
6534 
6549 
6510 
6528 
3666 
64 
6183 
6549 
6813 
6684 
6546 
6525 
6516 
6615 
6570 
6516 
6630 
6720 
6714 
6582 
6528 
6501 
6627 
6609 
6555 
6540 
6513 
6720 
6831 
6843 
6807 
6858 
6654 
6585 
6600 
6543 
6522 
6522 
6714 
6582 
6528 
6501 
6627 
6609 
6531 
6561 
6531 
6504 
6588 
6708 
6534 
6522 
6522 
6606 
6537 
6780 
6663 
7101 
6555 
6558 
6513 
6534 
6522 
6792 
6984 
6522 
6501 
6492 
6597 
6636 
6642 
6930 
6531 
6624 
6741 
6852 
6546 
6663 
6609 
6546 
6534 
6765 
6810 
7032 
6768 
6777 
6573 
6777 
6921 
6549 
6804 
6750 
6876 
6915 
6621 
7047 
6546 
6522 
6738 
6594 
6525 
6531 
6573 
6618 
6534 
6555 
6525 
6525 
6810 
6582 
6567 
6612 
6507 
6636 
6564 
6531 
6528 
6540 
6609 
6546 
6585 
6579 
6471 
6951 
6570 
6807 
6933 
6591 
6789 
6582 
6723 
6519 
6540 
6579 
6576 
6549 
6528 
6543 
6600 
6567 
6552 
6531 
6510 
6642 
6582 
6495 
6525 
6516 
6642 
6615 
6516 
6507 
6546 
6609 
6603 
6630 
6582 
6711 
6729 
6927 
6750 
6666 
6516 
6633 
6906 
6570 
6579 
6507 
6705 
6867 
6588 
6603 
6873 
6855 
6777 
6747 
6918 
6894 
6693 
6591 
6519 
6519 
6579 
6582 
6717 
6564 
6543 
6546 
6612 
6576 
6732 
6555 
6786 
6813 
6912 
6729 
6597 
6534 
6567 
6705 
6549 
6522 
6522 
6711 
6573 
6540 
6504 
6498 
6636 
6624 
6498 
6573 
6549 
6633 
6555 
2560210 
8379 
6798 
6615 
6801 
6726 
6819 
6768 
6873 
6546 
6831 
6669 
7023 
6828 
6636 
6666 
6570 
6687 
6609 
6765 
6822 
6726 
7059 
6768 
6546 
6870 
6918 
6579 
6633 
6621 
6537 
6519 
6597 
7023 
6630 
6597 
6546 
6546 
6591 
6555 
6813 
6564 
6558 
6654 
6795 
6618 
6852 
6780 
6729 
6687 
6843 
7050 
6588 
6645 
6711 
6576 
6531 
6561 
6609 
6534 
6588 
6534 
6543 
6843 
6654 
6534 
6855 
6648 
6960 
6747 
6543 
7065 
6609 
6840 
6810 
6738 
6618 
6786 
7023 
6606 
6558 
6600 
6525 
6576 
6636 
6567 
6486 
6513 
6936 
6546 
6519 
6774 
6960 
6867 
6804 
6666 
6576 
6564 
6630 
6579 
6702 
6501 
6582 
6873 
6846 
6627 
6531 
6654 
6798 
6732 
6621 
6531 
6543 
6579 
6585 
6507 
6879 
6549 
6639 
6594 
6546 
6534 
6474 
6891 
6801 
6876 
6939 
6597 
6687 
6531 
6675 
6579 
6531 
6582 
6519 
6678 
6552 
6528 
6633 
6720 
6525 
6597 
6834 
6696 
6522 
6576 
6564 
6630 
6612 
6582 
6591 
6531 
6744 
6978 
6513 
6513 
6588 
6534 
6618 
6492 
6681 
6777 
6528 
6582 
6708 
6561 
6537 
6564 
6633 
6597 
8511 
4856 
6108 
6660 
6720 
6582 
6747 
6957 
6912 
6909 
6921 
6597 
6915 
7026 
6801 
6561 
6519 
6543 
6633 
6570 
6606 
6522 
6516 
6804 
6624 
6726 
6591 
6519 
6609 
6771 
6750 
6810 
7017 
6693 
6783 
6534 
6588 
6711 
6819 
6840 
6600 
6903 
6564 
6660 
6882 
6810 
6624 
6675 
6714 
6849 
6606 
6906 
7005 
6933 
6615 
6837 
6882 
7122 
6966 
6633 
6534 
6684 
6747 
7011 
6735 
6582 
6534 
6555 
6879 
6588 
6681 
6951 
6897 
6627 
6573 
6906 
6678 
6627 
6642 
6579 
6561 
6576 
6747 
6819 
6543 
6630 
