84678192 
85295838 
85694189 
82520128 
83935336 
85339985 
82503388 
84334807 
86041047 
80260864 
83458869 
83830341 
84676812 
85107366 
81454351 
84056469 
84666641 
82480383 
84294099 
84474903 
80419006 
83573495 
81388792 
83646818 
84556189 
81343821 
89503880 
81055924 
75733762 
78866880 
80704780 
74892801 
79551378 
76485028 
77992790 
76345663 
79471670 
78126188 
75952278 
79207273 
75212673 
79973039 
78825778 
75800730 
79361768 
75607741 
79587623 
80223713 
77297559 
78523505 
78478816 
76551338 
78782067 
72683998 
81533312 
82028182 
78589624 
81606316 
79496824 
81843215 
82073350 
78928793 
82182634 
78437044 
83714375 
81541031 
82773131 
80223576 
83041036 
79539852 
80510481 
81345356 
80906193 
81779051 
81215782 
80413576 
80659962 
73248271 
79887051 
77911728 
83483807 
79694040 
81131315 
81969534 
81005257 
82549941 
79686343 
78954169 
82996914 
79467726 
80686755 
83582762 
77497394 
81374686 
82577130 
79319330 
82845674 
77333754 
82876996 
81204347 
79142084 
81454528 
79302909 
81495288 
81764603 
83162959 
80642054 
82900722 
81920236 
83410252 
80312945 
78287599 
83902514 
80728353 
80932938 
82569570 
81542758 
82807070 
80760252 
83860808 
82580033 
78642043 
85035389 
82299266 
78282877 
84580076 
84802339 
80044270 
83322504 
80580386 
80885135 
84046798 
80176027 
81966685 
80500445 
81404702 
84304892 
80805118 
82259801 
83203068 
80501849 
81804763 
78927787 
87718222 
84276804 
80647181 
82405431 
83365106 
83314571 
81585664 
83865908 
80499796 
82276755 
80220682 
82896826 
82553046 
78061480 
83276709 
83752795 
79128119 
83324579 
79345441 
83164804 
86254559 
80042441 
81495734 
81698386 
79046401 
80690798 
79628051 
82818885 
80047523 
80218906 
83263860 
78854430 
82144422 
84352874 
78967674 
84471648 
81323710 
80542937 
85600223 
80510035 
80922297 
81980471 
79214758 
83932746 
81478255 
80474162 
82567991 
79360793 
82888366 
79997372 
81141697 
82885847 
81410872 
80911912 
79944026 
83299870 
79241311 
82182444 
79976527 
82262918 
83118766 
80570860 
81350337 
79292346 
83304366 
82743249 
80985639 
81170028 
83238666 
77515966 
81355188 
80341146 
81800969 
82703375 
77926047 
81908976 
87380368 
80491791 
81346253 
80058947 
80601072 
82443095 
80270965 
81845571 
77717656 
81717977 
82030969 
78927107 
81717543 
80317012 
78427325 
83510379 
78864846 
80579824 
81660396 
81442022 
80858126 
78426034 
82693009 
81602777 
76281717 
82412334 
81198508 
77850599 
79665485 
79461854 
79894409 
81117893 
77352282 
79087278 
77846935 
82080091 
78045325 
78754785 
79820834 
81338445 
79275437 
79811085 
75942213 
81816615 
80516789 
76133840 
79776741 
76744355 
79249295 
75351022 
81708157 
79188750 
76695756 
77993384 
79022423 
80053331 
79795672 
76577656 
80383602 
79878323 
75516180 
80831969 
79201216 
79573766 
80219936 
78068116 
81291376 
77533263 
79312707 
80474384 
75936920 
82581737 
78288207 
79596683 
81446948 
75694814 
81526771 
77971340 
80567794 
80132884 
76079277 
80644438 
79898043 
80077359 
81916475 
77390083 
79970189 
78942523 
78775930 
82949355 
78058338 
81122449 
76954917 
80932101 
79428304 
78545259 
80570714 
76642144 
79452608 
81910015 
77117087 
79679915 
77434459 
80809411 
79404433 
79486744 
79175922 
77581012 
80831589 
80592354 
77329827 
80980344 
77771389 
82468257 
81170076 
76001533 
81595057 
78500526 
85261649 
79885220 
77109291 
81224061 
76747398 
80510964 
81822945 
76620701 
80140276 
80805717 
77478011 
80997407 
75991041 
81688058 
80146182 
77179667 
80674101 
78822939 
80815808 
79338327 
79486767 
79813535 
80270252 
77137457 
80711828 
76267870 
80541619 
77626319 
81236173 
79891826 
77564741 
81740850 
79758991 
77601246 
81293838 
78161941 
78179805 
81431242 
78063796 
86089354 
77526804 
81440462 
88630676 
79476230 
80491633 
88585567 
81310361 
81089320 
76264693 
80781286 
82141594 
75755461 
81088318 
79591507 
81129164 
81067732 
78797742 
82800650 
81539575 
76951232 
80559911 
78575428 
79414657 
81740542 
77357213 
81002696 
76399246 
81705461 
80980590 
76186544 
81747233 
80228171 
80008856 
80732681 
76699318 
82327115 
79012081 
78272468 
84016794 
80350910 
81142167 
81419629 
77798205 
81212366 
82553897 
78504165 
82646685 
81437863 
82422089 
82598340 
79412467 
81541443 
79718763 
79983113 
83722599 
78378685 
75419656 
78179811 
82157106 
81805388 
79528504 
80101376 
83252732 
79782897 
81238319 
79667337 
80872058 
82167917 
77871445 
83087656 
78137981 
82393390 
81224501 
78635556 
80052413 
78610741 
78977756 
84736811 
79144370 
81488138 
76270020 
81758645 
80054049 
78651974 
81062073 
80493707 
78653124 
80062257 
77953747 
79448418 
82310324 
76732708 
81086412 
80804645 
80018616 
80000692 
76410572 
79734258 
79112537 
81341721 
79633555 
76947266 
79608910 
80605950 
76180698 
81351520 
77935730 
79066834 
77877220 
83323248 
80650490 
76798739 
80744033 
81413515 
77263808 
81061578 
82454270 
80910890 
80925921 
76900002 
80765939 
82957897 
75370786 
81624622 
78714839 
79575651 
81270944 
76227729 
81270512 
76309798 
80725775 
82230119 
76625025 
80242640 
77680694 
80557197 
81676901 
76973829 
80559383 
77756963 
80837474 
80710577 
79029982 
79012863 
78533201 
80420098 
80124194 
77599112 
79395774 
80484713 
78271749 
78984230 
77985900 
79337304 
80886575 
82020630 
81034591 
70793403 
74054961 
79019570 
78524673 
79339742 
79465082 
79020809 
82192551 
77899187 
78970672 
78479384 
79038535 
82546103 
77515769 
79254389 
77804479 
81172526 
81208457 
78063381 
78929711 
79710461 
79342142 
82071267 
78061531 
78853348 
81056031 
79452929 
80178659 
77183581 
80870476 
81073915 
78868733 
80158736 
82265796 
77437712 
78537808 
79894085 
84762568 
82727503 
73621505 
81512701 
76299284 
81545308 
77902699 
80095501 
82816243 
75348718 
81882937 
79466066 
78973654 
78835193 
79504899 
79996256 
81626468 
77034970 
80972793 
79951984 
80826616 
80163740 
80500229 
82251642 
77039050 
81641539 
82941401 
79027980 
81046857 
77830612 
83347987 
80469352 
78278315 
81392557 
81933443 
78127587 
80554157 
79927298 
82129854 
86791153 
78536720 
80724933 
84540984 
77528775 
82696959 
78822986 
81480526 
82431991 
77942533 
81547451 
83210040 
80094309 
81548577 
78657661 
83694442 
82094575 
78328071 
79123035 
78590210 
82060055 
81731217 
78119816 
81008317 
83234304 
78717208 
80563014 
78564650 
83701773 
82197253 
79383731 
81666806 
79920114 
78643198 
81544907 
79451728 
83221991 
82373907 
78512151 
85095920 
79315966 
83203722 
80855790 
80170047 
80658943 
79985185 
81840848 
82096578 
79217168 
81568189 
82839725 
77446020 
82357983 
83327908 
76147112 
79423962 
78163092 
81761934 
80076704 
79117280 
82117142 
77775544 
79312109 
80736143 
77950858 
80498227 
77872958 
80709405 
80776132 
77552820 
78559731 
79038257 
78705085 
80703115 
77585187 
80320952 
77936003 
81876047 
84355914 
78158677 
79653584 
82048370 
78711289 
82972239 
78882027 
79641768 
83306464 
79278018 
82622916 
79579035 
79979003 
84064250 
78369450 
80636721 
78389906 
79662063 
81796979 
78153624 
79963221 
79631136 
79357337 
81138337 
77405250 
80631962 
80370585 
77844092 
80050907 
80322646 
80823733 
79619812 
75779059 
79480705 
77447396 
79673217 
81222219 
76741202 
79205757 
82538673 
78114807 
80281927 
76199933 
80062400 
80421829 
76728656 
79591215 
76638165 
79685621 
79673670 
76968360 
79422117 
77266823 
77472440 
82283139 
75310222 
82193315 
77261443 
78404555 
77819689 
82157745 
80879942 
78039538 
79284574 
81596768 
77247766 
80196724 
77682823 
81477291 
75358572 
82432767 
79676207 
76882267 
78736575 
79155252 
82924557 
79841776 
80253375 
88857111 
79762522 
77295695 
80856786 
78984832 
80546864 
81148026 
76515043 
81243325 
77730857 
79573634 
81175955 
77329620 
79990509 
79183719 
76493258 
81440307 
77118714 
81302142 
78794530 
77733110 
80743251 
77892259 
81159072 
81418799 
77507922 
78875991 
78213191 
81242978 
80932751 
78609789 
81151617 
77691316 
79093453 
80206301 
78412602 
78035361 
79478099 
80808293 
84824723 
69538070 
78888565 
79557370 
79231593 
81515636 
78293089 
78785145 
77494579 
81283792 
80118046 
79339827 
79305888 
81210109 
75178008 
80120104 
79480849 
80021142 
79253841 
77621956 
81402708 
76015577 
81481375 
78366239 
76799699 
79456707 
80802098 
77663637 
78900893 
77408131 
80216886 
80865338 
77542768 
78638787 
78082495 
81593821 
79756016 
77579402 
79866089 
77714853 
84310394 
80229822 
78754056 
79165196 
79215127 
80137011 
78936378 
78796554 
78758897 
78593816 
76871426 
82931008 
75144703 
81521816 
78281967 
79615099 
79982778 
77149140 
80226679 
75875340 
80329605 
81145807 
77218622 
77987593 
81813644 
75054123 
81734585 
76301976 
81050586 
75368668 
79684685 
81842165 
77701662 
79825248 
79794149 
77426250 
79888317 
76519197 
80191058 
83319708 
77329183 
80541709 
78576672 
80567277 
79891592 
80270910 
79513047 
80261549 
81659559 
79828322 
80491430 
80597125 
79159174 
80112367 
83361660 
78564912 
81533098 
78142263 
84149625 
81516531 
77386512 
81328029 
79085780 
81916596 
80309092 
79783348 
82240606 
82857948 
79228023 
80957326 
80633188 
79781662 
82771992 
79360885 
80943048 
79326922 
80324759 
82540823 
80579955 
80402715 
81821717 
77596654 
78373444 
78895535 
80860519 
79227347 
76860642 
79716422 
78791326 
80524727 
80460806 
75963976 
80610553 
76372381 
79634377 
78550161 
77170014 
81294066 
77464991 
79771769 
79836417 
76648376 
79929651 
77898910 
80384003 
79848435 
79094710 
78796299 
80647941 
77911427 
80460852 
77423588 
80550860 
82398822 
78235488 
81312168 
79069618 
88325980 
79554371 
78738464 
81806355 
82626046 
80321579 
80770775 
79196694 
81873201 
81444682 
79946025 
81587642 
78554520 
82647272 
80613578 
79025426 
82533706 
83656660 
79140353 
83102683 
77923445 
81274879 
82046635 
77506463 
82997913 
81248671 
76751018 
80820271 
79340138 
78579162 
81806388 
77305094 
80421073 
79839691 
80559869 
79595342 
75908423 
81967821 
83471253 
85861727 
84355339 
83254462 
84825631 
84586022 
81599199 
82764099 
85535757 
80206922 
83304032 
81918732 
81264415 
85210390 
80753145 
89398534 
83092971 
81567957 
83811658 
82437429 
82035565 
83778851 
81223943 
82779804 
82823184 
79719407 
84626478 
82947443 
79462442 
82970803 
80081955 
83259526 
84712945 
79967517 
82709683 
82650909 
81193527 
82329032 
81106753 
85498290 
82838799 
80386803 
82879136 
83352904 
79781126 
83849026 
78951288 
82535229 
82746672 
79979260 
81594436 
82981570 
78753664 
85285908 
84743540 
77933954 
82126502 
80047659 
83001398 
79809951 
78826089 
82293296 
73764782 
77093343 
84187127 
78546517 
84247094 
82600892 
78208009 
83431466 
78943612 
83001481 
83225311 
79568228 
83450470 
82059395 
79003232 
82457424 
78773994 
82514929 
82641570 
79709980 
83612529 
77404344 
81086282 
82327097 
79887165 
84789499 
81839878 
79297235 
81442586 
85667416 
77646478 
83552234 
79553075 
81954638 
80251774 
81212188 
82201998 
79919143 
81630150 
81467566 
79370163 
81463627 
81909174 
79640325 
80438174 
80384653 
81208293 
81587767 
77680784 
83507839 
77387948 
81623984 
82044581 
83377596 
82083424 
80841491 
81039337 
82189925 
78514459 
82151300 
80127105 
80957100 
81390537 
79629707 
81475504 
81232714 
79056875 
80130890 
83118801 
77354470 
81592654 
79357642 
82217519 
79956473 
80776333 
80524904 
82487461 
77186135 
83023544 
77531002 
83271723 
79979792 
79221628 
83159079 
79169038 
79067815 
81359239 
80177223 
82225762 
77386841 
82161645 
80973464 
79045123 
80507499 
79710349 
82015470 
81446142 
79257676 
82613406 
81294498 
77898181 
82627527 
77711733 
82030062 
82388218 
78060881 
86919378 
78481089 
80293633 
82367711 
77385544 
82847894 
83029311 
79656103 
81062441 
78075538 
81916112 
81237258 
80227622 
80358109 
79002902 
81436161 
81492579 
80144109 
80062946 
82316678 
79237992 
80759052 
80760016 
82336125 
79971071 
79907470 
81304827 
81528999 
77657397 
82540818 
77717320 
80509450 
80430022 
78708544 
80893349 
78813576 
80998298 
81652785 
81814596 
84334133 
81021125 
79705043 
80372979 
77355394 
79771081 
81589602 
79947259 
80572557 
77685457 
81876503 
82381944 
77215498 
80814141 
85491935 
77935742 
80442870 
78310330 
81863272 
82731598 
78450416 
79346348 
83428713 
76640484 
81632439 
78826122 
82589401 
81356997 
77905129 
79646213 
79423909 
79194022 
82489725 
77012469 
81893456 
76645783 
80903431 
82818149 
77609458 
83895841 
84735230 
78630096 
82097893 
78161476 
83740082 
84720173 
80671308 
82142874 
83063275 
77461460 
83891660 
79403822 
82261942 
83144558 
79656249 
82009591 
83002280 
79821676 
80738440 
81776931 
83313419 
79800918 
80781688 
79223653 
80035555 
82641767 
79939478 
79878961 
81160534 
76750807 
83037650 
81178659 
78555878 
80453272 
78563248 
80351846 
80273948 
82516882 
78924777 
80527421 
77572779 
80980326 
77298927 
80842978 
80763327 
77215723 
80201516 
78149071 
80580427 
77664938 
77056219 
84496001 
82167295 
75841041 
79094287 
79714826 
78330839 
82341162 
78268936 
79292487 
79720366 
80836399 
80446975 
78845658 
79962399 
77712729 
82653708 
80531811 
77238181 
80047698 
77573716 
80016427 
80886215 
78030459 
79198937 
78845324 
78912095 
86600122 
78312120 
79957809 
81184588 
78177083 
81501463 
78156978 
80339004 
80467053 
78202389 
80378796 
77253024 
81982118 
81106274 
75341653 
82598542 
77543305 
76451090 
81130853 
76807940 
81745842 
80108083 
77666976 
82379627 
76731388 
80790637 
80790469 
78046258 
80441871 
78452097 
81531489 
79806119 
77572552 
81485489 
76829901 
80716684 
82357684 
78369487 
81513007 
82310468 
80303838 
79941495 
78570026 
82043835 
79924539 
78633649 
82754253 
77438905 
83373231 
81798599 
77199143 
81694248 
81550947 
79485044 
83128770 
78383985 
83030258 
83843272 
79206734 
80637363 
82970738 
80893787 
80576151 
81270823 
80810741 
82155439 
80108652 
83186638 
82054262 
79498635 
79767131 
80631615 
81527007 
84019247 
79937575 
80110970 
83848579 
82289448 
72364790 
70036681 
73793627 
69778420 
79274188 
74323143 
71408461 
78434183 
80339945 
81673634 
81999522 
78778989 
81004201 
76670858 
80565602 
82776812 
78483264 
80698935 
78931388 
79060620 
81138201 
79593954 
81519054 
76858882 
83254939 
81281754 
78383805 
81347550 
83073182 
77889670 
80752770 
78731952 
80827965 
81870688 
78006164 
80157192 
78778202 
83057570 
78590656 
84876837 
80770848 
82197337 
78936202 
78718137 
79103304 
81953718 
79338586 
78189386 
82492393 
78526699 
82303007 
79608796 
79413146 
81508126 
71095375 
74162962 
70570174 
72795368 
71819293 
71155779 
75340339 
70934174 
74046538 
71047209 
74369876 
72503654 
73555041 
75145412 
72704927 
74082206 
72348664 
74736455 
72250626 
76691739 
75452338 
72400072 
72850418 
72105415 
75333088 
72019479 
81732895 
76013351 
73095589 
76709423 
74077389 
76278808 
73949367 
77272340 
76005643 
74513785 
74815173 
76345161 
76660146 
74417532 
76200061 
77447838 
73118341 
78056578 
74602658 
79416123 
77862514 
74543862 
77362102 
75384681 
76249907 
75007711 
78671248 
76584108 
75880434 
77402105 
73969580 
77618592 
74187872 
77148284 
77848454 
74859117 
76993492 
75895528 
77812256 
79198235 
70404010 
76305108 
70274759 
77203921 
81138630 
79838800 
83980890 
80671671 
82689144 
83611956 
80844722 
84967831 
81718099 
83527955 
83012322 
81586168 
83659685 
85921061 
79946889 
83860848 
88657899 
83437150 
85350457 
84542348 
81102488 
83932315 
86601548 
81068241 
83888341 
81070699 
83161787 
83549748 
81192685 
82877635 
82552245 
82620497 
82827539 
79031498 
84165217 
88055915 
81251886 
82402972 
85435160 
80448001 
83357130 
83406284 
81048894 
82619279 
82022543 
83095268 
82698020 
80489432 
79515830 
82372972 
78589389 
82579895 
76246813 
80965819 
83694300 
80106489 
80363420 
83429724 
79682724 
81551076 
82507597 
78433672 
81956382 
80355811 
81293328 
82790567 
77741556 
83164881 
79399459 
83172977 
82885258 
77192037 
81723772 
85789862 
81157243 
81748035 
77723960 
73054814 
72079492 
70161905 
75169077 
71145304 
74063187 
71842559 
74335334 
72716255 
76004743 
75609026 
72144984 
75439029 
72117094 
76905116 
71945871 
76223143 
74844930 
73459882 
76596849 
71217615 
77816057 
72889940 
77510931 
75934677 
73970679 
74843895 
74898633 
74618654 
75281554 
76909195 
77495586 
72166492 
76432086 
73653846 
74910902 
71042307 
72557869 
77501142 
74505641 
73394906 
71506775 
72413316 
70047733 
74683915 
70681067 
72825070 
75384434 
69808672 
74506492 
72004329 
74969573 
76138890 
78557542 
79087523 
75247206 
79303279 
74827412 
79946222 
75370661 
80139729 
79388577 
75893283 
79433718 
77870510 
80358400 
79739227 
75226175 
77757242 
69943688 
73463124 
74459476 
70026427 
73668921 
71088274 
74755250 
70718107 
75150096 
72708369 
80002222 
76885369 
71372883 
72164634 
70328075 
73447773 
71600682 
72064452 
71124201 
75351465 
75469667 
71579703 
73144250 
71718901 
74437785 
73712369 
74774954 
74027551 
73051546 
73712561 
73909283 
74702492 
70926819 
74830884 
77904840 
71947950 
75578836 
72670426 
75044468 
71409015 
76444222 
71093229 
77367796 
75510079 
70770612 
77287921 
72517187 
76088276 
83431186 
79817408 
86694615 
84572230 
87069199 
85289149 
81864584 
85432345 
82347061 
83386059 
83259415 
84481834 
81558497 
82509343 
83959714 
80972595 
81844967 
86704366 
80997907 
84456757 
85122938 
83990177 
83607533 
82037363 
82237214 
86530322 
81719519 
85385672 
85869013 
81822243 
83838395 
81675285 
84700477 
85574491 
81872306 
82138859 
84392087 
83449407 
82544530 
84802086 
83226695 
87988514 
84100928 
81728450 
83764751 
80900792 
83848907 
84028322 
82338562 
82601906 
85556587 
80172565 
83574970 
82812048 
82565766 
83106128 
81665130 
81879920 
84107699 
80267894 
83025924 
80702292 
82626867 
85594588 
81993052 
82958019 
82760261 
80801668 
85533777 
83950408 
80219395 
82075038 
81313128 
83376203 
83132377 
79066898 
84658039 
82495911 
80041829 
89007873 
80548439 
81567390 
83711852 
79726221 
81149222 
81895564 
80935878 
81491507 
79212077 
78944986 
74092871 
69217424 
74143504 
71944450 
76222014 
73329581 
74805376 
76782494 
72418548 
75853772 
72544178 
79921004 
79242028 
83144229 
82929338 
80616504 
84127653 
82364073 
80722416 
85838500 
78636776 
83409633 
82741943 
80408567 
80621456 
82852709 
79527603 
81712310 
86036185 
81120878 
81880624 
78131479 
83641290 
81704817 
78146293 
81629412 
78570824 
80815202 
82761178 
76525135 
82806820 
80312200 
77810040 
81068806 
78223618 
82917200 
81869488 
78999795 
81537530 
78821922 
81866788 
81821432 
78797747 
81203298 
80968376 
78005397 
81442285 
80441210 
79843244 
83290394 
76865207 
82744447 
79222478 
80766482 
81582861 
81163925 
82275798 
82756727 
80782445 
81453083 
79062652 
80146391 
83313537 
77988987 
81529677 
78997054 
80147155 
73488258 
70232073 
73755659 
70452829 
73509361 
80445010 
81420751 
80455417 
79490549 
83354495 
82501545 
76988498 
84352099 
77685042 
83606285 
81831729 
78811583 
81484189 
79753793 
79907513 
83118068 
78917664 
80069605 
81065117 
80537952 
83454474 
78645173 
80871402 
82287412 
83229782 
79177469 
82347851 
80486748 
81349908 
83349172 
81611392 
80633103 
80141402 
80949434 
82021178 
79482451 
81485787 
78212747 
84366271 
81506414 
78799060 
80065657 
80667342 
81622064 
80598755 
78184381 
82463705 
81538144 
76741022 
81689054 
80031909 
78994424 
82659920 
77822275 
80771325 
78052596 
81584373 
81131648 
77809005 
81772226 
78354367 
81979725 
82621598 
81501053 
82099568 
81000800 
78639926 
81183496 
79137254 
82094193 
80408190 
75209564 
81937399 
78127458 
82152526 
82479689 
79407959 
83413854 
81498854 
79579012 
83371769 
78744796 
82818597 
82774387 
80176325 
82678666 
81898513 
79765958 
83522300 
78824430 
83948394 
80662803 
79615618 
82977840 
84426461 
78922443 
82014202 
79980836 
83803674 
80432675 
80184438 
86646503 
82873506 
81221328 
81536270 
80280717 
84026081 
80268485 
