9722354 
10463598 
10703336 
13056336 
10614573 
10499652 
9031105 
10371326 
15535983 
10548149 
10323807 
9064531 
12178965 
10491453 
10699597 
9020518 
10344930 
12580221 
10138854 
10458148 
12376946 
12490815 
10214688 
10525654 
10483364 
10393968 
9575943 
10407321 
12470153 
10247066 
9114603 
12034059 
13893342 
10366336 
10527065 
9035664 
12459178 
10218917 
9474450 
10264802 
12063545 
10624545 
10381474 
10592389 
12240491 
12349921 
10338013 
10537475 
9001396 
12064513 
10766206 
10588299 
10275308 
9124090 
12312512 
10395962 
13535081 
10656576 
10644876 
10566916 
10571087 
10341674 
9320536 
12369976 
10250439 
8977998 
10402124 
12359137 
10534173 
13568427 
10488980 
10413653 
9255816 
12082508 
10536735 
12650699 
10262002 
10568713 
10289054 
9094028 
15701174 
10264018 
8969522 
11873540 
10651193 
10474285 
10617756 
10528000 
10483764 
9264652 
10290783 
10405372 
15710103 
9023308 
10631141 
10274666 
12572776 
10155873 
10810412 
9009998 
12140395 
10463804 
10606492 
10051723 
12902983 
12410264 
10515484 
10267019 
9108225 
10678539 
10377166 
10233762 
10466037 
8998689 
12266477 
10378094 
12221268 
11948584 
10644004 
10420293 
10409718 
10538986 
9236633 
12703199 
9942331 
8951921 
10230493 
10405447 
15790893 
10392986 
8972103 
12106923 
12463597 
9290594 
12365210 
10634396 
10456536 
10631864 
10319818 
9328483 
15135697 
10008506 
10024215 
9648720 
12615688 
10149541 
10629441 
8964180 
12319535 
10458673 
10366467 
9075673 
15305114 
10557366 
10500830 
10270797 
10411498 
9399334 
12732189 
10061960 
10068518 
9826187 
9952011 
12779073 
10081788 
11899342 
12196857 
10299599 
10382919 
8991011 
10796365 
10409564 
12699215 
10050607 
9355144 
10295179 
15927986 
10181272 
10420506 
9609133 
10018957 
12665292 
10327785 
9075413 
12356083 
10296689 
10463200 
10563894 
10323399 
10446563 
10328553 
13978171 
10430828 
10577459 
12970597 
10435447 
10289159 
9098787 
12231174 
10400123 
12343687 
9317687 
10774277 
10371151 
8778389 
12475939 
10542283 
10077891 
10577106 
9277212 
12692514 
10002056 
12465084 
10342778 
12486243 
10267189 
10488888 
10379960 
9288447 
12620453 
10043867 
10476665 
9062298 
12217695 
13714948 
9027534 
10406716 
12502113 
10461466 
10343154 
11561212 
8980958 
12343564 
10293311 
10386216 
8979700 
15675119 
10611194 
10337865 
10979865 
10320230 
10448139 
10703913 
10400948 
8974311 
12693091 
10208019 
10490593 
13573674 
9172517 
10654848 
12788477 
24177122 
22649103 
10309637 
9623586 
12752245 
9930453 
13717962 
10526400 
10631727 
28629588 
24847289 
9100607 
12428643 
10237644 
10434861 
12221190 
9922095 
10207312 
10622268 
10360381 
11545001 
9328249 
12846915 
10006956 
9331536 
10144757 
13854635 
10512259 
10523264 
12359575 
10316325 
10381178 
9362066 
9934677 
27189470 
21804621 
40382868 
23651405 
29557302 
9014217 
12679334 
10490157 
12856035 
9816588 
12703931 
10072329 
10456253 
10425125 
12698965 
9763876 
8934414 
12078182 
10521883 
10515275 
12594253 
9853572 
12969594 
9847398 
11434090 
10321317 
10660221 
10535702 
10343417 
9120856 
12777765 
10170114 
13040406 
9534315 
12785835 
10298026 
10465692 
10089673 
9635391 
12984292 
9661477 
10520161 
9018051 
12317427 
13456467 
10491732 
10161572 
9365092 
12997736 
9821346 
9970204 
11728651 
10185276 
10860857 
10254716 
10337374 
13051672 
12435181 
9733487 
9099140 
12477540 
10247036 
10389397 
9994617 
10393773 
13876663 
9699450 
11235822 
9850391 
13904975 
10278465 
10463230 
9656707 
10022220 
12843026 
9668698 
9325774 
12885605 
9757360 
9769728 
10564286 
9640063 
15618245 
10329628 
11253284 
9863613 
10480460 
11223737 
10241422 
9740468 
10607135 
12050707 
9725950 
9728299 
14484803 
12023924 
9643030 
9055400 
10405391 
12729981 
10433548 
10152960 
9000137 
13099037 
9632880 
11240136 
10717224 
10107696 
13799173 
11488211 
10013040 
10732986 
10238154 
12423221 
9743883 
11653351 
10417735 
10164684 
9720509 
15345202 
9857405 
11224545 
10026645 
10459195 
10491735 
9997676 
10376494 
12104676 
9984818 
10347532 
11427035 
12784245 
10922461 
10204508 
11091505 
9963761 
9751299 
12862848 
10215827 
10825593 
10484645 
10567435 
14649738 
9604420 
11012390 
10104860 
10389089 
9371154 
12533893 
10262761 
10915027 
9987987 
9874537 
10201881 
12440148 
12768964 
11279560 
9836261 
10407894 
11344440 
9809346 
10637302 
11572614 
9540691 
11241492 
9954369 
9975059 
15198452 
9816755 
10945850 
10243247 
10352579 
11768572 
12753341 
9852537 
10496992 
11492866 
17785795 
10492835 
14581769 
10007521 
10435322 
11716780 
9609731 
11263411 
10018300 
10420883 
9726884 
12463675 
9638912 
14461752 
10004189 
11132536 
9939043 
10429773 
10555847 
10664575 
10418120 
10565495 
11604738 
9455842 
11220962 
13134765 
10504240 
10404751 
11578144 
9683703 
9621390 
12645084 
9729647 
11027434 
10466236 
10259773 
9506688 
12255849 
9719483 
9954969 
12050879 
9691038 
10962421 
10462366 
10350340 
9766101 
12055642 
9744233 
10555756 
14077955 
10212048 
10417577 
10538591 
10328948 
11665052 
9802851 
10192977 
11915301 
9637193 
9678848 
10385434 
14803012 
10363755 
11552078 
9697205 
10369315 
11417653 
10062407 
9806729 
10262879 
13287929 
9741272 
9544063 
15535415 
9725120 
10420164 
11299852 
9855874 
10394467 
11728135 
9545598 
10498142 
10478497 
11590580 
9596859 
14610790 
9991421 
10393856 
9408278 
12330176 
10113550 
10403509 
11320667 
9793784 
10228956 
9729120 
12362583 
13009057 
10374267 
10594981 
11660399 
9500880 
11406683 
10725970 
9952172 
9676638 
12117313 
10011821 
10232875 
14934221 
9653953 
11218546 
9891526 
10325683 
10444488 
11457100 
9879906 
11220077 
9818414 
10493718 
10579270 
10300665 
13698169 
11754369 
9753236 
11268941 
9652628 
10400062 
10836193 
10328923 
11745169 
9409268 
11166648 
9838514 
14384310 
10309281 
10338697 
10556607 
10333324 
11584170 
9201088 
12389800 
9720763 
10455187 
10383860 
11673872 
12783516 
11389903 
10359997 
9734021 
10551988 
11665236 
9792428 
9426528 
10613982 
12658032 
9328149 
11299954 
13278827 
10260614 
11523127 
13147800 
11404072 
12253019 
10497875 
11209472 
9809748 
10415385 
12119603 
11743922 
10797154 
10319031 
11802192 
9469724 
9456430 
12141444 
10388277 
10382474 
11535830 
9596617 
10531862 
14790931 
9616490 
11498415 
12470628 
10128968 
10388589 
10635962 
12085750 
9590160 
11300278 
10452459 
15979659 
10788309 
11763001 
9695230 
9741240 
15290974 
10201956 
12866964 
10354226 
10138047 
12936507 
15198317 
10866816 
9427227 
11766138 
10216436 
12807055 
12013749 
9625534 
11704077 
9593374 
10655091 
11932910 
11378851 
9387822 
11416157 
13792297 
11796079 
9817833 
10514788 
11458335 
9709198 
10533726 
10315200 
14466231 
10304915 
10491742 
11841221 
9383996 
11209715 
10071325 
10595363 
10436716 
10234030 
12610976 
9140494 
16559038 
11916480 
9660267 
10301588 
11627088 
10018096 
13864052 
9647780 
22064480 
9559173 
15977971 
12249312 
51371954 
11526971 
17109800 
14294338 
11554389 
10002853 
10305065 
15652314 
11133210 
10553654 
10604170 
10641055 
12645780 
17187939 
10667085 
13592096 
11554381 
12992455 
13015187 
11630969 
10254303 
10157407 
12337110 
17463582 
11990019 
11109875 
11031758 
13310635 
10562855 
12623601 
11520035 
13470392 
10396034 
16353550 
11281613 
10007660 
12069398 
11361066 
13714075 
12083520 
11906674 
11242959 
10928538 
11687580 
19053131 
11346946 
11757400 
10894821 
15434270 
13471598 
11484033 
11819759 
11781655 
20555825 
10742975 
10610178 
10549389 
10753400 
12649742 
14552693 
9046698 
11621319 
9593102 
10926700 
18828977 
10577790 
12102004 
9589936 
13416769 
11173514 
12915669 
10998649 
10733760 
11061117 
16810609 
11688628 
13377846 
11363991 
10668557 
15605025 
11344745 
13443704 
11493466 
13313880 
16081649 
10213157 
13378806 
10827882 
11988940 
14282044 
12781581 
14522061 
11253510 
9853494 
17270236 
13320913 
13819860 
10063750 
11077112 
15704512 
9789136 
11627062 
12321177 
10860616 
11118705 
15852445 
10503532 
11077428 
10837082 
10362619 
12588897 
10828119 
10391226 
10651000 
10779093 
15713872 
13000633 
10602806 
12138386 
9601664 
11841139 
12118546 
10907995 
10938257 
11058340 
13787642 
17234985 
13361364 
11252396 
11733570 
13697737 
10578869 
13228581 
11261752 
10435763 
11908341 
17900415 
14150633 
12885082 
11619360 
14150091 
11408014 
12624513 
12945391 
11243790 
16842607 
11649695 
12503206 
12804060 
11304077 
12134021 
12800468 
9640047 
14441202 
10904495 
11280961 
16385496 
11669561 
11799303 
10748975 
17146746 
11226233 
10116031 
16609541 
11249406 
11710487 
16322312 
10399400 
10674539 
10720119 
12861149 
12702206 
10609625 
12081413 
9227291 
10949101 
15616755 
10643571 
12429697 
10504681 
10188395 
12501309 
11044429 
10464946 
10670096 
10519896 
13780358 
13604073 
12388363 
10597165 
9466077 
10610675 
10938659 
10893379 
10588891 
10618339 
10445738 
10481679 
10594453 
13927081 
10453010 
13064861 
9557530 
8938345 
10394328 
10463181 
12589563 
9342024 
10285019 
10450041 
9771965 
10490920 
12468770 
10338867 
12253932 
11047903 
9279397 
17029248 
12421894 
9581213 
10259168 
11903328 
9243316 
14195639 
10411955 
10545367 
10309293 
10712681 
12662566 
10661688 
9053449 
11909274 
10712417 
9443238 
9256290 
10719077 
10556506 
10353998 
9057576 
12062316 
9332738 
10511535 
10344220 
10405269 
12365417 
19564672 
20436615 
28418447 
10453584 
35341705 
12410499 
10526138 
13880564 
9164524 
12044278 
10706387 
10619812 
10856734 
11649311 
12138992 
10733466 
9802524 
10576878 
15439866 
13228595 
9199777 
10564420 
10782819 
12746496 
13382875 
10590856 
10367153 
10646631 
10838081 
17761224 
10503144 
20178735 
42938058 
10163462 
19776790 
49139071 
9426835 
10898407 
11110782 
10641029 
10389920 
12444650 
