1963788 
1534230 
1409194 
1419179 
1406464 
1415924 
1574117 
1416506 
4654492 
1459816 
1418381 
1444872 
1352533 
1470235 
2814098 
1361321 
1465085 
1356521 
1450744 
1366126 
1245142 
1437787 
1418871 
1419649 
1420185 
1423349 
1677413 
1403908 
1447914 
504017 
1454046 
1350450 
1479062 
1393350 
1482653 
1390098 
1417855 
1431450 
1495070 
1384903 
1410399 
1409777 
1422219 
1412335 
1409944 
1440765 
1362971 
1461560 
2622434 
1462152 
1367373 
1450102 
1365548 
1407595 
1377701 
1461598 
1366355 
1413254 
1725536 
1383134 
1409580 
1407550 
1412757 
1436832 
345506 
1435167 
1336053 
1465897 
1360313 
1450106 
1367373 
1249031 
973066 
1412560 
1402261 
1406232 
1407614 
1407680 
1407089 
1434921 
1343446 
1456507 
3279669 
1413638 
1449992 
1360410 
1406620 
1403594 
1406476 
1030487 
1252240 
1381722 
1406460 
1404862 
1434630 
1332398 
1457882 
716804 
1536592 
1382220 
1468696 
1352740 
1462812 
1368930 
1186327 
1420860 
1415940 
1414844 
1423780 
1450706 
1425654 
1422385 
1420255 
1442649 
3356642 
1478873 
1349710 
1462727 
1363006 
1458732 
1666346 
732008 
1070389 
1392079 
1423478 
1420533 
1433329 
1412851 
1421012 
1414274 
491374 
1434921 
1345999 
1468637 
1348186 
1447928 
1365986 
1411094 
915216 
1553316 
1499209 
1755118 
1391993 
1414163 
1407084 
1407543 
1167128 
846623 
1396747 
1413168 
1432548 
1335682 
1717474 
1376987 
1457656 
541877 
1288714 
1366136 
1414563 
1408039 
1404714 
1409292 
1404646 
1384980 
3416746 
1525488 
1498227 
1401813 
1462298 
1346355 
1457657 
920003 
1454568 
1364769 
1404528 
1406925 
1407862 
1402738 
1409722 
1415928 
1421106 
1024332 
1432602 
1339865 
1498422 
1367116 
1474165 
838101 
1473739 
1355357 
1458467 
1366933 
1415246 
1414101 
1414030 
1502593 
3165246 
1509879 
1425194 
1419303 
1424004 
1418901 
1439931 
473127 
1478533 
1357004 
1469173 
1370985 
1465350 
1381485 
1422956 
1427491 
1516056 
1678339 
1392861 
1423049 
1428210 
1434994 
1436657 
1436801 
1438905 
1274903 
1471838 
1345662 
1463693 
1360145 
1453469 
1367185 
1420529 
1496818 
2699321 
1472124 
1453866 
1375167 
1411963 
1433705 
1421085 
1210685 
781857 
1405974 
1407037 
1433811 
1339851 
1458624 
1353224 
1707426 
563599 
1301266 
1361493 
1407993 
1409976 
1407385 
1405609 
1411403 
1423750 
3482833 
1524955 
1493316 
481881 
1412375 
1418317 
1366376 
1409380 
1409907 
1447875 
1398948 
1430571 
1333112 
1461968 
1351970 
5289886 
1437038 
1692062 
1449192 
1363811 
1480909 
1416429 
1480712 
1378098 
1502894 
1393243 
1489986 
1383900 
1427204 
820662 
1434262 
1433824 
1429095 
1431371 
1435816 
1433619 
1443673 
1445338 
1465089 
3405273 
1499120 
1376366 
1490313 
1358767 
1471603 
879728 
1481013 
1373595 
1469792 
1893262 
1704730 
1598423 
1517527 
1463830 
802815 
1454799 
1358093 
1446376 
1647761 
1376747 
1405972 
1401013 
948530 
3548702 
1513886 
1490212 
1405234 
1404088 
1405602 
1412861 
1092911 
854539 
1391286 
1405533 
1427229 
1370111 
1462812 
1349331 
1456494 
556371 
1717694 
1360029 
1405725 
1402207 
1403863 
1406710 
1412237 
1387784 
3233344 
1530828 
1535228 
1409949 
1471334 
1338266 
1457179 
771335 
1454433 
1357129 
1465599 
1422998 
1439074 
1413534 
1134578 
1421131 
1416808 
1409011 
1415135 
1410866 
1438278 
1354214 
1721657 
939645 
1525770 
1373596 
1462654 
1366907 
1416473 
1412745 
1420860 
1491357 
3088267 
1508056 
1443649 
1424974 
1428044 
1425046 
1509822 
1420169 
474421 
1437234 
1342205 
1505104 
1358553 
1470614 
1365363 
1451493 
599420 
1384372 
1369001 
1410880 
1410131 
1679176 
1390188 
1670644 
1414732 
3347992 
1522627 
1506197 
1442075 
1423377 
1434896 
1338400 
1455584 
356486 
1457841 
1362777 
1444717 
1366987 
1403040 
1406310 
1406599 
1201301 
720910 
1400895 
1411289 
1431063 
1359415 
1466500 
1346327 
1541594 
546228 
1549411 
1512641 
1749934 
1408115 
1405415 
1402933 
1316901 
1410249 
1406660 
1404374 
1411758 
1432947 
1341903 
1455460 
1350041 
1445816 
3653825 
1397877 
1460763 
1375296 
1414358 
1415721 
997611 
1414848 
1418563 
1417914 
1424825 
1439524 
1444692 
1388478 
1482393 
716326 
1730577 
1360155 
1469493 
1364102 
1453791 
1380901 
1477177 
1392559 
3863975 
1397628 
1479802 
1388203 
1411094 
1415559 
1413059 
1438071 
553748 
1417704 
1442001 
1352533 
1459255 
7174796 
1584455 
1532155 
1504992 
1475535 
1434363 
1373532 
1746980 
305534 
1464240 
1347800 
1447081 
1443271 
1372373 
1408048 
1183755 
1021829 
1415236 
1408772 
1405851 
1404563 
1406319 
1433475 
1344786 
1459474 
884598 
1460883 
1350368 
1457825 
1363203 
1407156 
1401709 
1408421 
1404768 
3690612 
1499696 
1445748 
1406400 
1433376 
1651594 
1346121 
1453583 
468101 
1263413 
1364483 
1454373 
1374898 
4667784 
2373540 
1551269 
1509488 
1470023 
1410807 
1411990 
1414956 
1425761 
1436442 
459416 
1466136 
1352934 
1462957 
1358477 
1464345 
1374417 
1138544 
909170 
1456238 
1387214 
1736499 
1402776 
1423623 
1482643 
1425951 
1420462 
3070267 
1532219 
1545534 
1413416 
1439013 
1342465 
1463467 
703466 
1461696 
1365767 
1408614 
1398507 
1406189 
1403942 
1403793 
1409940 
1332908 
1418659 
1411235 
1408290 
1406513 
1429653 
1336655 
1460054 
1352926 
1449177 
2591346 
1525156 
1499906 
1441272 
1407648 
1406314 
1335366 
1415480 
1409042 
1405299 
1436046 
1457097 
1374818 
1462532 
1347080 
1452575 
473621 
1399590 
1364193 
1412449 
1404163 
1403597 
1412573 
1405297 
1254698 
1521479 
1492903 
1423196 
1432905 
1345087 
1460995 
1343798 
1708155 
3434277 
1398581 
1460219 
1369669 
1411152 
1418459 
926991 
1421178 
1418999 
1411536 
1428798 
1441698 
1451177 
1451976 
1351772 
1471122 
2980912 
1525264 
1508315 
1423593 
1464470 
1377803 
1060504 
1483320 
1391461 
1427720 
1412161 
1420481 
1677886 
1413988 
1429351 
1434107 
633238 
1439574 
1347265 
1469879 
1352167 
1451047 
1364519 
1380928 
764087 
1412305 
1456214 
1366133 
1402663 
1407281 
1405840 
1456655 
1425853 
3412977 
1496388 
1437881 
1429944 
1353438 
1466970 
1348365 
1450949 
509618 
1375358 
1366791 
1705038 
1371170 
1408876 
1416272 
1404074 
1342812 
1412698 
1406017 
1414249 
1434492 
1337341 
1458562 
1351854 
1451807 
1487393 
1373522 
1407126 
1402920 
1405124 
1413492 
1409535 
1409520 
1408028 
1433877 
6102864 
1447501 
1446327 
1359705 
1477641 
2391026 
1373293 
1466773 
1359192 
1509902 
1394650 
1463548 
707840 
1096235 
1379783 
1425522 
1419538 
1425251 
1418097 
1424586 
3566517 
1533005 
1573230 
1434260 
1442028 
1348215 
1463647 
1356969 
1452681 
520313 
1349591 
1371448 
1413260 
1411937 
1407030 
1409633 
1687598 
2158017 
1533917 
1501189 
1436102 
1471893 
1335037 
1443735 
1340998 
1460084 
388199 
1364949 
1357783 
1409990 
1407629 
1409104 
1407386 
1415360 
2291399 
1533643 
1502612 
1496582 
1440477 
1341830 
1460215 
1347260 
1453425 
531923 
1355687 
1368869 
1408413 
1411431 
1678991 
1383675 
1410215 
2154859 
1530739 
1506271 
1428385 
1476446 
1350538 
1454356 
1359542 
892565 
1449706 
1365967 
1408304 
1407342 
1405557 
1407858 
1408862 
1449254 
1417538 
1418515 
1431162 
1445844 
1335314 
1466610 
1361638 
1460425 
2727224 
1591536 
1770489 
1451066 
1380778 
1420681 
1141774 
1425601 
1415538 
1420513 
1429252 
1423863 
1427547 
1449912 
1399446 
1475042 
534654 
1465843 
1356984 
1452959 
1375809 
1413406 
1413440 
1409624 
1014974 
1530652 
1497063 
1435559 
1407994 
1411459 
1425357 
1433912 
507383 
1690905 
1435986 
1336689 
1457066 
1350690 
1445092 
1367330 
1456420 
1050940 
1406536 
1411201 
1411182 
1407785 
1406918 
1410911 
1435824 
1172339 
1468679 
2660584 
1517239 
1498101 
1423008 
1457181 
1363071 
1038596 
1416888 
1403354 
1403138 
1409080 
1407017 
1406446 
1410102 
1443465 
1655816 
494141 
1467788 
1347504 
1449732 
1359514 
1403543 
1412009 
1408819 
3895441 
1431155 
1417565 
1417382 
1414090 
1429554 
1419194 
1438554 
3595524 
1504321 
1488119 
1401568 
1473595 
1363951 
1459045 
541913 
1304516 
1373288 
1472588 
1387816 
1690662 
1407706 
1751463 
1182815 
1381128 
1414429 
1518360 
1421983 
1437153 
1453780 
1355329 
1458604 
1173381 
1461334 
1377197 
1450209 
1370522 
1414003 
1423765 
1417325 
1261040 
3503384 
1502159 
1420462 
1408236 
1408795 
1408160 
1414967 
1434897 
503935 
1425438 
1377958 
1724875 
1339651 
1458421 
1354665 
1454964 
2176169 
1531558 
1499735 
1465906 
1405076 
1404233 
1407140 
1411230 
1394345 
394688 
1453620 
1350717 
1476390 
1350501 
1458118 
1366641 
964271 
1446042 
2604959 
1543663 
1507532 
1492232 
1406700 
1408660 
1411673 
1341833 
825917 
4618004 
1444350 
1438581 
1366624 
1476888 
2125721 
1536183 
1509501 
1469811 
1459010 
1366380 
1472667 
1024319 
1428768 
1419410 
1418265 
1418364 
1421978 
1420023 
1419199 
1431873 
1438791 
700550 
1488076 
1348723 
1488480 
1397545 
1473982 
1374915 
1705317 
739991 
1330827 
1374540 
1419348 
1414217 
1424756 
1415355 
1418708 
1443069 
756562 
1460934 
1430112 
1462123 
1345741 
1449214 
1366268 
949349 
1465208 
1356513 
6895774 
1700735 
1516515 
1470335 
1415708 
1380450 
1419689 
1416119 
1455192 
1412941 
1448640 
1393201 
1474868 
1671891 
1218134 
1472016 
1367018 
1463506 
1377902 
1421751 
1427520 
1423464 
1093362 
1441160 
1439289 
1447853 
1476154 
1455386 
1454772 
1457771 
1472260 
1423952 
832483 
1449585 
1468675 
1507132 
1524356 
1557033 
1569894 
3467904 
1504078 
1477495 
1453377 
1459835 
1665368 
1648455 
1445847 
1066803 
1467414 
1339540 
1463856 
1378028 
1453866 
1365342 
1411873 
838970 
3165566 
1451898 
1351302 
1464507 
1348152 
1453445 
1359343 
3345187 
1500213 
1418353 
1411572 
1407175 
1412311 
1413800 
1360679 
1412416 
1419375 
1436568 
1671421 
1338923 
1461571 
1354324 
1447903 
1173286 
1447112 
1373006 
1402917 
1407273 
1411894 
1409278 
5536136 
1600008 
1566924 
1466880 
1434897 
1427499 
1432896 
1357722 
1437652 
1431056 
1433507 
1446724 
1443153 
1432893 
1433974 
1506255 
1691849 
1436498 
1492397 
1432956 
1500423 
1403415 
1530018 
1426412 
1589126 
1425247 
1545151 
1488138 
1584851 
1458198 
1556094 
1481972 
1906049 
1741465 
1625392 
1459545 
1411044 
1425557 
1453492 
1411500 
1441407 
223518 
1449222 
1653735 
1442778 
1338519 
1462283 
1672095 
526510 
1475099 
1365255 
1466039 
1383994 
1422105 
1403074 
1409201 
1200689 
1420215 
1400121 
1414940 
1436934 
1339534 
1461861 
1356698 
1455935 
1263038 
1452967 
1367230 
1408962 
1408053 
1408198 
1411486 
1411718 
1411412 
1434585 
140169 
1473196 
1342956 
1449241 
1658869 
1363870 
1408953 
1021620 
1417231 
1412201 
4480224 
1434503 
1418106 
1340861 
1330496 
1408782 
1439358 
1346056 
1465957 
1349243 
1466819 
1407550 
553181 
1215178 
1475328 
1371418 
1465405 
1377820 
1421564 
1418440 
1424602 
1072571 
1517094 
1713413 
1432221 
1430442 
1485653 
1419080 
1441193 
1165534 
1446417 
1345637 
1465566 
1355812 
1451856 
1370774 
1487954 
1229676 
1421853 
1408725 
1475216 
1392483 
1424639 
1410369 
1405802 
1310607 
1175030 
814477 
1395378 
1413699 
1435347 
1343391 
1455187 
1365881 
1452595 
3405528 
1504386 
1442863 
1408222 
1406134 
1406141 
1408461 
1208558 
1409473 
1402255 
1411897 
1438467 
1339843 
1458247 
1345908 
1448274 
1245989 
1452361 
1365583 
1406373 
1409970 
1404969 
1413996 
1412567 
1414608 
1438482 
131162 
1476241 
1372889 
1465068 
1353567 
1510699 
3252996 
1525639 
1501161 
1458634 
1369991 
1416949 
1482836 
1198106 
1419037 
1476101 
1410030 
1420191 
1422730 
1423413 
1421529 
1443141 
1252101 
1502670 
1355061 
1477545 
1369494 
1468603 
1379474 
1422560 
1468608 
812669 
854486 
1379894 
1414198 
1697167 
1404233 
1418637 
1432135 
1442583 
3174002 
1524124 
1501436 
1496706 
1359361 
1452361 
1372598 
1481323 
1355156 
1451680 
1363636 
1406929 
1403657 
1408386 
1409214 
1277497 
1415244 
1423840 
1410818 
1434699 
1346735 
1465536 
1354275 
1456695 
1376229 
1450299 
1365142 
1694879 
1379772 
1407934 
1409363 
1413710 
1487021 
1411623 
2083332 
1402818 
1414561 
1412386 
1409592 
1411201 
1333654 
1203590 
683855 
1429183 
1410009 
1435656 
1342010 
1461678 
1352031 
6383829 
1548654 
1507752 
1425062 
1461585 
1382695 
1353144 
1708633 
1383958 
1412899 
1418073 
1474824 
1426104 
1421716 
1337438 
1340516 
1413234 
1441278 
1351156 
1471958 
1365033 
1469589 
1375549 
736704 
1476549 
1386272 
1437901 
1431954 
1412317 
1421656 
1416059 
1429113 
1315061 
1225704 
1458047 
1416995 
1436601 
1342764 
1461931 
1669829 
1333851 
1421033 
1463536 
1653729 
1371622 
1454662 
1371074 
1412847 
1415197 
963027 
1416253 
1412622 
1415232 
1413284 
1411804 
1432326 
1180672 
1475002 
1345685 
1456260 
1356210 
1449693 
1366568 
1406159 
1507297 
1411354 
1410903 
1408305 
1410056 
1411797 
1665578 
1434975 
1342896 
1458806 
1248498 
1454696 
1369969 
1474949 
1377019 
1414870 
1410001 
1416149 
1456356 
1150994 
462470 
1394161 
1410747 
1454926 
1426204 
3520140 
1466233 
1444224 
1355371 
1471128 
1350918 
1458812 
1370677 
1301039 
1464233 
1389326 
1709346 
1385626 
1414829 
1414977 
1419765 
1311059 
1347441 
1418692 
1450434 
1383804 
1482196 
1364822 
1477375 
1371241 
1491164 
535295 
1375651 
1407055 
1459667 
1369815 
1418352 
1417242 
1330518 
1076112 
1422811 
1416449 
1413761 
1409971 
1659026 
1421677 
1346341 
1683978 
1403357 
1436181 
1344049 
1461103 
1347598 
1450832 
1362285 
1164477 
1451092 
1378364 
1407631 
1408843 
1408181 
1412098 
1411191 
1435461 
1487030 
233248 
1471247 
1348421 
1454784 
1362234 
1450328 
1366602 
1165438 
1085206 
1426592 
1463723 
1382134 
1412920 
1407973 
1678549 
1378679 
1085114 
1432389 
1342401 
1463069 
1349817 
1449075 
1360688 
1410992 
1626293 
1547114 
1509547 
1474597 
1418983 
1419025 
1271855 
1417190 
1423008 
1413711 
1431087 
1436332 
1432038 
1448538 
1331409 
1571257 
1356838 
1472731 
1358621 
1460970 
1680677 
1380318 
1440613 
1384190 
1435771 
1487829 
1486143 
1407226 
1415822 
1415334 
1417704 
1568972 
1418776 
1423989 
1439448 
1342453 
1463906 
1356866 
1460253 
1375008 
849923 
1415355 
1466580 
1368897 
1409870 
1406507 
1407960 
1407788 
1411183 
1337210 
950886 
1657372 
1430859 
1342205 
1459470 
1355383 
1451067 
1254043 
1498102 
1375623 
1409623 
1408139 
1408304 
1412359 
1412552 
1416272 
1408849 
1445688 
3526945 
1376571 
1457353 
1352058 
1452994 
1367654 
1178855 
1410520 
1409477 
1406479 
1406143 
1413435 
1412600 
1408494 
1434048 
1283075 
1733760 
1346260 
1509921 
1354954 
1466950 
1552920 
1367925 
1460816 
1366912 
1456954 
1385917 
1412348 
1412194 
1255287 
1428942 
1418912 
1421206 
1418182 
1449129 
1355755 
1471045 
1357450 
1468011 
448199 
1478516 
1423530 
1467512 
1396755 
1427115 
1714012 
1247969 
1517131 
1398216 
1413543 
1415230 
1414308 
1413333 
1441224 
1357486 
1465022 
323646 
1468054 
1369307 
1453133 
1654494 
1380511 
1414480 
1136202 
1414124 
1406823 
1409331 
1409228 
1410566 
1409524 
1423209 
1437420 
1235492 
1465965 
1345038 
1452141 
1358213 
1700768 
1371128 
1413648 
1464410 
968546 
653332 
1416464 
1421849 
1413898 
1409142 
1434498 
1345066 
1473153 
3309792 
1509990 
1480757 
1456698 
1375236 
1407094 
1411802 
1262897 
1426712 
1416586 
1415446 
1415204 
1432075 
1419033 
1439634 
1320134 
1727787 
1415260 
1434091 
1440696 
1360823 
1469674 
1386613 
1467547 
1368768 
1458914 
1378053 
1437503 
1418176 
1429897 
945783 
1423635 
1424115 
1476066 
1406512 
1425446 
1423387 
1448577 
1368947 
1489498 
609186 
1542335 
1360045 
1469141 
1358660 
1424571 
1421823 
1414990 
3711978 
1394494 
1413785 
1414111 
1410741 
1422699 
1442547 
969257 
1440054 
1347875 
1459956 
1353144 
1695899 
1372888 
1451109 
1368786 
1510657 
1380253 
1407789 
1404704 
1412060 
1407343 
1414378 
1416699 
1435059 
102360 
1477126 
1350578 
1487079 
1359729 
1448848 
1372647 
1693249 
1379409 
1140152 
1410483 
1407497 
1413699 
1414109 
1436436 
1340803 
1463117 
1357212 
3649163 
1367980 
1445471 
1367410 
1409483 
1408668 
1411924 
1156277 
1408535 
1398976 
1411863 
1433265 
1457289 
1452732 
1527057 
1420285 
1418028 
1416009 
1442790 
1683678 
1356457 
1470717 
573793 
1538099 
1378335 
1471700 
1378608 
1460645 
1387238 
1425119 
1422045 
1156788 
1425755 
1430308 
1424784 
1429708 
1434545 
1465614 
1358419 
1484050 
1251764 
1477486 
1353779 
1458035 
1364992 
1412815 
1413538 
1405534 
1161819 
1421471 
1706697 
1412328 
1411848 
1414925 
1437732 
1013129 
1423468 
1437105 
1339201 
1451541 
1353771 
1449292 
1366400 
1413848 
1404863 
1415109 
1409204 
1457297 
1394271 
1412450 
1411747 
1433622 
1346935 
1466742 
265694 
1143746 
1456006 
1355730 
1408863 
1409271 
1409476 
1131988 
1687387 
3423245 
1537414 
1510326 
1444632 
1408360 
1437123 
1033383 
1479051 
1345979 
1461604 
1352277 
1454228 
1364719 
1409093 
1407807 
4589676 
1423257 
1416062 
1423297 
1419388 
1415872 
1588316 
1419365 
1437024 
1347774 
1483113 
1359512 
1477870 
1368524 
1715740 
1336420 
1455643 
1386067 
1423685 
1422164 
1425275 
1418020 
1428036 
1556263 
1433975 
1442444 
1430982 
1459893 
1351324 
1468400 
1353825 
1490300 
608636 
1522574 
5770717 
1432798 
1479321 
1414521 
1209571 
1426222 
1423704 
1476720 
1685813 
1403577 
1551861 
1595010 
3625453 
1419022 
1478514 
1408681 
1413227 
1436331 
1344068 
1537079 
1350536 
1455994 
1362123 
1408715 
1408549 
1407214 
1411088 
1111415 
1412030 
1416492 
1411293 
1414383 
1436499 
1343257 
1469713 
1348604 
397595 
1202012 
3022762 
1803333 
1507114 
1465223 
1411238 
1416414 
1047429 
1408497 
1403902 
1411134 
1411814 
1412730 
1424094 
1437201 
1160963 
1525124 
1398905 
1469376 
1364484 
1460175 
2054812 
257825 
1472793 
1346721 
1742158 
1432821 
1478909 
1375278 
1470452 
1369932 
1504981 
1385319 
1421635 
1416213 
1419782 
1426933 
1416007 
1446417 
1289983 
1437783 
1429316 
1431129 
1440027 
1346060 
1466981 
1292532 
1465695 
1367617 
1453226 
1378164 
1414720 
1419380 
1426340 
1426302 
1219988 
1415999 
1421640 
1704182 
1421326 
1416310 
1413719 
1436721 
1664667 
1117059 
1459192 
1345569 
1454054 
