1504274 
1406982 
1258662 
1178436 
1276409 
1316344 
953267 
275047 
1258377 
1172723 
1276392 
1204983 
1508147 
1258137 
1171666 
4568372 
1237607 
1255579 
1312535 
3814173 
1307352 
992273 
1261340 
1265064 
1185095 
1282764 
1256589 
1268841 
1258807 
1273548 
1193150 
1048155 
1295301 
1225048 
1262025 
1276260 
1191516 
1298497 
1291221 
1292363 
1234829 
1271544 
492401 
1267605 
1286879 
3995313 
1321178 
1288530 
1205701 
923051 
1286286 
1274205 
1189329 
1283654 
1198603 
1243100 
1240210 
1259532 
1183900 
972011 
1245764 
1243099 
1258827 
1279398 
1199927 
1283231 
1199261 
1244272 
1243110 
1262826 
230291 
1023355 
1202730 
1242313 
1251258 
1257432 
1180603 
1277480 
1215354 
3269447 
1297126 
1277196 
1290958 
1241472 
1242028 
1241599 
1261371 
1193142 
1288670 
1233156 
1245666 
1242537 
1260564 
1182619 
1280756 
1209137 
1242770 
1259133 
832408 
1287491 
1195549 
1244157 
1246416 
1258926 
1181080 
1272354 
1206997 
1082054 
1331542 
1244521 
1257918 
4438352 
1237994 
1283934 
1508350 
1134428 
477094 
1267188 
1186684 
1280242 
1216875 
1251046 
1278372 
1238286 
1315200 
3491966 
1286647 
1259170 
1274196 
1205206 
1298171 
1221562 
1266045 
1109735 
1112970 
1281366 
1194956 
1286916 
1211376 
1304654 
1264212 
1187888 
1287371 
1025424 
1256420 
1248697 
1262547 
1195251 
1286283 
1205587 
1515976 
1225576 
1265430 
326558 
1291853 
1197969 
1245616 
1242707 
1259358 
1202543 
1280902 
1494080 
1235463 
1086743 
1247191 
1258986 
1184653 
1269657 
1210279 
1243074 
1257825 
1180010 
1277120 
1219431 
1246313 
1242787 
1258635 
1181912 
1272658 
1212088 
1245846 
1259136 
1181246 
1273949 
3570601 
1225319 
1506161 
1262376 
1210126 
1274114 
1210000 
1106042 
939671 
1261944 
1180821 
1268322 
1211410 
1241565 
1259511 
1190462 
1274082 
891920 
1249837 
1243575 
1259718 
1186173 
1271095 
1210307 
1241660 
1257957 
1183657 
1274440 
5465734 
1371941 
1276749 
1266942 
1190457 
1289229 
978199 
1259304 
1513356 
1265982 
1186640 
1290407 
1266752 
1271195 
1262889 
1273998 
813353 
1341610 
1216125 
1259873 
1261533 
1273515 
1293692 
1217666 
1357121 
1040524 
1264193 
1249789 
1263330 
1188453 
1283032 
1214968 
1250379 
1248552 
1264308 
974892 
1298343 
1216977 
1260549 
1258650 
1190112 
1283356 
1197191 
1243319 
1500779 
1259103 
578483 
1282894 
1472985 
1223863 
1244687 
1258560 
1180179 
1281648 
1204931 
3532971 
1235329 
1257666 
1182324 
1274304 
1206086 
1245348 
1258506 
1045776 
1293437 
1197816 
1241622 
1243303 
1260126 
1181832 
1287433 
1204459 
1241963 
1258608 
1036826 
1292385 
1192734 
1241643 
1241690 
1259910 
1179021 
1538182 
1201665 
992867 
1249489 
1259673 
1187993 
1280133 
1205418 
1258516 
1257522 
1184260 
1279983 
1280334 
863279 
547637 
1257675 
1174942 
1282951 
4395783 
1216718 
1048706 
1263102 
1267857 
1194133 
1287708 
1206463 
1258986 
1256456 
1267314 
899230 
1350941 
1213954 
1261004 
1512917 
1272123 
1230678 
1297340 
1214236 
972785 
1192797 
1277823 
1204204 
1306163 
1220034 
1248110 
1249395 
1265292 
1193628 
1355511 
668387 
914431 
1228062 
1266192 
1184665 
1297111 
1202482 
1242771 
1244095 
1260210 
3261493 
1324997 
1272537 
1242907 
1258854 
1261970 
1183164 
1519835 
968535 
1251146 
1508007 
1259013 
1171623 
1278226 
1202356 
1242531 
1257495 
964605 
1295785 
479222 
617605 
1243437 
1242285 
1258614 
1211952 
1275257 
1208870 
1219281 
1261872 
80485 
1384002 
1342699 
1325686 
1265359 
1242644 
1258236 
1181642 
1016146 
1249359 
1244140 
1244968 
1258104 
1181480 
1270119 
1217732 
1244052 
1259073 
1054716 
1284035 
1201375 
1242837 
1242105 
1258350 
1180473 
1270828 
1211595 
4686373 
1286998 
1271265 
1189894 
1284876 
1222713 
1263291 
1266345 
251521 
1302813 
1201201 
1254517 
1265968 
1304005 
1274010 
1193940 
1285239 
1229460 
1169453 
1265515 
1279290 
1197918 
1284783 
1242207 
1533821 
1284846 
1192460 
1270248 
3348547 
1228711 
1257268 
1265883 
1189990 
1306849 
1206817 
1258612 
1191827 
836907 
1300899 
1187941 
1241710 
1242932 
1275216 
1254418 
1260063 
1183942 
1279405 
2160002 
1356174 
1326206 
1278127 
1247213 
1262214 
1182425 
1279504 
947106 
1248869 
1242591 
1260402 
1182402 
1537860 
1249783 
1245742 
1259862 
994933 
1340407 
1199348 
1243314 
1242512 
1259514 
1184453 
1276946 
1208782 
1244814 
1261419 
46808 
1295874 
3271457 
1317265 
1243208 
1241610 
1257990 
1264089 
1184732 
958644 
1246016 
1244340 
1257363 
1187621 
1282898 
1198418 
1241895 
1240906 
1258914 
1001058 
1280993 
4651464 
1256689 
1263046 
1271976 
1195252 
516080 
1311637 
1217826 
1251780 
1264890 
1205948 
1300465 
1267538 
1260475 
1271092 
1267730 
911354 
1311787 
1212119 
1254859 
1255783 
1257465 
1273230 
1232508 
1297960 
3461119 
1227491 
1261929 
1266303 
1185860 
1279391 
1214924 
1253703 
1267359 
888367 
1299524 
1201910 
1244790 
1241722 
1260507 
1181479 
1273743 
1205511 
1045196 
976336 
818090 
1258491 
1171633 
1305639 
1191919 
1242090 
1248425 
1258842 
750444 
1345767 
1321199 
1259891 
1243264 
1275426 
1262685 
1189883 
1271247 
896782 
1247885 
1257291 
1186110 
1282673 
1198989 
1243363 
1503361 
1259253 
1104223 
1243175 
1275290 
1212793 
1246290 
1260099 
1185074 
1293510 
1209802 
1241852 
1260231 
111168 
1291170 
1196690 
1251216 
1241943 
1261125 
1182291 
1276907 
1204497 
1246997 
1260633 
1016997 
1288523 
1194502 
1243754 
4463744 
1277061 
1272756 
1191185 
1292229 
1212287 
1510026 
1270350 
1268964 
1188897 
1289872 
1216649 
1347054 
1263822 
1274703 
1195451 
1286831 
1223748 
1261123 
1274142 
1205210 
1299118 
728577 
1278017 
1270815 
1282305 
1195221 
1294095 
1201767 
1258372 
1163780 
925988 
1310892 
1189872 
1246311 
1259742 
1250310 
1262529 
1182170 
1273838 
1123461 
1250633 
1522833 
1258182 
1173532 
1282782 
1201593 
1251299 
1486794 
1264570 
2488847 
1355946 
1283401 
1290034 
1279678 
1241803 
1245961 
1249554 
1259871 
796389 
1280183 
1204925 
1244155 
1258311 
1183953 
1284041 
1198238 
1243595 
1224860 
935685 
1294722 
499283 
721165 
1247027 
1241668 
1259274 
1180183 
1269572 
1480386 
3261044 
1293738 
1275200 
1283253 
1242097 
1250158 
1243505 
1258062 
1095246 
1291137 
1204261 
1242384 
1259868 
1187755 
1281408 
1197836 
1249366 
2392283 
1289934 
1271775 
1192601 
1285778 
1252394 
1250547 
1265151 
1194683 
1299791 
770716 
1368526 
1351679 
1315850 
1269840 
1192594 
1545068 
1217321 
1014722 
1019684 
1273716 
1188248 
1299121 
1214009 
1300211 
1262271 
1286772 
1135537 
1298818 
668600 
526612 
1233762 
1266726 
1186700 
1286551 
1207970 
1246685 
1261356 
1265027 
2881690 
1375679 
1340615 
1322847 
1267509 
1261803 
1181411 
1272947 
935521 
1247619 
1259010 
1184668 
1282054 
1739858 
1292944 
1220967 
1241912 
1259688 
688854 
1280835 
1204733 
1244108 
1258521 
1190066 
1282777 
1199346 
1246272 
1188630 
1261239 
246375 
1289515 
1200808 
1244524 
1243269 
1257804 
1181644 
1275047 
1210976 
3340353 
1345794 
1279823 
1267589 
1273001 
1209664 
1242701 
1259943 
1155835 
1293664 
1198369 
1514559 
1232481 
1259901 
1181886 
1272802 
1216748 
1248893 
1261167 
669089 
1299439 
1198035 
1243345 
1242554 
1259625 
4390650 
1394052 
1274583 
1192756 
1289437 
1206793 
1246024 
1263903 
1193407 
1290875 
1209215 
875885 
1105885 
1257109 
1270689 
1195088 
1286281 
1225357 
1254634 
1279488 
1497667 
3441273 
1337400 
1226560 
1259771 
1262835 
1202052 
1288318 
1205850 
884501 
1136692 
1277196 
1178782 
1289565 
1202757 
1246877 
1246364 
1259319 
1167769 
1288641 
674744 
510352 
1221935 
1260066 
1181336 
1285291 
1200281 
1244203 
1259856 
181863 
1302915 
1351784 
1320667 
1257485 
1242940 
1503548 
1259073 
1089164 
1286653 
1207929 
1242429 
1258065 
1186240 
1287439 
1224314 
1244371 
1246687 
1260288 
764120 
1278363 
1204652 
1241412 
1259214 
1185001 
1281090 
1199903 
1247759 
1191224 
361145 
1236514 
1256979 
1180582 
1273254 
1209575 
1248691 
1259490 
1185246 
1277149 
1453738 
1222448 
1242489 
1258644 
1479160 
1227599 
1246308 
1241764 
1260126 
1183878 
4376154 
1245074 
1256921 
1255155 
1265403 
1187466 
1288007 
667138 
1259293 
1253576 
1266906 
1191653 
1347809 
1224326 
1258374 
1174409 
883638 
1313417 
1202214 
1288614 
1227267 
1268446 
1275728 
1274580 
1287849 
927956 
1294052 
1492799 
1221159 
1247955 
1262412 
1191579 
1274480 
1223963 
1323358 
1268958 
128648 
1300004 
1192685 
1243598 
1289051 
1259688 
1176741 
1282624 
1080431 
1251789 
1246978 
1243383 
1260069 
1182625 
1302896 
1193813 
1243675 
1077032 
1265114 
1242096 
1260285 
1188551 
1270814 
1209869 
1242809 
1258281 
1189811 
482729 
2800888 
1352098 
1328572 
1290049 
1260210 
1185151 
1244205 
1244796 
1151330 
815124 
1260852 
1182400 
1241829 
1242760 
1241607 
1260477 
1191419 
1286011 
814838 
1251118 
1243578 
1259097 
1184899 
1277026 
1243533 
1245697 
1259901 
1182513 
1282908 
2223652 
1344892 
1320445 
1228730 
1290258 
1191241 
3943442 
1259813 
1257441 
1269720 
