13563649 
12526757 
11082894 
8325509 
8627570 
8583409 
7686702 
8425361 
11158016 
8404731 
8435116 
8816060 
7241301 
10417383 
8939923 
8286195 
11004690 
8361222 
8613670 
10958620 
8482790 
7217286 
8540194 
9037462 
10355359 
8569487 
8573089 
8329419 
7413745 
8595179 
13073850 
8947978 
8627771 
8640047 
7426952 
10531671 
8513694 
9062533 
8076850 
7459073 
8432468 
10832336 
8462415 
8089158 
8672741 
11362425 
7623951 
11086985 
8802404 
8199853 
8281518 
8587257 
7543406 
10912430 
8599581 
8309751 
7099585 
7075542 
9292691 
8448495 
11447676 
7424394 
8666469 
8827717 
16037463 
8531728 
8740274 
7769173 
8472994 
8551014 
11065160 
8627683 
8400867 
8242332 
10308357 
8635455 
10981163 
8884082 
8492334 
8554674 
8610750 
7720434 
8410085 
10789870 
8205425 
8821282 
8463168 
7319223 
11780293 
7358224 
8781076 
8316602 
8747856 
8908867 
7481552 
10804744 
8786290 
8594431 
9122361 
8351143 
8605614 
8473735 
7553379 
11669784 
7667665 
8662681 
8270256 
8741218 
8977033 
7434409 
10847453 
8208303 
8630506 
7363584 
10221958 
8548186 
8585458 
8689800 
10372006 
8605441 
8518517 
11029377 
8523441 
8320992 
8823472 
8717231 
8199632 
8025095 
10921046 
8337512 
8029869 
7813821 
13211877 
8797544 
8675271 
8781539 
8797304 
7235314 
8453906 
11235918 
7988476 
8246780 
8659929 
9586782 
8701574 
8545908 
8307800 
11567801 
7517680 
8918203 
11002989 
8301667 
9703947 
8042602 
9599536 
7927392 
7496725 
8380677 
8846294 
10328973 
8586861 
11303126 
8817306 
7312203 
10714175 
9085920 
8188921 
8326159 
8589393 
7954927 
11289442 
7948144 
8419345 
7211423 
10505097 
11835028 
8616946 
8713303 
8173935 
7901356 
8975800 
7701659 
7814019 
8385322 
9477823 
8093278 
7771104 
7104785 
10276090 
8612371 
11632257 
8416347 
7437393 
10630371 
9098262 
8081240 
8310654 
8973470 
7655713 
10891633 
8333764 
8806312 
8341567 
8754344 
8539225 
10087806 
11317489 
8065716 
8295139 
8665936 
10115925 
8342467 
8749987 
7965792 
8087525 
7956337 
8811761 
7992804 
7422517 
8250809 
11639459 
9114637 
8693218 
9074152 
11073840 
8141801 
9443795 
8839519 
8020830 
9702321 
8160552 
8688980 
10944275 
7911374 
11040124 
8708120 
8309842 
10946015 
8281892 
8580861 
8112610 
8220232 
8860026 
11060140 
6594344 
8377239 
8629118 
11385573 
10818079 
7260973 
8644206 
10765353 
8516172 
8723767 
8512993 
8898033 
7214342 
9088104 
10859083 
7900011 
8095965 
8457114 
13437568 
7998541 
7980532 
7901120 
10965273 
8624366 
8594233 
8599581 
9029277 
7477372 
8757138 
10965597 
7852008 
8201663 
8691958 
13171184 
8153027 
8269456 
7550743 
8986535 
10401699 
8584357 
8905581 
8603912 
8262431 
7767843 
10856281 
7982112 
8652288 
8664450 
12309276 
8114425 
8184428 
8685316 
8272529 
10752765 
8840447 
8020655 
8250788 
7936794 
8285381 
11375632 
7707867 
8359359 
10659220 
8133415 
11119217 
8830034 
8063240 
7902946 
7620699 
9124543 
7936569 
9185020 
8915015 
7885159 
7914717 
8588430 
13085371 
8036720 
8104541 
9704017 
9462546 
7891315 
7961426 
8579010 
10403936 
8528386 
8321696 
8553814 
8584660 
9639409 
8806774 
10633167 
8014587 
10440451 
8306827 
8868111 
9273557 
8183724 
8509236 
8656164 
6960838 
8893989 
10762943 
7796947 
7255039 
8363053 
14150462 
8101984 
9027973 
9024277 
8262757 
8288571 
7958640 
8699140 
10631985 
8008002 
8762685 
8417436 
8523389 
8469953 
9720775 
11460897 
8027279 
8753044 
8644768 
9588579 
8292363 
8579564 
8625049 
9529493 
7841787 
8465435 
8769494 
8794846 
8373535 
11606215 
7403389 
11315557 
8280857 
8639478 
8230817 
8375503 
8012522 
10971856 
7731115 
8620822 
9175932 
8335781 
8420265 
11299354 
8717771 
9798782 
7956406 
8809210 
7890107 
10278382 
8551493 
8415161 
7943723 
8046338 
8648261 
10902550 
7784662 
8845138 
11020158 
9645106 
8029479 
13808219 
8960518 
8901508 
8769686 
9641596 
8727866 
7855896 
7750952 
10434607 
8871503 
7749433 
10679601 
10267312 
8857785 
8095887 
10513397 
10059743 
8320775 
8777902 
8238466 
8499455 
8791970 
9865637 
7681445 
8462775 
12573013 
7792905 
7867949 
8623237 
10567004 
8339781 
8816691 
8626677 
8779491 
9575436 
7761830 
8915484 
8423129 
8521256 
8513662 
12526828 
8147099 
8530732 
8688917 
8816171 
9874489 
8213044 
8598148 
9672034 
7972290 
8451232 
7875090 
10338824 
8407788 
8302228 
10621956 
10777486 
7852395 
8623825 
10011856 
8083083 
8626476 
8830641 
8606342 
9511661 
8702797 
7964173 
8605567 
8507499 
12634277 
8081741 
7925566 
8782895 
8680227 
10646827 
7709553 
8492323 
9735977 
7780474 
8738936 
8526253 
9490330 
8169666 
8466876 
11288305 
9674107 
8024684 
9012932 
7702964 
10495229 
7779772 
8777538 
9376352 
7913673 
8451153 
8751435 
9240458 
7880875 
11620154 
8343734 
8540125 
7287060 
8747247 
8073658 
7780793 
8720019 
10798018 
8102583 
8689169 
8463437 
8512584 
10005018 
8535165 
10617325 
8495881 
8760121 
8591835 
9948456 
8122594 
8550466 
8804676 
8541575 
9841321 
7849043 
8671805 
8507187 
8526955 
8422654 
12567031 
8063112 
7967925 
8801990 
11109506 
7788690 
8103434 
8666771 
10650090 
8137080 
8875139 
7992192 
10292692 
7751168 
10565428 
10509092 
8270596 
8630118 
8663623 
8699508 
9697332 
8712553 
8051687 
9672555 
10780220 
7915630 
9000105 
8180670 
12631550 
7989181 
8490564 
8261575 
10608667 
8721104 
7777222 
8146526 
10196662 
9033479 
7712703 
7689272 
8429828 
10483196 
7971497 
11587906 
8887686 
8711415 
9967291 
6865252 
8528760 
10781728 
8385002 
8578476 
8716405 
8461046 
9987537 
8787552 
7462956 
11238172 
10306848 
8623194 
8119922 
7879921 
10660197 
8868861 
7575366 
7591566 
8269914 
9114618 
7444534 
7570532 
8449331 
10836914 
11646385 
8102190 
8602599 
8755430 
9665371 
8092435 
8852912 
8025314 
10509749 
7977178 
8490795 
8677441 
8416799 
8448927 
13355867 
7656456 
9029861 
8622878 
8752951 
10008931 
7871233 
9056596 
9450109 
7853088 
8545967 
8774386 
9741659 
7901801 
11793432 
8464611 
9801102 
8137446 
8616049 
9932103 
7672839 
8211856 
8738517 
10359793 
8139952 
8672055 
8618149 
9440545 
11373512 
8558549 
9652979 
7879327 
9079629 
8710424 
8467086 
8665478 
8594415 
8538644 
10532142 
7564774 
8406815 
9919731 
7552651 
9028148 
11364315 
10206765 
7689547 
7625432 
8981218 
10814943 
7929794 
7918549 
10480354 
8243839 
8456487 
8662101 
8983485 
9970597 
10750163 
7923802 
10889900 
8051144 
8869199 
9157106 
8532763 
9193346 
8712715 
10243584 
8029080 
9519367 
8868754 
8798095 
13183062 
8032031 
7992635 
8775093 
11257756 
7982616 
10961019 
9407738 
7646414 
9927310 
7698835 
9028404 
8600986 
8667017 
8624092 
8543192 
8977659 
8190752 
8688485 
8816561 
10458998 
8353986 
8115626 
8369315 
11021870 
7677175 
9036998 
8458750 
8711910 
13165133 
8206022 
8574729 
9964519 
7881011 
8554301 
9924016 
8279250 
9368190 
8799762 
7352736 
8736029 
8646193 
10115819 
10518217 
8679214 
8667967 
9985401 
8020765 
9673404 
8934242 
7376016 
7238334 
8443627 
10614485 
7262641 
9498904 
8934601 
10714006 
8752175 
8822187 
14794433 
8906364 
8282321 
9937177 
7884760 
8643910 
9701813 
7800678 
9303253 
9147140 
7522408 
11572980 
8956728 
8729084 
8902295 
10258528 
7463450 
8873607 
8525692 
10098490 
9067025 
7772304 
7717972 
10725887 
8955572 
7542095 
12135393 
8216688 
8729060 
8907588 
8867464 
8685233 
10220476 
7446965 
9395086 
9148908 
7492205 
9486843 
8074676 
8649984 
8566709 
9882373 
7861864 
8925595 
8717991 
9858240 
8968595 
7746399 
9939072 
7734914 
8606709 
9753652 
7646927 
8913375 
8426437 
11289665 
10282401 
7597965 
8858993 
8611228 
8721730 
8664371 
10340781 
7968937 
9388465 
8932872 
7425029 
8640875 
8842770 
8430112 
11509087 
8764136 
8714180 
10398420 
7366134 
9574068 
8903308 
7769719 
11984738 
8512894 
8401983 
8746562 
10150018 
10557228 
8550157 
8680732 
8758549 
10274398 
8776314 
7493326 
9995010 
7984842 
8492855 
8842223 
8910005 
8441729 
8707838 
10186376 
7622365 
9082243 
8204310 
8762684 
10719799 
8941643 
7655823 
9762606 
8691027 
8602311 
10213925 
7299378 
8224161 
10046237 
7692607 
11258070 
8890193 
8822797 
8751621 
10495589 
8592817 
7562119 
8655266 
8510747 
10095600 
7399408 
7504387 
9286122 
7165419 
12446754 
7979740 
8872288 
8388542 
8706092 
8688984 
10410181 
7462328 
8886080 
8370466 
8521123 
10422345 
7467617 
8736818 
8362479 
13134277 
7609457 
8524796 
9135247 
8592984 
8658177 
10237343 
8019513 
8487760 
8497753 
8458320 
8754326 
8568934 
10548543 
11367119 
7335693 
7243507 
8967157 
7844502 
9497589 
8994300 
7615429 
9373213 
8152022 
8886606 
8565624 
8479160 
8482919 
12640005 
8588374 
10478095 
8330392 
8996324 
8328384 
9057432 
8553763 
7487504 
9475048 
8259146 
8871558 
7741323 
7967548 
8490480 
13684441 
8966790 
7499656 
9054069 
9958371 
7761256 
8858778 
8735536 
9971601 
7827434 
8685794 
9031844 
8562854 
9028509 
8513865 
11560456 
10518952 
9013126 
8783254 
7411544 
10282209 
7810295 
8721420 
10066491 
7651511 
8464110 
8699738 
8796249 
7616378 
10634487 
8376225 
8829274 
10363257 
7485743 
8854887 
8686920 
10559554 
8961771 
8559246 
8625018 
7282189 
8676169 
8631788 
11956020 
10379241 
7383621 
8703024 
8975744 
10172717 
8690517 
8968482 
7424286 
10089848 
9018606 
8788125 
7130421 
8373419 
13984975 
13762241 
9690051 
9080999 
7801199 
8403980 
15427875 
8757213 
12169120 
8917939 
7817058 
10705076 
9156959 
8783961 
8573914 
9269413 
8747836 
7632873 
10957999 
8358540 
8918379 
9269144 
11867286 
8738058 
8978879 
9111932 
7607373 
10969566 
8719007 
8678452 
8604115 
7673851 
8631241 
11427943 
8360368 
8097951 
12297011 
9243585 
9218956 
8782129 
7715948 
10539260 
9100552 
9351665 
8802011 
7530414 
10564634 
9749425 
8810758 
8880958 
11208588 
7927729 
10787039 
9276613 
8682002 
8369073 
7814039 
9179622 
8963285 
11134473 
8681047 
8955194 
8536972 
7666587 
11484418 
11448837 
8601317 
9104240 
8795328 
8911413 
9048730 
7866104 
8553797 
11180255 
8366061 
9154138 
8673763 
7584307 
12215266 
8718551 
8839357 
11029090 
8649927 
8762377 
9118707 
8778332 
9113038 
7680879 
8969080 
8592666 
11066875 
8388398 
8488881 
12406297 
8588784 
8808618 
8783157 
7776810 
9131378 
8989902 
8665163 
10970458 
8427126 
8562001 
8901429 
7643371 
13869861 
8521236 
8893794 
8765323 
8965817 
7580324 
8949018 
8558981 
11450861 
8208585 
8895819 
7505754 
9191201 
8814592 
10794490 
8710658 
10099037 
8936977 
8889926 
10811018 
8868601 
8667570 
9104339 
9033737 
8932057 
8769465 
7492835 
9022482 
8721332 
11036962 
10907890 
7510545 
9302984 
8600127 
11296746 
8772175 
7314876 
9063313 
8850644 
10392274 
8692116 
8847527 
8841022 
8802209 
11411075 
8692719 
7678119 
8925782 
8932532 
11028065 
8437382 
7676209 
9017706 
10652230 
8378784 
8933819 
8609205 
7286741 
11841109 
7517363 
8943726 
8620966 
8797003 
8587109 
7695502 
11004595 
8465349 
8488250 
7968915 
10493676 
8485079 
8633545 
11630885 
9100050 
7444178 
8808530 
11188145 
8299327 
10059209 
9000056 
8629449 
7434590 
10268119 
9560573 
8152835 
8268541 
7853798 
8644793 
9054175 
11118700 
8556612 
8656724 
7678689 
10739983 
8828285 
8695152 
8758123 
7511902 
9410476 
8479379 
11045481 
10803685 
10162428 
9219928 
8675885 
8957844 
7790874 
8213020 
11095572 
8372395 
8931731 
8657511 
7455615 
10894422 
8652539 
8654145 
8705569 
8899447 
7740112 
8877771 
11135651 
8315001 
8624568 
8819020 
10112084 
8293515 
8625602 
7200850 
9220926 
8517559 
13296712 
8638047 
9056599 
9097663 
8722883 
8831988 
7354768 
9107983 
11198565 
8336439 
8239967 
8715562 
10088089 
8941144 
11363311 
7411753 
8700889 
10878787 
8834087 
8932772 
8509190 
7802769 
10552862 
9207619 
8232640 
8162481 
7444709 
9015062 
11548711 
7437092 
10808826 
8541755 
8824379 
9387357 
8539140 
8598858 
9179494 
7452951 
8644290 
11212457 
8208551 
8346961 
8186964 
9793676 
10977290 
7765304 
8311202 
8099430 
9685295 
8679010 
7884798 
7653226 
8414835 
7296211 
10326684 
8178521 
7893824 
10635488 
8008459 
8356106 
10885964 
7845444 
7114836 
8313358 
8415137 
10903280 
8266742 
7851561 
6829134 
8098486 
10161576 
8018889 
8150524 
11161587 
7087616 
8638538 
8743941 
10995847 
7715328 
7955271 
8046494 
10181365 
7501919 
8164295 
6872351 
10737630 
8193388 
8242730 
11926486 
8033075 
8299407 
7178477 
10535983 
8900379 
7690720 
8019200 
8214679 
9771191 
7473170 
8083003 
7681011 
9343662 
11264701 
8434242 
8287107 
7167313 
8464431 
9406318 
10056802 
7932713 
8185894 
8507811 
7281390 
7960009 
15026696 
7749909 
7953380 
8263007 
10612688 
10703367 
8024724 
8308054 
8064389 
10020090 
7898708 
8558187 
8992318 
7837439 
8125959 
7717069 
9593677 
8390165 
7512173 
11507625 
8273640 
8426705 
8507147 
7179530 
8425191 
10816617 
7897546 
8256053 
8185235 
6756602 
8166023 
10806929 
7368499 
10553550 
8419505 
7878219 
10812355 
7830939 
8531019 
8945588 
7897138 
8641815 
8817039 
7657695 
8113035 
8259571 
7503499 
7662025 
13538046 
7800788 
7946334 
7473852 
10646308 
8212699 
8185398 
8287210 
7061225 
8466468 
10376867 
7600353 
8072505 
8223637 
6746522 
8408575 
13557149 
7622240 
8034727 
8269348 
7866780 
10448955 
7659768 
8491653 
8962883 
8434807 
8302707 
7544993 
9636939 
8409619 
7569627 
11875194 
8106452 
8339955 
8494115 
7033823 
8627664 
10896103 
7841665 
7933454 
8326270 
10169431 
7689728 
8255447 
9216335 
10941256 
8898027 
8241210 
8417666 
8320435 
8357969 
9400765 
7765014 
8679943 
7558167 
10143851 
7806073 
8202961 
7347264 
8125444 
10038991 
10961624 
8022696 
8716770 
8526901 
9514314 
7689523 
8170570 
9318341 
7551844 
8133094 
8260617 
8287123 
8433314 
8053410 
9362551 
10411179 
8428401 
7825739 
10413385 
8735809 
7496928 
7516206 
8111717 
10120621 
7454497 
8201105 
8126962 
9004525 
7621477 
8388732 
11144780 
9353118 
8258330 
8329149 
7886432 
7444605 
8460210 
7338354 
8645167 
8820190 
7298651 
8214122 
8131552 
9211541 
7479833 
11386240 
8434413 
9625160 
7762746 
8473083 
9158020 
7572872 
8080769 
8265989 
8975044 
8605901 
7262808 
7311531 
8154002 
10086762 
10770971 
8502352 
8340894 
9685309 
7739549 
7874293 
8654157 
10330770 
7667881 
8240891 
7405127 
9637595 
8627190 
7310392 
7412336 
12522782 
9204499 
7481193 
7657649 
8833979 
10174903 
7689366 
8483370 
8169071 
9183959 
7598172 
8244491 
9175800 
7498074 
8105060 
11224959 
9377752 
7961320 
8788287 
7612326 
9884301 
8452936 
7635114 
8332684 
8120290 
8097927 
9467202 
8170581 
7364128 
7541954 
13009749 
8659547 
7633493 
8002039 
8672618 
10089541 
7334696 
7693448 
8151329 
9975355 
7555478 
8099697 
8207638 
8319743 
8140871 
11281830 
9575869 
7749094 
8353598 
9552246 
7787951 
8429301 
7454455 
9721405 
8577720 
7638618 
7249118 
8114414 
10547919 
7510808 
11928690 
8529307 
8407363 
7921495 
8117024 
8271690 
10234220 
7506895 
8175753 
9132820 
7586292 
9690232 
8128592 
7654081 
8163037 
11142555 
8775890 
8427625 
8601917 
9711646 
7353962 
7749357 
8789737 
9828719 
7410282 
8090572 
8983241 
7659670 
8106441 
8253046 
11271226 
8356957 
9956761 
7556466 
7629456 
8256552 
10068799 
8053992 
8432994 
8045597 
9092937 
8495309 
7275453 
8982199 
8615791 
10132713 
8499883 
9235933 
9161115 
7474638 
7302996 
8167816 
10231798 
7828872 
8236740 
8165811 
8104856 
7882614 
9940461 
7531525 
10097440 
8444516 
10623117 
7505449 
8625981 
8681652 
8206143 
9581862 
8358116 
7268104 
8337335 
8068417 
8206470 
9510261 
8231598 
10472759 
9497462 
7583175 
8333626 
8549921 
9434274 
7892845 
8499408 
8073690 
8259356 
8111585 
9727503 
7545550 
7787154 
10156948 
10284933 
8034412 
8290827 
8523559 
8934426 
8332365 
9539525 
7648210 
8199237 
7390664 
10202981 
8238613 
8382706 
7148775 
7835611 
8503830 
10591366 
7738000 
7675020 
10449822 
7533974 
8320082 
8434147 
8393568 
8201294 
8112699 
9729050 
11593208 
7840380 
13235398 
8724715 
7652662 
9313113 
9160997 
7472890 
7222402 
8030546 
8579836 
7569006 
7984303 
8185600 
8137119 
7220803 
8200196 
13870905 
7415570 
9325706 
8721731 
7684547 
8581547 
8587441 
9043654 
9988099 
7958167 
8865368 
9841469 
7639977 
8926044 
11866423 
10169180 
7885221 
9278135 
10078763 
10915027 
8153496 
9839644 
8526398 
8629849 
8852907 
9576264 
8883216 
9090309 
12932184 
8399133 
9888261 
9259834 
9695428 
9964080 
9151438 
8791088 
8725580 
10403395 
8128453 
9131973 
10388258 
7852478 
12781241 
8402320 
9203867 
10189968 
8131702 
9012278 
8965477 
10616172 
7763319 
9817675 
9090074 
9003489 
8303494 
11070304 
8343268 
9136892 
8165385 
9204451 
8901330 
9347545 
10497427 
8195460 
9322470 
8940020 
8877643 
10636031 
8218659 
9244374 
11783956 
8872863 
10536815 
8694488 
8625339 
8766037 
10410968 
8063872 
9204290 
9665127 
10595332 
8960341 
9056454 
11044315 
11433661 
7857871 
9622794 
9586374 
8404674 
8803723 
9587854 
10518934 
7838194 
8326038 
10812914 
9527559 
8143082 
12728155 
8129326 
9195955 
10102084 
8542680 
8878571 
9080175 
9319561 
10830946 
7793333 
9139948 
10213519 
7807369 
8893794 
12827093 
9249533 
8217935 
10228391 
8413155 
8908663 
10313885 
9426185 
8115586 
8757496 
10597137 
7744750 
8864339 
8873717 
11328048 
11019095 
8012136 
9215803 
9257839 
8785954 
10897436 
8277206 
9266996 
8727841 
9966966 
8929989 
8215033 
10197495 
12167585 
7610157 
9100561 
9536621 
8987155 
9298072 
9346627 
8783070 
11039476 
7394894 
8867251 
10361914 
7813864 
12758530 
8156407 
8802296 
9275036 
9049874 
9337306 
8760201 
10762200 
7764678 
9112113 
9135223 
8841258 
9024942 
8852654 
13358037 
8009125 
10164003 
7903722 
9242611 
10223411 
8373701 
10191990 
8638131 
10407308 
7985896 
9017709 
8984301 
9083237 
13271572 
8091674 
9322325 
8692104 
9300489 
10421598 
8063738 
9042327 
9307666 
8873574 
7967732 
8988462 
8072074 
8982934 
8807092 
12036695 
9040211 
9114619 
9265942 
9120449 
11108647 
7886555 
9069787 
8773288 
10758930 
7499501 
9138966 
9370709 
11394128 
8993389 
10756689 
8082903 
9346441 
10341102 
7852795 
9485279 
9097968 
9225967 
8823087 
9053120 
9203382 
10501721 
12190283 
7565256 
10305647 
9499153 
7892372 
10078855 
8093727 
9026928 
8970309 
10373614 
9062981 
7986195 
9999675 
7956762 
11762484 
9103676 
9269103 
10577239 
7662788 
8576860 
8192263 
8402063 
8178678 
9925771 
6977410 
8405593 
9322091 
7036238 
8138875 
11162075 
8782940 
8325034 
8422172 
10246364 
7047409 
8482809 
8166759 
8523224 
7506564 
8129066 
6860612 
8313520 
8199550 
9761978 
11482648 
7556338 
8631557 
9582069 
7519329 
8447812 
9584859 
