122877 
66804 
77052 
55242 
55131 
72549 
55029 
55152 
95033 
79188 
54924 
96989 
55137 
55119 
55215 
55146 
257872 
56064 
55152 
75710 
55092 
55275 
55110 
55011 
55122 
55074 
55119 
55242 
55194 
59283 
80405 
55278 
55065 
55014 
55050 
55341 
55083 
55119 
55266 
61325 
55233 
55020 
55191 
55098 
55023 
55107 
55122 
55176 
55035 
55110 
55122 
55107 
52780 
55299 
55221 
55020 
55161 
80112 
55209 
55143 
55092 
55008 
72519 
55017 
55149 
55122 
55269 
55086 
55248 
55014 
55353 
55236 
55077 
55218 
55014 
55350 
55233 
55077 
55218 
55014 
55353 
55254 
55077 
55242 
55017 
23201 
55350 
55056 
66252 
64656 
64329 
56142 
55431 
55728 
55452 
55140 
55185 
55092 
55146 
54972 
55359 
55185 
55089 
55146 
54972 
55380 
55161 
55092 
55167 
54951 
55380 
55182 
45915 
51796 
56220 
55113 
55110 
55098 
55140 
55020 
55110 
55098 
55110 
55128 
55050 
55101 
55110 
55101 
55137 
55020 
55110 
55101 
55110 
55149 
55029 
31224 
55584 
55185 
55146 
55185 
55095 
55167 
54972 
55380 
55182 
55092 
55167 
54951 
55383 
55182 
55092 
55146 
54972 
55359 
55182 
55092 
55146 
54972 
55383 
55161 
55089 
55167 
54951 
21324 
55563 
55209 
55137 
55155 
55164 
55095 
55167 
54951 
55380 
55182 
55092 
55146 
54972 
55362 
55185 
55092 
55146 
54972 
55380 
55161 
55092 
55167 
54951 
55380 
55182 
56064 
73812 
20492 
55452 
55098 
55107 
55083 
55209 
55041 
55248 
54975 
55110 
55098 
55140 
55095 
55212 
55041 
55248 
54975 
55110 
55098 
55209 
55065 
55227 
54996 
55110 
55095 
55209 
55044 
55206 
546383 
55407 
55161 
54945 
54972 
54945 
54972 
54981 
55101 
55095 
55041 
55299 
55179 
55095 
55185 
54969 
55182 
55095 
55167 
54972 
55182 
55095 
55170 
54951 
55182 
22548 
55383 
55059 
55077 
54999 
55098 
55002 
55098 
55293 
54999 
55098 
55002 
55098 
54999 
55098 
55293 
55002 
55098 
54981 
55098 
54999 
55098 
55335 
55002 
55098 
55002 
55317 
55098 
32250 
55264 
55596 
55137 
55158 
55125 
55182 
55074 
55185 
54972 
55161 
55095 
55188 
54951 
55185 
55095 
55146 
54972 
55182 
55095 
55167 
54951 
55182 
55095 
55167 
54951 
55185 
55095 
26843 
64 
64 
64 
64 
64 
64 
64 
64 
55635 
55392 
55044 
55143 
55068 
55041 
55299 
55176 
55398 
55038 
66155 
54909 
55110 
54978 
55227 
54999 
55722 
54969 
55200 
54924 
55023 
55008 
55023 
54972 
55137 
54924 
55026 
54969 
55134 
54921 
55110 
54969 
55134 
54924 
55026 
54969 
55134 
54921 
33021 
53143 
55566 
55185 
55185 
55095 
55146 
54972 
55380 
55161 
55092 
55167 
54951 
55383 
55182 
55068 
55167 
54951 
55380 
55182 
55092 
55146 
54972 
55383 
55185 
55092 
55167 
54972 
26109 
55647 
55179 
55185 
55095 
55167 
54972 
55380 
55182 
55092 
55146 
54972 
55380 
55161 
55092 
55167 
54951 
55383 
55182 
55068 
55167 
54951 
55380 
55179 
55092 
55146 
54972 
55362 
26757 
58133 
55140 
55182 
55092 
55167 
54951 
55380 
55182 
55092 
55146 
54972 
55380 
55182 
55071 
55164 
54951 
55380 
55182 
55092 
55146 
54972 
55380 
55161 
55092 
55167 
54951 
55380 
25323 
55653 
55185 
55161 
55092 
55167 
54951 
55380 
55182 
55089 
55146 
54951 
55380 
55182 
55089 
55146 
54972 
55380 
55182 
55092 
55167 
54972 
55383 
55185 
55068 
55167 
54951 
55380 
1339337 
67289 
614683 
55782 
55392 
55065 
55026 
55089 
55104 
55089 
55131 
55017 
55101 
55089 
55110 
46738 
55152 
55197 
55182 
55071 
55083 
55071 
55128 
55197 
55020 
55050 
55392 
55206 
55038 
55050 
55170 
55200 
55014 
55116 
55218 
55212 
55182 
55050 
55083 
55293 
55128 
55200 
51537 
38349 
55362 
55116 
55302 
55011 
55104 
55092 
55104 
55152 
55095 
55002 
55104 
55092 
55104 
55134 
55098 
55005 
55104 
55095 
55104 
55158 
55095 
55002 
55104 
55092 
55104 
55134 
46314 
46893 
55557 
55185 
55146 
55161 
55095 
55167 
54951 
55380 
55182 
55092 
55167 
54951 
55383 
55182 
55089 
55146 
54972 
55380 
55161 
55092 
55167 
54951 
55380 
55182 
55071 
55167 
36231 
53292 
55653 
55185 
55182 
55089 
55167 
54951 
55380 
55182 
55089 
55146 
54972 
55359 
55182 
55092 
55146 
54972 
55380 
55161 
55092 
55167 
54951 
55383 
55182 
55068 
55167 
54951 
29844 
58127 
55140 
55278 
54525 
54471 
54666 
55191 
55185 
55185 
55071 
55167 
54972 
55182 
55074 
55167 
54951 
55383 
55185 
55092 
55146 
54972 
55380 
55161 
55089 
29087 
55152 
55071 
54999 
55740 
54948 
55200 
54945 
55023 
55008 
55023 
54951 
55155 
54921 
55026 
54951 
55155 
54921 
55110 
54948 
55155 
54921 
55026 
54948 
55155 
54921 
55110 
54948 
27593 
48383 
55566 
55158 
54948 
55422 
54972 
55422 
54972 
55419 
54948 
55440 
54948 
55419 
54948 
55419 
54969 
55383 
55164 
55092 
55167 
54951 
55380 
55182 
55092 
26295 
55713 
54975 
55386 
55086 
54963 
55386 
55068 
54972 
55386 
55089 
54942 
55386 
55089 
54972 
55386 
55089 
54942 
55386 
55089 
54948 
55386 
55089 
54942 
55386 
55086 
54951 
55386 
18636 
55578 
55137 
55182 
55089 
55146 
54972 
55380 
55161 
55092 
55167 
54951 
55380 
55182 
55071 
55167 
54951 
55380 
55182 
55092 
55146 
54972 
55383 
55185 
55092 
55167 
54951 
55380 
27327 
58092 
55536 
55161 
55155 
55185 
55095 
55167 
54951 
55380 
55182 
55071 
55167 
54951 
55383 
55185 
55089 
55146 
54972 
55380 
55182 
55092 
55167 
54972 
55383 
55182 
55068 
55167 
27768 
57911 
55350 
55380 
55182 
55092 
55146 
54975 
55362 
55182 
55089 
55146 
54972 
55380 
55158 
55092 
55167 
54951 
55383 
55182 
55068 
55167 
54951 
55380 
55182 
55092 
55146 
54972 
26883 
58016 
55431 
55551 
55137 
55125 
55182 
55095 
55146 
54972 
55383 
55164 
55089 
55167 
54951 
55380 
55182 
55092 
55167 
54972 
55380 
55182 
55092 
55146 
54972 
55383 
55164 
55092 
25131 
57992 
55458 
55137 
55125 
55182 
55095 
55146 
54972 
55383 
55164 
55092 
55167 
54951 
55380 
55182 
55089 
55167 
54972 
55383 
55182 
55089 
55146 
54972 
55380 
55161 
55092 
55167 
24210 
55392 
55005 
55104 
55071 
55104 
55155 
55098 
55005 
55104 
55095 
55104 
55158 
55095 
55002 
55125 
55002 
55104 
55095 
55128 
55095 
55167 
54981 
55104 
55137 
55095 
55002 
55104 
109519 
55218 
55014 
55350 
55014 
55200 
55014 
55203 
55161 
55011 
55215 
55005 
55236 
55005 
55260 
55005 
55395 
55203 
55209 
55002 
55116 
55203 
55215 
55197 
55221 
55197 
18729 
55263 
55140 
55017 
55110 
55098 
55110 
55128 
55053 
55101 
55131 
55077 
55161 
55020 
55110 
55101 
55110 
55128 
55032 
55098 
55110 
55098 
55161 
55017 
55110 
55098 
55110 
55128 
29205 
58095 
55161 
55182 
55092 
55146 
54972 
55383 
55161 
55089 
55167 
54951 
55380 
55182 
55092 
55146 
54972 
55359 
55185 
55092 
55167 
54972 
55383 
55182 
55092 
55167 
54951 
55380 
27966 
55086 
55245 
55224 
55224 
55248 
55227 
55221 
55224 
55245 
55224 
55224 
55245 
55224 
55227 
55227 
55245 
55224 
55224 
55224 
55248 
55227 
55224 
55248 
55227 
55224 
55224 
55245 
24681 
55626 
55008 
55539 
55104 
55107 
55125 
55029 
55098 
55107 
55095 
55137 
55017 
55107 
59736 
67908 
63531 
55242 
54987 
55056 
55386 
55161 
55089 
55167 
54951 
55353 
55095 
56586 
48428 
55578 
54927 
