12047952 
12045337 
12045131 
12035444 
12035138 
12035010 
12034202 
12027710 
12017097 
12001863 
11991481 
11980431 
11977213 
11974071 
11967491 
11937896 
11936314 
11931404 
11926201 
11925916 
11925565 
11924059 
11915754 
11906943 
11904604 
11901565 
11898692 
11890597 
11883373 
11877057 
11874360 
11873830 
11867863 
11856015 
11852125 
11836050 
11834014 
11832096 
11831640 
11826770 
11820500 
11817435 
11814287 
11793450 
11789890 
11786340 
11769898 
11766182 
11764752 
11752769 
11747230 
11746050 
11743974 
11741593 
11741347 
11725074 
11722044 
11721174 
11710988 
11706949 
11705528 
11700959 
11695101 
11679724 
11676983 
11673078 
11670317 
11670238 
11670165 
11662403 
11662326 
11656880 
11649255 
11649026 
11649007 
11644996 
11636217 
11634981 
11630167 
11626263 
11605730 
11599640 
11598739 
11597311 
11595312 
11582062 
11575938 
11552113 
11547264 
11545346 
11545236 
11543085 
11539447 
11539427 
11538454 
11537821 
11534496 
11508529 
11500717 
11499022 
11498031 
11486725 
11486349 
11477702 
11468535 
11464445 
11460478 
11456593 
11451112 
11451034 
11444789 
11426060 
11412326 
11381962 
11376467 
11365487 
11335951 
11325193 
11320190 
11318295 
11291090 
11271522 
11270962 
11261816 
11256489 
11239632 
11223699 
11195878 
11165514 
11154587 
11154390 
11148929 
11123674 
11109628 
11098870 
11091320 
11079480 
11076350 
11056482 
11034141 
11019834 
11009451 
10993787 
10981799 
10972990 
10965166 
10954300 
10947537 
10943681 
10942067 
10915286 
10913245 
10898118 
10889466 
10886280 
10859010 
10831552 
10831504 
10828590 
10822584 
10817409 
10815520 
10812265 
10793174 
10789829 
10788709 
10781374 
10780571 
10779465 
10770545 
10755590 
10753562 
10751801 
10747174 
10730191 
10727564 
10725624 
10725432 
10724802 
10723070 
10721903 
10721234 
10717846 
10717652 
10714875 
10714172 
10712184 
10710365 
10709667 
10705286 
10704340 
10702267 
10701198 
10699923 
10698498 
10694200 
10691379 
10687226 
10684751 
10680164 
10672647 
10670864 
10669963 
10669857 
10669167 
10665650 
10663074 
10660177 
10659063 
10659002 
10657776 
10653168 
10650851 
10649119 
10646154 
10645920 
10645537 
10645326 
10644436 
10643477 
10641612 
10641028 
10639953 
10639590 
10639464 
10638372 
10637557 
10627093 
10626178 
10625767 
10625740 
10625654 
10624514 
10622278 
10620358 
10620357 
10619257 
10618660 
10617704 
10617065 
10615487 
10605891 
10604375 
10602510 
10599425 
10595940 
10594234 
10592717 
10591706 
10591446 
10591275 
10586432 
10582653 
10580967 
10580362 
10580173 
10579386 
10578872 
10578180 
10577704 
10577018 
10575705 
10574809 
10574390 
10573927 
10572158 
10571767 
10571641 
10571471 
10568194 
10568074 
10567868 
10563734 
10563501 
10562683 
10559212 
10558260 
10558186 
10557681 
10557585 
10557055 
10555364 
10555228 
10554741 
10551796 
10551176 
10550326 
10549906 
10549370 
10545183 
10543749 
10542720 
10540937 
10539478 
10539081 
10536617 
10534407 
10534278 
10534172 
10533980 
10532269 
10532162 
10531610 
10528526 
10523765 
10523381 
10522666 
10521142 
10519265 
10518069 
10517105 
10516640 
10515911 
10512823 
10512418 
10512029 
10511379 
10510839 
10509993 
10509830 
10507075 
10506549 
10505980 
10505028 
10504585 
10503903 
10501326 
10500388 
10496908 
10495899 
10495108 
10494770 
10494312 
10492006 
10491501 
10491402 
10489366 
10488428 
10484712 
10483593 
10482633 
10480127 
10480114 
10479593 
10479199 
10477965 
10477382 
10476628 
10475824 
10475619 
10475366 
10473961 
10473225 
10473181 
10473049 
10471421 
10471225 
10471009 
10470088 
10470040 
10468852 
10468265 
10467992 
10466927 
10466341 
10466211 
10464122 
10463248 
10462101 
10461811 
10461413 
10460984 
10460529 
10460018 
10456696 
10456265 
10455694 
10453380 
10453256 
10452516 
10452134 
10451908 
10451755 
10450230 
10450136 
10449745 
10449227 
10448254 
10445376 
10445348 
10445236 
10444365 
10442399 
10441540 
10438609 
10436557 
10436394 
10435901 
10435327 
10435244 
10434122 
10433389 
10432020 
10428948 
10428568 
10428313 
10427369 
10425354 
10425185 
10425157 
10423539 
10423436 
10421387 
10420139 
10418790 
10417702 
10417027 
10413037 
10412034 
10410995 
10410016 
10403378 
10402966 
10402249 
10401544 
10399646 
10397732 
10397721 
10397108 
10396278 
10396239 
10395439 
10395089 
10394235 
10386803 
10382640 
10382523 
10378531 
10377294 
10374569 
10373165 
10371864 
10370709 
10370151 
10369450 
10364977 
10363237 
10357102 
10355823 
10349680 
10347476 
10346503 
10346074 
10341065 
10336799 
10336789 
10333672 
10331477 
10330051 
10330017 
10328194 
10326219 
10321350 
10320005 
10319812 
10318936 
10318667 
10318659 
10317415 
10315563 
10311372 
10309198 
10306843 
10295524 
10295416 
10289923 
10287788 
10285199 
10284165 
10283655 
10283158 
10276289 
10273367 
10271828 
10271709 
10267145 
10265853 
10263981 
10257161 
10255447 
10253871 
10252361 
10246490 
10244374 
10239815 
10229467 
10220953 
10220723 
10219415 
10214600 
10203179 
10202662 
10186843 
10185217 
10180095 
10175314 
10173142 
10169283 
10159420 
10149710 
10149372 
10145210 
10145164 
10144769 
10142578 
10137805 
10136945 
10128459 
10127486 
10112929 
10106890 
10106182 
10094136 
10093333 
10092837 
10089602 
10085786 
10085352 
10082355 
10079525 
10077245 
10073396 
10069554 
10068342 
10067483 
10063255 
10062637 
10059000 
10055055 
10054211 
10049500 
10048323 
10044847 
10038758 
10020644 
10017794 
10014982 
10011663 
10001710 
10001320 
9995902 
9989110 
9985764 
9980615 
9973166 
9972141 
9959011 
9958388 
9950761 
9950271 
9942473 
9940673 
9938376 
9935922 
9933639 
9931523 
9930683 
9928242 
9923289 
9921618 
9920611 
9917907 
9917067 
9915505 
9915039 
9913815 
9908024 
9907892 
9907013 
9901329 
9897806 
9896468 
9887788 
9879801 
9878948 
9873833 
9870287 
9866537 
9865300 
9864251 
9862292 
9858266 
9855535 
9854176 
9851370 
9851005 
9850197 
9849802 
9848253 
9847239 
