73389740 
66544786 
57126367 
56411125 
58604251 
57263522 
61548120 
57328096 
58576941 
58713306 
59339456 
59473903 
57901446 
60932905 
56535164 
62145675 
57786048 
62303001 
58796415 
61210146 
56679162 
59492277 
60554720 
56500795 
62025492 
57646033 
60572674 
56245787 
62249937 
57254672 
58113442 
60290955 
58197352 
58503879 
59763742 
59711439 
57623845 
58961060 
59188920 
59136955 
58083975 
57372306 
60611589 
58544303 
59635999 
59792789 
63736906 
55852038 
62001589 
57227521 
59769903 
61302244 
58284731 
60240804 
57744626 
60847036 
55750700 
62014773 
56353785 
62951584 
57210483 
55846889 
62566738 
55549040 
62292879 
56643307 
60404759 
59884459 
59983489 
57863156 
60842588 
57409564 
57717096 
60273958 
57807821 
60221411 
57298510 
60390305 
57237189 
59187058 
56811910 
62832107 
56207405 
57145892 
61348676 
55505565 
62235486 
57245677 
60897023 
56936548 
60156504 
57858133 
56625379 
60965787 
56922918 
61129835 
57088180 
58982867 
57440859 
66452394 
57456080 
60334772 
58982093 
57396160 
60169663 
58595431 
61487738 
56310721 
61543605 
58408476 
59939536 
58583999 
60525215 
56260507 
62083520 
57134569 
58733581 
60269488 
58679982 
60119439 
57192618 
60833460 
58715010 
59947967 
58840412 
60080336 
59106942 
59813351 
58074408 
58343206 
59383567 
59600269 
59503964 
58294257 
61200551 
57668392 
61982578 
56900453 
61040944 
58980915 
58150709 
59469581 
59538050 
60235417 
58323096 
59656650 
58901736 
61857108 
58150413 
62067501 
58032988 
64859787 
59470213 
56868189 
57868721 
57942553 
61848588 
58116878 
62044825 
57977172 
59677100 
58404935 
61451093 
56726438 
62391392 
56551004 
57669174 
60733313 
58938368 
59485019 
57935941 
61693610 
56593502 
60288580 
58244300 
61798962 
58738924 
61180538 
55911219 
57035143 
60417351 
58029090 
60709297 
59273042 
59384945 
59120771 
59570792 
58487583 
59836063 
57336618 
58406018 
62108207 
57454126 
59302197 
57855888 
61772173 
56590406 
60725709 
58884018 
59074469 
58077361 
57296948 
60840505 
57847709 
65045116 
57620925 
60103067 
59894618 
58933200 
58928610 
59086839 
58253774 
62056107 
57372591 
57341096 
60675244 
58046068 
61554990 
56662619 
61924060 
58060625 
59308762 
57847165 
62522388 
56168830 
59532331 
59129446 
59299553 
60698636 
58013416 
59300994 
58225099 
60096040 
59041604 
57866977 
59093496 
57966530 
62732546 
59022445 
59705910 
57720419 
61006699 
59618887 
55514765 
62101935 
58244065 
59214317 
59032845 
61568643 
58831006 
61330412 
58408294 
63658725 
58607133 
59063621 
58741792 
60311674 
62239745 
58062806 
61049309 
57995671 
60834461 
59247221 
60879437 
57584481 
61389854 
58505532 
63147116 
58420846 
61843616 
57170920 
58557376 
60731300 
57104991 
63243326 
56459196 
63031606 
57971941 
61593796 
57802297 
62174163 
58154166 
56019490 
63042403 
56810974 
62693709 
58794492 
61001336 
58299104 
62585301 
58925252 
60069515 
58645066 
63104255 
58176327 
56820060 
60052222 
59990453 
61036836 
58128490 
62051933 
56934889 
61364296 
58309587 
60796912 
57932675 
57405537 
61455757 
58626696 
65560749 
57176606 
62886023 
58648580 
61516986 
58362016 
61320529 
58758077 
58940338 
62108111 
58421385 
60780422 
59208525 
61033686 
58341000 
61242739 
58308315 
62114037 
58151348 
56894207 
62152187 
58537381 
60502862 
57566199 
61903824 
59157905 
59815284 
58518178 
61673790 
57589449 
62178526 
58587913 
61333785 
57710232 
58423605 
60306301 
59315039 
61900795 
59285873 
62299758 
59304346 
61375466 
58330800 
59323905 
59983443 
59567225 
62865014 
59174484 
59853685 
59437463 
61278095 
59842838 
65258973 
59926072 
62669101 
57736533 
61962457 
56784187 
59423786 
61019207 
60110773 
62033523 
57969454 
60937296 
58798883 
62705158 
56917651 
61398296 
59173624 
57020728 
61012388 
58647427 
61154075 
58939126 
60397690 
57046078 
61410826 
58133149 
62547212 
56810144 
58597758 
62086224 
57363930 
62061331 
57619817 
61238394 
59649187 
59744497 
57991471 
60680302 
58154440 
61563434 
58586883 
58020217 
61973378 
58708442 
60777290 
58760840 
62647248 
58692701 
59633970 
59026017 
61320361 
58680878 
64287807 
56861537 
62873648 
58474556 
57270290 
62806356 
59748055 
59968027 
59511929 
63898320 
60247362 
62197078 
61234222 
60383136 
59618260 
63696613 
59931121 
62862652 
58576634 
59726297 
62637771 
59203152 
61058500 
57526563 
63070302 
56882617 
63405325 
58551335 
60995261 
57305569 
63085945 
58103195 
59768492 
58180865 
60432268 
59852989 
58411698 
61027032 
60375321 
61038799 
58382322 
59581460 
60391783 
61127144 
58095763 
59287333 
60925847 
57694593 
61285348 
58361430 
62563792 
59134928 
64462271 
61782958 
61705919 
57912516 
63631757 
59307340 
62144964 
58300093 
58613556 
63693958 
58705368 
60862212 
60991573 
61745538 
59659966 
62024743 
59531647 
60821057 
60717144 
61969298 
59991985 
58828013 
61531206 
58089283 
61090543 
60588956 
60064319 
61569483 
60887310 
57693570 
63957260 
58649711 
58760928 
60152081 
61783658 
60668161 
59567604 
62060762 
58397176 
61768229 
59554782 
62762365 
57531850 
59649660 
62481845 
58311010 
62658650 
57936832 
62405118 
59838501 
61734271 
63449870 
61587005 
58919460 
63529927 
60468023 
62287188 
60695842 
63398924 
59585636 
64441477 
60822421 
58460647 
62191017 
59588919 
61723710 
59986971 
63144821 
59976806 
62276401 
59480842 
62858082 
58579551 
63176241 
60512262 
61958388 
59160771 
58956281 
63060177 
59260270 
62433372 
58645321 
62878779 
58382066 
62411691 
58633104 
63505425 
60577448 
61029658 
59390728 
62742868 
60320985 
59318481 
62976090 
59175985 
63151148 
57627797 
61688761 
60257966 
60482627 
59121981 
60981284 
63734665 
62838094 
56708639 
58169452 
61962686 
57395135 
62215634 
58027672 
60025949 
58474025 
63007964 
57351588 
62787214 
56874664 
59492051 
60275659 
57601065 
61455233 
59729785 
65470212 
56804561 
59891236 
58693892 
61313450 
58087970 
62404075 
56490621 
58129190 
60183432 
59449370 
59738304 
58396038 
60404061 
58177506 
61729761 
57371530 
59832608 
59794559 
58400798 
60797427 
62829753 
60973640 
59942220 
59958817 
58513486 
62994332 
58224560 
57422055 
61218857 
58658777 
62279837 
57186539 
62697875 
63594801 
60433169 
60461944 
59849254 
58142003 
63248423 
57993744 
59128416 
59868374 
60234897 
61126966 
57112834 
63029832 
58689556 
60131226 
59630137 
61205714 
57833887 
59586172 
60823488 
57525693 
62496719 
58498093 
60679104 
58396339 
59900886 
58574642 
61533681 
61101909 
56919972 
63229480 
58670112 
61495392 
58970569 
61558811 
59395400 
59306973 
60326212 
61648049 
58455678 
58587421 
61616608 
60305226 
61246704 
58173036 
61776529 
60458402 
61177350 
59137539 
61366289 
59164460 
66639333 
58449898 
56883272 
64488422 
59479650 
59232138 
58915507 
60177456 
60153151 
61832717 
59014042 
61076582 
58366942 
62118302 
56752498 
60363517 
59906706 
61324148 
60932528 
57542292 
63198532 
57509516 
61529686 
57471468 
61486240 
60572884 
56642468 
62761099 
58600455 
61127691 
57971879 
64345180 
58522022 
59478149 
61005038 
60689617 
56727164 
63547441 
58280405 
59127084 
59229262 
60188335 
60859711 
59221249 
60928455 
57570012 
61976357 
57537874 
63042130 
59184881 
57872075 
61228321 
64226797 
59764805 
59550893 
59983935 
60035125 
61525857 
58439962 
66190640 
58270197 
62082822 
58374480 
62006149 
56116825 
60008426 
60775858 
58919876 
61094652 
58944418 
61377839 
58602669 
63005013 
58530532 
60969905 
58680018 
60116994 
60309888 
60268508 
59834998 
60277225 
63024076 
57740595 
61512180 
58655136 
61312760 
58934297 
60873453 
59264108 
58638695 
61715309 
58085133 
62832606 
59043230 
61462175 
58834726 
61701402 
58088831 
61308636 
58099658 
62551759 
58135792 
58430304 
61487637 
63945206 
60670720 
57979779 
61132011 
59709197 
61865702 
59217450 
61562715 
57062263 
59409905 
61561061 
58804507 
61287904 
59504394 
60885593 
57592276 
62269772 
60082133 
60615249 
58538091 
63545440 
56878753 
59306661 
62352170 
58762364 
60238888 
58969357 
62208280 
59261054 
61194885 
59135911 
63040253 
59582556 
57952633 
57762663 
61309957 
61303341 
57818987 
62145695 
58432387 
62244839 
60854172 
61354947 
56509187 
58853745 
61559211 
59593960 
60157777 
58953265 
61700122 
60607432 
60641039 
65075137 
59962350 
59964984 
63664634 
59539935 
61907646 
60238377 
58990573 
61241473 
60299359 
61172907 
59809800 
62015182 
58745713 
60057711 
60518336 
61046873 
61040565 
63694985 
58808424 
60315070 
62288864 
60231906 
63241454 
60671951 
63544350 
59589079 
62906483 
61964463 
63138565 
60232000 
63650941 
59958041 
61936257 
61595170 
59922979 
63133023 
59516030 
63146088 
61407736 
62262526 
61005768 
62840949 
59458673 
61206038 
61859687 
62425006 
60434181 
63598907 
59534243 
59771487 
65537856 
62103443 
60757468 
62254820 
63397812 
61106370 
62488405 
61060915 
63467044 
59043862 
62880165 
62651662 
61133851 
61555717 
59008092 
64754915 
59883382 
63621397 
59900292 
62463796 
61225754 
63289542 
58583246 
61767411 
62579664 
62126292 
58152631 
64662464 
59854875 
58571703 
64889219 
58954053 
63062643 
60495427 
63451375 
58659789 
64844046 
59409333 
62771402 
58743487 
63478603 
60465598 
62289510 
59589712 
62752123 
57507239 
58681269 
63209899 
60579000 
60831269 
60908297 
67190665 
59079801 
62489088 
58564424 
62687610 
58551238 
63248331 
57689653 
59373259 
60265463 
59831869 
61301830 
59709591 
60139941 
59221137 
61290404 
58074714 
62959776 
58315569 
62825865 
59928479 
58670666 
62476270 
59882205 
61532892 
61572216 
61018941 
61548678 
62594358 
59876457 
61925795 
61360343 
61927392 
61141513 
62567009 
58528371 
64105287 
57636686 
60621398 
63262580 
61507620 
61994052 
59710339 
62291763 
61281572 
62083415 
59076846 
62244515 
57514913 
62769101 
58861323 
65428331 
58382105 
60263893 
60783428 
60587705 
61525039 
59178902 
60959060 
59651032 
61667395 
58754147 
62327215 
59445604 
57973346 
63480189 
58498790 
59971135 
60676577 
61655766 
59011074 
76006081 
63253460 
60030068 
55934175 
59633015 
54945967 
56602415 
57872350 
57393495 
57470618 
57175790 
60011333 
54924500 
54537338 
59876856 
55144393 
60406278 
55714793 
59006764 
55612766 
59875848 
53542430 
58756251 
55487742 
58461600 
59889294 
57439521 
62728613 
57417982 
61024826 
57850825 
62893028 
59236423 
62105397 
58455857 
59209984 
61796728 
59607275 
61969490 
60063510 
63240262 
58383072 
62112925 
63625840 
61890703 
61514767 
61621521 
59795870 
62571775 
59619849 
61125713 
61208349 
61949769 
61357759 
60029516 
62014555 
55084111 
58802314 
55399305 
55325193 
59432819 
55585308 
58967607 
56088901 
60679207 
54238306 
58891695 
55546335 
57572632 
57518500 
55842974 
60329026 
54468893 
61290160 
55778269 
58831269 
57206651 
54558138 
58958251 
57518237 
57477397 
56054863 
58607771 
57765497 
55746460 
57844669 
56951605 
59086103 
55738138 
57638377 
57517284 
57173223 
56298246 
60119496 
54227972 
57715189 
58817460 
61223343 
58704067 
55919753 
58925969 
54786443 
60589389 
55419429 
55092225 
62634649 
58303701 
62749519 
59515232 
62672849 
59658748 
63226862 
56847056 
61177640 
61697507 
62668931 
62382149 
58025207 
61867038 
60473052 
63967194 
60053974 
63629875 
60007849 
60738095 
62072566 
61862084 
59291587 
61956327 
59680308 
59571026 
62067696 
60374889 
62598449 
59317982 
62735446 
61509716 
62918419 
60625618 
60979035 
60920419 
62924195 
58307471 
62705688 
62153190 
62656268 
58842020 
64913060 
63643825 
60085814 
63023004 
59866662 
62519181 
59656268 
62357415 
59639711 
62618736 
60621294 
61357974 
58363465 
63390906 
59435801 
59903016 
63157550 
60914814 
61690669 
60035438 
63449940 
57994922 
63145637 
61238219 
61692891 
58122528 
63689171 
59872853 
63189847 
59174043 
59520832 
63685882 
59139470 
61813375 
59860676 
64022494 
58307188 
62270773 
58547849 
63449449 
59788877 
61659144 
60854819 
61392141 
59894047 
59208726 
63033277 
59665154 
61503160 
64002085 
63622351 
58378797 
66619627 
59969192 
62319523 
60689526 
61946620 
59548492 
62680077 
59886821 
61936638 
60579903 
61829828 
62612131 
59673165 
61602968 
60281985 
62306838 
58729843 
63480448 
59372574 
63399150 
58516152 
62108723 
59526812 
62669322 
59649072 
60803707 
61115891 
60557836 
62018187 
58591101 
62015237 
60124093 
62886915 
59925873 
64421858 
59774942 
62487129 
62423719 
63855011 
60538599 
65204111 
59477279 
65895690 
63987841 
59656209 
63267370 
61170054 
63426629 
61564384 
64035319 
61109393 
67955624 
60012065 
63093056 
61278428 
63663564 
61299650 
65783938 
60892316 
64159481 
63395791 
63282842 
63192723 
64640638 
61215579 
63800528 
62020838 
61619611 
62026877 
61952436 
59750978 
59825178 
63066100 
60757504 
64242190 
60333501 
64352348 
59622616 
63385175 
61546649 
61910376 
60534741 
64866041 
61113674 
61711596 
62036004 
63926552 
60481462 
63696530 
59243900 
65037512 
59740909 
59351196 
64641311 
60306513 
61621372 
63420232 
63974408 
58737952 
65445258 
59849698 
68500866 
60503464 
63811760 
60342131 
63425312 
61192193 
60508343 
59910720 
61291883 
63492495 
61451380 
62372096 
60801279 
64605799 
60585423 
63332264 
61394640 
63314464 
61159148 
61705504 
61010977 
64987647 
60723353 
61265727 
62334308 
63869067 
59397831 
59908285 
58731791 
61778288 
62293799 
60790799 
62438919 
60544511 
62879258 
60254372 
62170388 
62813467 
62187944 
62309121 
63429434 
60079626 
64835072 
61370691 
63522753 
59736278 
61341577 
63008856 
61227385 
62858919 
65740470 
62131703 
61209637 
62733336 
61622737 
66180807 
58534760 
63035236 
61095473 
62628774 
61687243 
63526205 
58651377 
65670328 
59480612 
61025447 
63750960 
60134124 
61757764 
63023158 
62471471 
60947706 
62761742 
60793247 
63085947 
64838805 
62753329 
60738942 
62445956 
60858598 
63984105 
59674739 
59599178 
61087661 
59807775 
64253822 
59342393 
61699029 
60839327 
61204832 
60804681 
61994921 
59419221 
61328765 
59480411 
59471352 
60241624 
60906134 
61232960 
58241365 
61788000 
63417665 
62008501 
57970744 
63278274 
59917196 
61449894 
60510186 
64125214 
59518706 
61418719 
62312474 
58323401 
64728391 
60670887 
63444863 
60639253 
62210123 
61646721 
61828424 
62021003 
61465003 
61070551 
62180123 
59793797 
64059331 
60161357 
60116874 
63798150 
61054730 
61446649 
60329728 
63911794 
61223255 
61667412 
62590394 
67300059 
59843960 
61500999 
60347727 
63566584 
60025629 
63908220 
61156386 
59761615 
62982008 
62081040 
61253954 
60935998 
62796305 
59928033 
67555293 
61371097 
62298663 
60289085 
64033360 
60202510 
64771065 
58946026 
63017090 
61633899 
62925944 
59299366 
59408170 
58823631 
60268042 
64818056 
59431972 
64146293 
60697018 
61487636 
60937254 
64923507 
59399304 
66350683 
60726658 
62154026 
62534882 
61440521 
62380503 
61965681 
60390668 
60192376 
62451873 
59463430 
65012275 
60796510 
61297668 
62113307 
63606904 
60762040 
61729309 
60291110 
64842314 
61832716 
61830481 
61956701 
63320303 
58110719 
64666498 
57285444 
61969246 
66430433 
59757321 
62443454 
59330952 
61820479 
57521497 
65268533 
58637828 
61885221 
59102595 
62427719 
58896460 
58148705 
64028264 
59490446 
61340328 
59286243 
61799416 
58361933 
61504138 
59383141 
59999692 
58883843 
62272690 
60487452 
62880569 
58413286 
57926510 
62139689 
59757322 
59823379 
60183392 
61549989 
59989305 
61097188 
59190861 
64691077 
58130380 
63125367 
58269456 
59933750 
61951329 
59276742 
61854731 
59748335 
62979697 
59083888 
61811755 
60007263 
61554024 
57586872 
67651802 
59046260 
60560300 
59639522 
60560927 
61230070 
58947219 
62568520 
58251892 
62146367 
58991681 
61276590 
60493160 
60121657 
60455907 
62752765 
59681101 
59504685 
63378596 
58729856 
63862841 
59064503 
63066407 
59740598 
62627901 
60397093 
62289762 
61289151 
61740275 
59371241 
62812312 
59857750 
60985033 
63913617 
60194624 
62169463 
59745404 
63880935 
61045958 
61559814 
60787524 
63220980 
59994568 
63859801 
60422035 
63080233 
60808742 
62536645 
59147539 
65496605 
59112127 
66518102 
59778936 
60864117 
62776924 
61187803 
63194838 
59692366 
62821755 
58856513 
62225590 
58817301 
61712044 
64738432 
61146426 
58672855 
59617541 
63298340 
59109010 
62294131 
60696918 
62358556 
60193909 
62463286 
60182711 
62614408 
59865055 
63243225 
61331482 
63618472 
59086646 
63664299 
59900213 
61142664 
62771858 
60993855 
63744238 
60329738 
62990778 
61299012 
61209149 
62433524 
62083231 
60785008 
62991327 
60954305 
63391730 
61104625 
63189917 
60729452 
62602842 
60020333 
68623310 
60468787 
63166583 
62426869 
62439133 
60298234 
64155019 
62191185 
58655221 
64847650 
59426447 
63138496 
61267111 
63014442 
58938041 
62327708 
60731917 
64057415 
59563135 
63459670 
62891317 
61928851 
60879875 
64164960 
61036511 
61553815 
61510273 
59463110 
64519595 
60357218 
65831523 
60459631 
63993633 
60775845 
61593236 
61783749 
63609260 
61540455 
63530499 
58898236 
58796707 
56101338 
55369008 
59958387 
57907580 
58985603 
54967551 
61020490 
55756111 
57107869 
60303424 
67435754 
56765975 
59297637 
62894373 
64358243 
62307252 
60005637 
63458344 
58880511 
63415933 
65205961 
60746107 
60596101 
63222838 
59741023 
61982581 
57325053 
61296288 
62153476 
59782971 
60515728 
61078583 
62097645 
59836919 
61523976 
58967264 
61496668 
59143062 
61489681 
56765939 
64127953 
60522756 
62377187 
56803874 
60870731 
60517637 
59341295 
62702968 
58290405 
64064476 
59553850 
62520759 
59034552 
61001964 
61498657 
57635279 
62650462 
60293343 
61602732 
60584941 
62376561 
64008043 
62531007 
59101380 
62267790 
60276716 
63142811 
59831562 
60417252 
60168174 
62880053 
59659927 
59126854 
61717957 
59906781 
61852236 
59034710 
63382155 
60617080 
62306358 
60672329 
61814036 
58214769 
63916708 
61229249 
58429095 
62764166 
60206165 
62834576 
59389393 
62506749 
58527148 
62840542 
59354765 
63834325 
59462905 
62210225 
59603687 
64065931 
58788337 
61749110 
61473774 
58400643 
62325489 
59754632 
63649684 
58505490 
63580807 
59682569 
62444143 
60550956 
60954952 
64503519 
62794930 
59997677 
64029337 
60401186 
64051403 
59681728 
64112896 
59672517 
62355086 
61628231 
56488840 
58077735 
55865584 
59810102 
54797334 
58947232 
57836564 
62491382 
60282309 
58469686 
62041488 
61952118 
61443494 
59986532 
64206753 
60096042 
61189094 
61358435 
63208300 
60709391 
62669180 
58531378 
62878554 
60356879 
60331629 
59686563 
61519783 
62061230 
58739639 
64212342 
58907918 
62139432 
58476830 
63173736 
58189877 
64120248 
58427060 
65061139 
58677440 
63453016 
63837112 
64938133 
58395369 
60112007 
64293159 
59112132 
62666486 
61337951 
62994173 
59568922 
62813164 
57839933 
62645156 
57946131 
58236892 
61920894 
61536902 
62112758 
59628275 
62375662 
60195140 
62137649 
59583147 
62754819 
59470125 
62057772 
57914146 
62904090 
58708416 
61464020 
61808200 
59716569 
62362817 
61127640 
62131050 
60200696 
60574602 
60765479 
61910845 
58931161 
63989508 
59999601 
62710274 
58621215 
60034536 
62746543 
59566850 
62333589 
60302297 
60120065 
59622223 
69360904 
59274037 
63570982 
58254965 
63955079 
60716576 
60997941 
61471235 
65559614 
61649481 
59348466 
62366596 
60679345 
62379461 
59515906 
62813213 
59494888 
60939524 
60349952 
64390255 
59576319 
60920689 
60898271 
60996390 
60753634 
59706028 
61149944 
58630528 
65151197 
59430534 
62233471 
59802537 
61896632 
58082715 
64904865 
58670860 
61215758 
61771543 
58746284 
62989547 
59513251 
62538628 
57666984 
63511964 
59277092 
61106413 
58798277 
64296842 
59897434 
63854145 
58973683 
67557819 
59889145 
62524979 
59258537 
58285238 
61114514 
61173265 
63338364 
58118556 
58766163 
56355051 
59061888 
55880381 
57983563 
56917589 
55514101 
60010895 
54909335 
62158276 
55449549 
59117622 
54871851 
56123973 
58893207 
55746463 
59018161 
56944360 
59062311 
58817619 
64991657 
61004573 
60296282 
64135162 
60459273 
61919809 
60272939 
63555483 
59364970 
64208966 
