15144453 
15352240 
9900871 
12069041 
10638489 
11361228 
10709831 
10496742 
11159769 
15058346 
9644195 
11477324 
10544112 
11824121 
10888107 
11934741 
10413236 
10760538 
20366160 
11575873 
14393332 
11798455 
9870151 
11546914 
10246508 
11283385 
10647594 
10507937 
11412532 
10839845 
11819355 
12264559 
12645532 
9954831 
10800925 
11579624 
10231820 
9763608 
10750630 
12689784 
10708780 
11617292 
10127938 
14064808 
11820461 
9994958 
10210670 
12285088 
10427520 
11085359 
10687558 
12395855 
10136582 
11581568 
10222105 
14740770 
10408671 
10508132 
11915773 
9976834 
10769819 
11309539 
10850846 
10967822 
12216815 
10230336 
14105870 
11791965 
9983910 
11780896 
10106141 
10872245 
9558632 
11187106 
10101568 
10035403 
12675992 
10907857 
13675879 
11939152 
9965230 
11701300 
10252682 
10779012 
9670275 
10865938 
13461569 
9880670 
12550473 
10269591 
13576821 
11998639 
9962690 
11819385 
10047766 
11062099 
11023271 
11345437 
10726785 
10906531 
12237210 
13919576 
9878581 
11030598 
11893479 
9999046 
11900902 
10395027 
10919340 
10701339 
12198660 
9748390 
12835663 
13002611 
9861478 
11959812 
9969726 
10904722 
10239412 
12837616 
9783359 
14179215 
9553463 
14046513 
10741638 
12216943 
9522329 
10165930 
10740879 
12992370 
9969122 
11783949 
9923004 
10815537 
14157746 
11881135 
9832740 
11332921 
10315729 
10509607 
12420134 
10022009 
11275569 
10831984 
12199669 
9240727 
23317382 
37641288 
11793818 
10369826 
10276770 
10284653 
12709437 
9667522 
13874824 
12376153 
9680643 
11772354 
10271623 
10844921 
11131356 
10670019 
12142094 
11156316 
11071495 
13276825 
10760645 
12112571 
10639716 
10064131 
11453435 
11025317 
10979799 
10923871 
12026538 
10033151 
12256917 
13056202 
10979690 
11988363 
10081820 
10966110 
11822139 
11591502 
10459154 
11015239 
10811866 
12163417 
11699110 
12924687 
12773303 
10648294 
10523774 
12202306 
9828523 
11404060 
11022559 
11923623 
9974665 
10683436 
15652546 
9757837 
10761811 
12143998 
10168536 
10865754 
12215095 
9992187 
12069603 
9978802 
11672537 
14366149 
9761364 
10212473 
10598284 
12701480 
10029089 
10972601 
10996223 
12386836 
10224660 
11731107 
13458019 
10714408 
11002622 
10359960 
10717814 
12654883 
10061067 
11111055 
12355728 
9836752 
11716229 
10259777 
14099678 
11998150 
10112635 
11623269 
11130913 
9951714 
12028740 
10085106 
11781406 
10223755 
10889065 
18024922 
12159979 
9866078 
10009694 
13353536 
9993535 
11502177 
10848921 
10970212 
11049963 
12371665 
12897244 
10843379 
12580929 
9687100 
11849755 
10164933 
11295524 
11223643 
12037828 
10253478 
10914636 
12263036 
13113708 
10442971 
12725848 
9631903 
11129930 
11265776 
12438376 
9960670 
11868285 
10418393 
11706506 
13642516 
10632799 
11078250 
10739407 
12474222 
9630204 
11347426 
10978932 
12220996 
9919281 
12115214 
9896266 
10717587 
11898609 
10072966 
10691256 
12294666 
9834723 
11434099 
10732295 
10477225 
11463247 
11970561 
9824878 
14078448 
11818428 
10144158 
10719925 
11025126 
12496801 
10056681 
12255948 
9827717 
11999029 
9887284 
14029646 
10757058 
11938301 
10285131 
9829103 
13374739 
11068373 
9799412 
11129970 
12364650 
9677493 
11993044 
13315699 
10719807 
11869400 
10049142 
11442160 
10847488 
12648941 
9637504 
11338174 
12896590 
10915484 
9484246 
15428588 
9807511 
11528583 
10114156 
11068362 
10686904 
12680171 
9600870 
11300461 
10627912 
12414393 
9905380 
11985966 
9690881 
10722185 
12014911 
10006059 
10866550 
11135307 
12499058 
9764970 
11034724 
10825100 
15279027 
10124344 
10747074 
10802337 
12185736 
9890958 
11377909 
10896049 
10663430 
12516529 
9694387 
12229747 
14086321 
10110905 
10716650 
12014568 
10165979 
12031859 
11446638 
10479244 
10775801 
10100459 
12655304 
12550106 
12080909 
9628099 
12923694 
9436510 
11690930 
10338038 
11161226 
10773880 
12482044 
9509010 
14345248 
10446667 
10675759 
12590176 
9730117 
10678185 
11152840 
9939789 
10868748 
9594081 
12484222 
9508480 
14288251 
10693709 
10894402 
10998484 
11072121 
11129945 
12668951 
10116338 
10959728 
11206226 
10326376 
12317864 
12689461 
12471716 
9683259 
10923509 
11073080 
11260078 
12277730 
9655141 
10959645 
10991628 
10675703 
16626254 
10575066 
10928334 
9273485 
12498699 
9427408 
11261101 
12002555 
9898059 
11504226 
11649149 
10693204 
13955414 
9382879 
13383874 
10593420 
10784834 
12871634 
9930234 
11381497 
10848395 
12102176 
13227685 
10604669 
10925562 
10708884 
12607268 
10778913 
11135167 
9357703 
12463133 
11071846 
11107891 
9379565 
15625612 
10841588 
10872612 
10260472 
10687560 
9935893 
12912822 
10844328 
9517869 
12404192 
11180277 
10821044 
9937570 
10366164 
10756358 
12685239 
10703791 
9609148 
11142924 
10828962 
12707667 
9539225 
12192709 
11296170 
14097452 
10959453 
11048325 
10678639 
9571356 
12792318 
11134302 
9585504 
12436615 
9864275 
10832686 
15329006 
9550153 
10895714 
10712027 
12633969 
11003657 
11260081 
11130098 
10992103 
9575084 
12453692 
11159102 
14036958 
9515973 
12439874 
11430576 
10941856 
10870207 
9736259 
11207140 
12975976 
10839459 
15249284 
13751411 
10889844 
10937754 
10002413 
11090564 
10875895 
13207556 
10856251 
11218396 
10915788 
11117881 
9602919 
15787090 
10876072 
9586856 
12823341 
11239298 
11589060 
27531769 
26041367 
15251811 
9679473 
10935553 
11142179 
11491878 
11777610 
11523227 
9671597 
12608569 
11376432 
9690524 
15566706 
11205759 
11135070 
11074594 
9610988 
13174361 
11257070 
11185715 
11087360 
10264462 
11207210 
25681706 
10562734 
22646308 
10599324 
9800653 
13527117 
11117510 
11106459 
9671613 
13862535 
10889149 
13729971 
9667168 
11737652 
12747913 
11294218 
10349775 
10981848 
11048421 
10840911 
13476364 
11192211 
14143462 
9759695 
12983799 
11081763 
11079620 
10100514 
12615441 
10450863 
12709271 
11516616 
11111429 
14194335 
9398239 
9848755 
10971335 
11267599 
11311558 
9810640 
13133061 
11465318 
11041801 
9806126 
16017353 
10959495 
9661060 
12495310 
11348743 
11126669 
10185520 
10795676 
12959947 
11012997 
10802754 
9819019 
16129362 
11146914 
11006026 
9556701 
12783953 
11319158 
10953191 
9653259 
12627245 
11052070 
10989872 
12555845 
12670325 
11260204 
10613422 
10050068 
12864784 
11391988 
10796838 
9612163 
11228730 
11265297 
11225806 
16032686 
10891840 
10972132 
10941116 
9550972 
13173539 
11337274 
10778317 
10980267 
9621165 
13320087 
13769738 
10569013 
12476172 
11019567 
10949719 
10593028 
11208412 
10656423 
10826293 
13433437 
10947561 
9744803 
13968312 
13254129 
10712728 
11124033 
9970603 
12232318 
11400227 
11109814 
10895513 
9729313 
13300017 
14157420 
10635404 
10917186 
9576949 
13041246 
10543290 
10281546 
13217678 
10846940 
10957671 
11145292 
9696795 
15942604 
10981086 
9669366 
13149874 
10781270 
10942588 
9677312 
12750295 
11188150 
11178871 
10678417 
10030870 
15650907 
10960842 
10973957 
9639077 
13052575 
11371773 
9631139 
12597520 
11442799 
10929977 
9793717 
12475542 
11136473 
10927960 
10477519 
10406651 
13148246 
11109490 
11035996 
9623830 
13426197 
10799743 
14002685 
9785716 
12853171 
10989601 
10556673 
12571533 
10617539 
11059936 
10985283 
9554309 
13037551 
14362655 
10509227 
11700543 
11895727 
10568411 
9477926 
12957877 
11306366 
11111830 
10393736 
10024353 
13069352 
11380069 
10824610 
10965848 
9429378 
13152131 
10970045 
11043748 
9528721 
11535813 
12911743 
10659954 
14241211 
10923138 
10899211 
9744549 
12988678 
12387476 
10330387 
13097859 
10589536 
10073682 
12489592 
13999808 
10902585 
10921665 
9578852 
12863124 
11124973 
10750120 
9818096 
13269359 
10629709 
11330800 
10753077 
12554350 
12943037 
10910868 
9222490 
12654092 
11390798 
11033054 
10035204 
15094608 
11149782 
13357483 
9528207 
10402050 
10705783 
11203415 
11166774 
10089625 
13035625 
11169702 
9223145 
12991099 
10674569 
14430987 
16633349 
10658300 
10901724 
10983535 
10025133 
13119085 
10988970 
9892945 
10759313 
12992969 
14003604 
10975718 
10873720 
9690510 
13263967 
10972709 
9680254 
12769378 
11261359 
11210407 
9874107 
15938524 
11075027 
11052803 
10577592 
10062177 
13110498 
42542529 
10434364 
24884599 
10715421 
11277118 
10374724 
10437101 
11738271 
11353446 
11496587 
13140135 
10395018 
9991957 
15969487 
10491061 
11073665 
11188594 
9665516 
13139391 
11387979 
10538775 
10230280 
13171658 
10832507 
14517709 
10649289 
9403628 
13402388 
10738538 
47075385 
10157749 
9950612 
11206098 
13447605 
12884871 
11009238 
10335081 
13001707 
10711948 
11041146 
12120436 
10850195 
10973788 
9469962 
10458640 
10393878 
10681498 
11888602 
10806517 
10944359 
11154354 
9867360 
13170708 
11026630 
11769068 
10733267 
11027898 
9523410 
10960797 
13256989 
10263646 
11006527 
10955973 
10836100 
10023784 
13302211 
10637127 
9494775 
16456177 
10680007 
11411512 
10662168 
10331780 
12150774 
10803561 
10643875 
10903531 
10071261 
13428493 
13418340 
9536450 
12727396 
10721840 
10995914 
9521906 
14129468 
10760836 
9780958 
10757747 
13351398 
10943948 
13737471 
9370881 
13104083 
10371064 
10904635 
9903157 
13103810 
10972097 
10801247 
10898385 
9837621 
16094885 
10914042 
10712265 
9675552 
13538365 
10421282 
10915648 
9342828 
13591035 
10298726 
9543521 
15991499 
10568410 
10112181 
11211931 
10014544 
13677902 
10990663 
11544243 
10368022 
11552485 
10791531 
15197755 
10004004 
11907662 
11761852 
10476353 
10373318 
11344054 
12423084 
10290058 
9894322 
13463295 
10553736 
10833964 
9435591 
13342159 
10410701 
12466305 
10478877 
11725709 
10606596 
10693081 
10825459 
12991742 
10133022 
14103402 
11761843 
10490460 
10766317 
10915089 
12186511 
10811069 
11400486 
10582799 
10602520 
10834327 
15154006 
10869173 
10149261 
12776684 
10085112 
11270329 
11714006 
10356594 
11340306 
11538743 
10554148 
