47503943 
47584391 
49589337 
45934021 
43906553 
48311194 
44988624 
52106177 
47809804 
45960328 
45210683 
46323752 
44503274 
49981698 
45515212 
46440849 
48000040 
45717853 
45390989 
47917573 
46102525 
45264373 
47939433 
44309616 
50163584 
44396828 
44973888 
48429682 
44767298 
45272664 
46120701 
45796070 
45309663 
47673096 
44190666 
42765769 
48990183 
44004596 
42797109 
47350248 
45693147 
44041616 
45481152 
45808355 
44819069 
46932422 
44261211 
48467093 
44017251 
45055026 
47034413 
43857809 
44072354 
47332138 
44013867 
44980315 
47202911 
42540715 
45769702 
46638869 
44143975 
46146399 
45907438 
43856046 
46497246 
47268152 
44315165 
42913351 
49367744 
42526318 
46319008 
47083881 
44606653 
44509766 
45743511 
51876301 
45699380 
45085220 
45464846 
45794637 
46568450 
42801548 
48640991 
45217041 
42767768 
48636023 
45624274 
44710929 
46063083 
46076335 
44558459 
48332961 
45266667 
43740846 
47524636 
43076595 
47833453 
44587188 
46312837 
45418829 
44982218 
45696365 
46948448 
44342029 
44798409 
47076905 
44712291 
42839339 
49262274 
44695654 
44156712 
45961982 
46035032 
44586073 
47807022 
43358391 
44508235 
48134827 
44022625 
43982229 
46926809 
43848487 
44141238 
47742338 
43539975 
44582642 
48935538 
43847862 
50166187 
43922580 
43763860 
46910039 
44776429 
44303133 
46581060 
43849480 
44352174 
47963665 
43892628 
44801164 
46738042 
42105682 
43148667 
52900102 
44392654 
44326015 
46833309 
43844200 
45049274 
47164534 
44634134 
48438776 
43782967 
44870462 
48780136 
44498197 
44779918 
48640147 
45448005 
44695416 
48111484 
45095483 
45843508 
48259398 
46097862 
45273561 
48086066 
45089463 
49384448 
43699196 
44647536 
48368942 
45988366 
44371870 
49310970 
45723852 
44262960 
48424269 
45058406 
44699940 
47386546 
44287758 
44993724 
48001705 
44419770 
47123135 
44747631 
43859225 
47891178 
44886681 
43588005 
47293547 
45165761 
44004503 
47747392 
42797865 
44636040 
46937116 
44372041 
45631234 
47023778 
43261983 
44200850 
47275486 
43894166 
44482347 
47209337 
44796840 
49932553 
43672192 
44025993 
48441412 
47316714 
44733160 
47191414 
45335370 
43441004 
48072802 
44280782 
43453726 
48036799 
43323192 
48915046 
42556276 
45468393 
46276055 
45413883 
43168185 
48064355 
44515576 
42910106 
47930156 
43089202 
44291510 
47148871 
45488258 
43035664 
46353052 
44150525 
45118230 
45890166 
44110828 
47755098 
43892534 
43998555 
47096164 
43705890 
45525002 
47076377 
43117156 
44901216 
46997171 
43309744 
42769185 
47383127 
44602481 
45388896 
45320034 
45311850 
43900371 
47187769 
43642373 
44366799 
47404026 
44394960 
43967188 
47178016 
44198779 
46936926 
43409566 
43719214 
46698540 
43018433 
45471510 
45011627 
44921043 
44190369 
47674738 
43120158 
43742944 
45160298 
50713915 
43932574 
46925001 
42129502 
49144727 
42082839 
43948910 
49623349 
43452136 
44966615 
47254740 
43188122 
44049881 
46654996 
44398873 
44365712 
46779241 
43686890 
44127249 
45709177 
44901198 
44312929 
46343188 
44134490 
44277373 
46934746 
43839531 
42762461 
47538790 
45297064 
44238695 
47005629 
41818888 
45928417 
47248033 
44545499 
47004444 
41674446 
45949114 
47698418 
43254267 
44622542 
47603955 
41402645 
45651444 
47366574 
44442191 
44409675 
45282399 
45017107 
43182002 
47654494 
45756922 
42818819 
47864888 
44279170 
44344360 
46823220 
43742896 
44055625 
46813669 
44360287 
44236721 
45601481 
45380069 
44111397 
45871381 
44249968 
47599857 
47004467 
44633208 
46523030 
45333221 
44506512 
47388781 
44184250 
44240285 
46695725 
43635730 
45255791 
45044373 
45559519 
43670108 
47393338 
44173723 
44654609 
46659712 
43335641 
44038741 
48340289 
43507508 
49994561 
47384543 
44439401 
46887566 
51725442 
42673170 
44591186 
47545062 
45248955 
48367045 
43831226 
44659561 
47514937 
44211611 
45450642 
48705798 
43330609 
42894913 
45138331 
41356531 
43037352 
46852624 
42479621 
46765252 
46081853 
44673975 
43357849 
47245378 
43805733 
44236261 
46521584 
44336407 
44285234 
46111719 
44591264 
44914037 
48101022 
44310146 
44579272 
47053047 
45064820 
43394124 
47991925 
42255221 
47464714 
43915973 
51087398 
46976312 
44087439 
45360626 
47827129 
46323375 
44187094 
46625175 
47317608 
46230477 
47921120 
44629019 
47217178 
45362351 
44382565 
47185284 
46044001 
44081589 
48107835 
43759528 
46237798 
48492251 
43981095 
44870596 
47947633 
45451768 
44994517 
49374407 
44327372 
44480119 
47262564 
47220393 
47285532 
44456983 
47243380 
49332049 
44363456 
45501304 
47798820 
44808240 
44880869 
47657052 
45371066 
44542816 
47821239 
45158513 
46269478 
44916676 
44298348 
47906862 
45099548 
47056834 
46191236 
45195200 
44717247 
49450486 
43254824 
45076739 
47841348 
44841971 
45060422 
47988992 
46190973 
43536801 
48414826 
45494676 
47422607 
46292213 
48972695 
47026046 
42715154 
45499901 
48096076 
45494553 
44719064 
47172804 
46033387 
42388607 
46167225 
46468084 
46240523 
45504996 
43178421 
49713629 
43364743 
44881611 
47491065 
44614546 
50966202 
45978925 
46740308 
42068737 
47297792 
46198398 
44509666 
45845334 
44752772 
44351250 
47151745 
45952361 
46390258 
45668395 
43126861 
47808618 
46292569 
44456491 
46871944 
43196147 
46437493 
47883043 
45282294 
43103452 
49196589 
44583046 
43925871 
48281599 
46200366 
48713970 
44329913 
45389446 
47496735 
44668798 
44190246 
47109609 
42216754 
47242751 
45221897 
44126955 
44017039 
48377326 
42725367 
45453396 
46895104 
44360268 
43849266 
46745159 
48270520 
43789338 
46251800 
43982552 
43573962 
43549235 
43825406 
46584550 
43816108 
44500135 
45002971 
45039449 
44070235 
46999758 
44215450 
44535640 
44940484 
45321753 
43662315 
46827667 
41657055 
44489972 
46458776 
44195004 
44422165 
47143730 
43891476 
43966345 
46580298 
44171822 
42276083 
48848819 
44032727 
43927238 
46789752 
43968305 
43867297 
46614492 
44215958 
47286723 
43912709 
44256167 
45224688 
44510293 
44625756 
47176516 
43377859 
43986472 
47461785 
41772884 
45364298 
47119488 
43736586 
44965280 
44696149 
45510443 
44503370 
46455810 
42591423 
45268208 
45462654 
45742299 
43845132 
46503268 
42586143 
45306437 
47161186 
43664034 
43585366 
51454294 
44549699 
44918712 
45914469 
43860243 
46156772 
44436854 
44020317 
46624850 
44191349 
44132056 
45111284 
43598054 
45707147 
46665198 
43273169 
43776256 
45117910 
45540616 
41423264 
47398060 
45650699 
44291295 
46357964 
41753032 
45453192 
46750409 
42732718 
44484720 
46789228 
43975689 
43651051 
46002587 
44454212 
45027363 
45893263 
43615800 
46533958 
42988769 
43951204 
48448245 
42511752 
43336320 
44441602 
41289725 
42628897 
46875635 
45109407 
42999531 
48559405 
44088149 
43585746 
46410138 
45308532 
41713333 
48652788 
42772661 
45025238 
48004389 
43235716 
43225115 
46710239 
44379918 
42771865 
46861905 
43569268 
43582016 
46602368 
41773493 
44284332 
49828120 
44022057 
46972303 
42190670 
46131293 
46123391 
43934495 
43999232 
45755498 
44963141 
43192749 
46763143 
43789029 
43975805 
47191058 
43498094 
43675996 
47214154 
44718630 
42860259 
47682296 
43793460 
43200468 
46818881 
43361765 
44747425 
45927866 
43952097 
43546160 
46354447 
43642761 
43612990 
46859826 
43737604 
47334837 
43254494 
44123168 
48275062 
42358272 
43279017 
47956322 
41979241 
44065034 
46614949 
43487375 
43300569 
46865789 
44375110 
43833050 
45707857 
44302863 
43197838 
46887862 
43772111 
45124894 
46363061 
45720538 
44157195 
45915141 
46031726 
45827335 
46528445 
43546051 
43886794 
47108545 
43564911 
46114657 
46101679 
45185095 
51758806 
42617960 
44859683 
48309533 
42706045 
44064501 
48176050 
42271479 
44612470 
47052450 
43965432 
45211449 
46386429 
42800408 
43991870 
48202956 
43844793 
48472645 
46616153 
43901236 
42035456 
46826669 
44786676 
43899927 
46241043 
42373001 
43617472 
45944457 
45076150 
42381896 
48142331 
42264156 
47054044 
43006633 
45404075 
46958660 
43605892 
43706371 
46166056 
42978218 
43395220 
44949357 
44808540 
43928108 
44986993 
43453126 
43849285 
48176370 
41844664 
41323261 
46709934 
43452036 
43430827 
47295625 
43313927 
45392882 
46416709 
43068087 
43462466 
46372081 
41741901 
44959620 
45116638 
45685566 
43206148 
46632697 
44073706 
43705890 
46100128 
41881735 
48413620 
47853310 
44620844 
48931028 
42518706 
42878207 
47390583 
41831782 
45350896 
47141612 
42944166 
44285020 
46474583 
43718988 
44297963 
46497308 
42940086 
44303183 
46367526 
41497648 
44988672 
45161964 
45028868 
43895115 
44984577 
45636989 
43973850 
44615110 
44033019 
45883818 
48942982 
43790672 
42389124 
48390861 
41503948 
44670199 
46843522 
44406313 
43725526 
47171817 
44751502 
46950393 
42016558 
46460352 
47980371 
42025723 
45079120 
49493004 
44082515 
43811500 
48034485 
46448216 
45006180 
46765724 
44273721 
44505809 
47990857 
44152596 
44713131 
47713038 
45430923 
44657526 
47178277 
44731405 
45601332 
46693345 
45142184 
47463871 
45207713 
49409759 
46976326 
44871322 
46247632 
47597357 
44375805 
45308460 
48314021 
44133390 
44556952 
48044913 
45791643 
44086405 
48039977 
44827448 
54089926 
44692382 
45062471 
47571192 
44907976 
45044159 
47664590 
43419552 
44816291 
46931264 
46020453 
44664441 
47673030 
43517998 
44086847 
49273914 
43271197 
44196252 
47581556 
46465218 
47318338 
43405588 
43810193 
47449767 
43823853 
43866469 
49554801 
44877676 
42502967 
46657733 
44377087 
43438364 
47115697 
43521174 
42642755 
48975274 
42369577 
46254094 
45627573 
44647757 
42977516 
47643914 
43689660 
45969665 
42832882 
42690724 
47700339 
42303418 
45165635 
44755628 
43115220 
45527739 
45772995 
42763417 
48239686 
47303944 
42685029 
43676516 
45969796 
45230125 
42855666 
46872088 
41180948 
44272068 
46884357 
43480938 
44721129 
45098299 
44812638 
43415469 
46764472 
42024103 
42544594 
43167045 
41235033 
40863629 
44469690 
40169695 
42837328 
44596747 
39934844 
42403292 
43909994 
42296514 
50300660 
51365169 
45831295 
46866658 
48616609 
44025409 
46163576 
50054511 
45436366 
46369225 
46419980 
46120516 
47037430 
46813536 
47427429 
45406590 
47904855 
54166073 
48581984 
44866827 
45404479 
48470216 
44847034 
59021796 
44522946 
45885420 
48467156 
45178002 
46500670 
48641698 
45561227 
44297076 
49253211 
45187372 
45415500 
46323692 
46572618 
45296279 
47590223 
44409821 
45123480 
47559190 
44897927 
48690510 
44086012 
46426121 
47845557 
44294083 
45546733 
47888569 
44564047 
45234468 
47710176 
43069408 
49590581 
49441713 
45186207 
45388031 
47978014 
45641733 
44517628 
47637978 
45316174 
46719829 
46288328 
45544830 
48003853 
44569689 
45208343 
47961562 
45108394 
45117476 
48008834 
45047963 
47019638 
46193556 
45527218 
48346486 
44532834 
45522200 
47687083 
44980973 
43978634 
49189700 
44678576 
44589891 
48052665 
45131237 
44752053 
48166719 
44943454 
46538291 
45744070 
44610756 
46524107 
45594404 
45642293 
47092688 
44256290 
45050080 
45660863 
46451683 
45328115 
47153781 
42109702 
47156827 
47149187 
45061164 
44664987 
48607955 
44204519 
45195641 
48104499 
44871280 
46255969 
46959184 
43194632 
48841454 
46006429 
44607457 
47358668 
44443242 
48977770 
48334748 
43753058 
47164403 
47759211 
43921904 
44845026 
47340886 
46195553 
47479633 
43880800 
46320807 
46275117 
45270391 
44972230 
48489852 
43545023 
46049375 
47478132 
44226260 
43786950 
47274362 
44124613 
44934871 
47015474 
45135564 
43942200 
47463097 
44204194 
49341283 
43606502 
44410921 
49737651 
43812244 
44368928 
48121139 
44670756 
44268737 
48124370 
43736050 
45181581 
47394737 
43700375 
45387558 
46574376 
45620297 
43534182 
47652189 
44860562 
44549863 
46388353 
44665236 
47319729 
44843709 
43951715 
48942120 
43356280 
45012460 
48395215 
43780426 
44901933 
47296459 
44164740 
46549969 
46098276 
45574464 
43688790 
46963716 
50322866 
47950132 
43141233 
46180950 
47609335 
42769119 
45169047 
48366794 
44448764 
45078789 
49103938 
43796546 
44558794 
48353415 
44056896 
45185126 
47934490 
45265259 
47674353 
44641019 
45265832 
49544524 
39810547 
41136015 
46627361 
44511422 
44969292 
47722875 
44897598 
44930823 
47909260 
45064875 
44407652 
47932415 
44205707 
44894974 
49003739 
43641268 
49245036 
43209823 
44891289 
47223236 
46764865 
45281757 
47609610 
44267866 
45423762 
47238734 
44734391 
44437793 
47494240 
44770994 
44891298 
47216185 
44211620 
44138752 
48673425 
44325318 
44322885 
47977987 
44343821 
47454909 
42707816 
44039990 
48945933 
44104690 
43983097 
46335514 
48778686 
46208707 
47364318 
44062289 
43108571 
47572994 
44756139 
46109639 
46934857 
42696126 
45450990 
48590728 
43078442 
43822867 
46983971 
46437458 
45841427 
44405760 
46562452 
46372927 
44171575 
44688180 
48831453 
42941197 
45366761 
48044963 
45386149 
43108073 
49277143 
43580447 
43653211 
47078926 
45776039 
44200862 
48279378 
42059361 
45839883 
47256011 
42730105 
45168641 
47156875 
44292247 
44570723 
46802952 
44368924 
46929004 
44001747 
44316826 
47190939 
42343153 
44267170 
47485985 
45512868 
44862441 
47681751 
45789518 
46464518 
44474758 
45453833 
44331505 
47875071 
42586016 
49638333 
43704543 
44809385 
45810384 
44882162 
44780448 
47979100 
50067082 
45057693 
47556955 
44301878 
44695490 
45339601 
46270565 
43951155 
47217779 
44828044 
42361854 
46104677 
40848688 
41189399 
45037572 
41100193 
39244672 
46185391 
41921119 
38812220 
46037612 
39186684 
40788007 
45483245 
39323890 
44563149 
47340273 
42822808 
45805044 
46331296 
45972579 
44833698 
47499924 
45569156 
44853504 
48339791 
45068700 
44556511 
48588217 
45777381 
46635028 
48031483 
45025866 
46299015 
47018970 
45743607 
48409574 
45772572 
45302726 
46379284 
45997957 
45996106 
49101862 
45781843 
45329120 
48837891 
45432486 
47143619 
46284154 
47772632 
48368521 
43838407 
46330090 
49044156 
45911690 
48771279 
43516105 
45367059 
53118446 
46569673 
45291458 
47875203 
45036913 
46473861 
47574870 
46771221 
45937015 
48341418 
46146873 
49565033 
44822068 
45498303 
50067773 
44438957 
45642764 
49709455 
45265764 
45290348 
47870102 
46065016 
49662449 
44576601 
45435776 
48127175 
44018240 
47513260 
47543451 
45629644 
44343845 
48558211 
46706753 
44706978 
44116048 
45499007 
50769106 
44443071 
45581092 
48521566 
44754447 
46406997 
49291073 
44109929 
44391056 
48720815 
46181799 
47631058 
44131825 
44886422 
49039110 
44817856 
51438511 
48108791 
46714479 
44057302 
48553240 
44370300 
45185838 
48112374 
45310695 
45537463 
49295872 
44330514 
47448169 
44547563 
46513551 
50321611 
45628411 
43657505 
47323810 
44526829 
44643029 
46751834 
45609681 
43184727 
46858733 
44889951 
44594272 
49207754 
45001767 
45879212 
43938516 
43984467 
43816507 
46863971 
43994716 
47331162 
44490664 
43076697 
46636518 
43673021 
44461207 
47045414 
44458510 
43631445 
47154119 
43873540 
45126364 
45549550 
44011448 
45649102 
46747081 
44080889 
42527997 
48381668 
42560026 
49065268 
43733074 
42482586 
47278116 
43584968 
43749640 
47800469 
43333758 
44820215 
47141893 
44023530 
44389052 
47048033 
44003356 
44174061 
47121706 
43794671 
44588015 
46731959 
44393920 
43690312 
46597498 
44489408 
44705544 
48397750 
42637364 
49216970 
42967548 
44396780 
52184099 
42881336 
44440630 
48803625 
45321022 
42070796 
47305320 
46696765 
44134763 
47113999 
44213313 
47282497 
42176139 
46119498 
48022309 
44410462 
44178816 
47254295 
44359903 
44816409 
47222759 
43011983 
45660820 
47455140 
44578251 
46454784 
47200714 
43280816 
45674541 
46290407 
44920016 
42601881 
48425469 
44416433 
46985787 
43818169 
43322706 
49983067 
44118766 
43844278 
46497328 
44353755 
44614526 
46480656 
44513665 
44461196 
45326368 
45034667 
42577349 
48348996 
44099757 
47079153 
41606223 
46128668 
45191458 
45210488 
44116970 
47454912 
41881633 
44180883 
48249274 
44364657 
44147191 
45704125 
44852838 
44012385 
47576889 
43474142 
43370609 
50744743 
44273157 
43751512 
46946250 
44015945 
44108198 
47461871 
42880347 
43744277 
46971861 
42972999 
45718146 
45681037 
45690793 
48266610 
43710506 
42491506 
47553208 
43710344 
44809625 
45431027 
44989965 
44287612 
46809716 
43889463 
44241951 
46977546 
44089279 
44571884 
46456629 
44305821 
43648467 
47615239 
43498837 
43943890 
47867082 
43924859 
45441922 
45471240 
45716318 
47347376 
43440196 
43468229 
48277098 
43279084 
43790912 
47355002 
43772956 
44858476 
46975766 
41914613 
46308768 
46879831 
43605517 
44514243 
46778157 
44128620 
43396761 
47443798 
43802639 
43737249 
46010094 
46308383 
43589359 
46662614 
43403979 
47338572 
43549034 
44830125 
51688565 
43781738 
43422581 
47106553 
44574255 
45051723 
48036811 
42947006 
43954784 
47007635 
42690672 
45610511 
46008099 
48400031 
40998112 
44549348 
43317023 
44016489 
46977277 
43714120 
44805199 
47128075 
43789518 
45711215 
47041222 
43023678 
44789926 
48032222 
43205190 
46792096 
44421894 
43170866 
46110907 
44352412 
43551376 
48532483 
42958090 
44295139 
48379720 
43883408 
43358115 
48152474 
44815721 
44236453 
47431178 
45873335 
43569047 
47402643 
44737076 
46021292 
46837233 
45065311 
47790196 
44006910 
44303917 
48625870 
46209442 
44010752 
47321335 
46967388 
44076231 
48072627 
44042568 
45448235 
47760589 
45217717 
48257173 
44200261 
44987870 
51446315 
44720101 
45473952 
47606998 
45920361 
44656421 
47690013 
44345232 
45540101 
47412824 
44724103 
45168815 
48858318 
44143982 
44899049 
47634524 
44754862 
47824660 
43835398 
45066153 
46897296 
44719086 
44360697 
47328330 
45548676 
42771111 
47174723 
44274853 
46045447 
45841617 
44813033 
48671201 
43109447 
46209641 
46109814 
44736143 
45050264 
47798607 
44523668 
45827672 
48910664 
43367530 
45076366 
48122000 
45034134 
45180836 
48370614 
45752294 
47696812 
44103520 
45665367 
47412476 
45446136 
43286925 
47898444 
45029579 
44254384 
47459329 
44566541 
45114910 
47726429 
46732783 
45370106 
48795608 
44819115 
44107922 
47296411 
44638984 
50913665 
44883179 
44484605 
46903337 
44885305 
47217025 
47767080 
42913234 
46510446 
47241344 
45010127 
44752323 
47540877 
44653354 
44670156 
45914242 
45410478 
43275491 
39708252 
42546213 
41995971 
47232975 
45007032 
46368197 
45121581 
44575472 
45707064 
45321997 
45003527 
49178491 
44676836 
43796791 
47681385 
46024780 
43987475 
48779599 
45408358 
45015260 
47220604 
44164419 
46376723 
47855076 
45584436 
47760280 
44718426 
45252150 
45777891 
49898872 
44727279 
47256763 
45002932 
43440048 
48892043 
45334025 
44770319 
46939904 
45169394 
44259483 
47302536 
45180432 
47881354 
43794894 
44792095 
48655237 
44556641 
45320833 
45493654 
45835210 
48761548 
46073770 
43420102 
45637184 
46891518 
44706984 
45592889 
48698990 
44887170 
46807253 
44391123 
44579601 
47907364 
43538444 
44983205 
47663405 
44526003 
44494045 
47407970 
44323307 
45286800 
47297812 
43761417 
46039013 
47876696 
44287830 
44258933 
47565992 
45814919 
47136758 
44055387 
46058162 
47651036 
45450050 
44993555 
45338020 
46149876 
43027065 
47555872 
46892320 
44054833 
47038747 
44587937 
44976966 
47128199 
43807123 
45889665 
45665865 
44440461 
45411840 
40890244 
44942138 
47999033 
42520703 
45233439 
46791515 
42196689 
44725565 
48070370 
43333451 
44425106 
45981920 
42428324 
45116361 
46019669 
43899444 
43448795 
46019599 
43425066 
48629850 
46875849 
43390344 
46280484 
46092173 
44153114 
44148332 
46155229 
44411128 
45109273 
45775877 
45465373 
42861896 
45535204 
44691978 
48123912 
42607806 
43959045 
47223608 
46474856 
44156141 
46483353 
45599418 
44136339 
47381828 
43923518 
43702049 
46980422 
43869978 
43748175 
45728354 
45188379 
43834195 
46656061 
43992737 
42239403 
48225406 
42956784 
43724768 
46168502 
43928048 
46449866 
44288086 
43377055 
48167844 
42202739 
43636108 
48545498 
42213049 
43677863 
47041740 
43578013 
44186812 
47152037 
44722608 
43775069 
45439366 
