7066381 
7061388 
7060474 
7053846 
7047023 
7030061 
7021289 
7012675 
7006144 
6994095 
6984359 
6976731 
6976438 
6971318 
6967074 
6954141 
6930645 
6913051 
6912391 
6899491 
6897686 
6896360 
6893330 
6892547 
6889114 
6888431 
6880025 
6874930 
6872549 
6871086 
6870888 
6866553 
6861714 
6849101 
6846238 
6845332 
6830702 
6817751 
6811444 
6810886 
6809945 
6805338 
6805286 
6803974 
6802898 
6802683 
6798298 
6795253 
6788051 
6787251 
6783830 
6776695 
6775474 
6771819 
6770758 
6769834 
6768874 
6768499 
6767973 
6767379 
6760704 
6754551 
6752087 
6746600 
6745186 
6744410 
6742513 
6739513 
6738157 
6734877 
6726718 
6725583 
6725439 
6719524 
6713907 
6709001 
6708254 
6707474 
6704188 
6701259 
6698910 
6692985 
6692724 
6692578 
6691169 
6689112 
6686644 
6686516 
6683480 
6681956 
6679058 
6676075 
6675894 
6667614 
6664395 
6663382 
6663237 
6662779 
6661773 
6660699 
6658788 
6658446 
6657106 
6656049 
6655748 
6654846 
6654053 
6652599 
6648922 
6648737 
6646085 
6643591 
6640696 
6640676 
6638838 
6636093 
6635435 
6634139 
6633026 
6631077 
6630926 
6629676 
6629426 
6628083 
6627091 
6625144 
6623749 
6621565 
6621107 
6618253 
6617461 
6616487 
6613897 
6611632 
6611269 
6606886 
6606769 
6606158 
6606005 
6605223 
6605205 
6604871 
6604557 
6603854 
6600455 
6598821 
6598112 
6597966 
6596955 
6596676 
6596653 
6595837 
6595492 
6593470 
6591288 
6590746 
6590743 
6588128 
6585950 
6585939 
6585537 
6585264 
6584282 
6580643 
6579828 
6579503 
6577988 
6576425 
6573633 
6572756 
6572731 
6572366 
6571270 
6571011 
6569771 
6568877 
6568163 
6567231 
6567119 
6566493 
6566441 
6566413 
6565535 
6565351 
6564070 
6563927 
6563790 
6563681 
6563222 
6562510 
6562399 
6561672 
6560858 
6560353 
6557948 
6557718 
6553511 
6553453 
6553421 
6552982 
6551667 
6551645 
6551518 
6550970 
6549279 
6548774 
6547398 
6546425 
6546249 
6545698 
6543468 
6540836 
6539719 
6533290 
6532689 
6529446 
6528916 
6528146 
6527262 
6525993 
6525874 
6525664 
6524213 
6523987 
6522713 
6521395 
6521266 
6520527 
6518819 
6518524 
6517888 
6512345 
6508868 
6507017 
6506410 
6506162 
6506106 
6504994 
6504379 
6503426 
6501827 
6501063 
6500788 
6498369 
6497766 
6497746 
6495845 
6494709 
6494530 
6494034 
6491012 
6490865 
6488564 
6486816 
6486379 
6486373 
6485815 
6485141 
6484971 
6483692 
6483369 
6483368 
6481539 
6479021 
6477854 
6477162 
6477042 
6477011 
6476332 
6474923 
6472340 
6472094 
6471416 
6471409 
6468829 
6468568 
6468359 
6467411 
6466786 
6466364 
6465135 
6464363 
6462987 
6462756 
6458250 
6458080 
6457956 
6457000 
6455218 
6454770 
6454655 
6452966 
6450776 
6449957 
6449367 
6448441 
6447671 
6447241 
6447179 
6446956 
6446814 
6446662 
6446608 
6444195 
6443412 
6442949 
6442075 
6441412 
6439333 
6439234 
6439166 
6438045 
6437516 
6435964 
6434941 
6434145 
6432396 
6432144 
6431741 
6430688 
6430565 
6427686 
6425701 
6425209 
6424854 
6424768 
6424150 
6424002 
6422984 
6422749 
6422638 
6422477 
6422212 
6421154 
6417215 
6416714 
6416185 
6415002 
6414089 
6414006 
6413940 
6412795 
6412780 
6412767 
6412526 
6411380 
6411368 
6410660 
6410575 
6410153 
6410107 
6409857 
6408825 
6408803 
6408001 
6407940 
6406347 
6405856 
6405336 
6404211 
6404015 
6401797 
6401543 
6401407 
6401128 
6400892 
6400593 
6399818 
6399431 
6398841 
6398071 
6398010 
6396773 
6396331 
6395249 
6394264 
6393952 
6393920 
6393892 
6393717 
6393402 
6392025 
6390718 
6390384 
6390005 
6389823 
6389818 
6389174 
6386584 
6385970 
6385898 
6385146 
6383849 
6383700 
6382170 
6380995 
6380955 
6380159 
6379788 
6379777 
6377207 
6376860 
6376846 
6376763 
6376086 
6375733 
6374711 
6373893 
6373203 
6372520 
6372160 
6372009 
6371950 
6371867 
6371606 
6371084 
6370531 
6369865 
6369562 
6368607 
6366934 
6366852 
6366486 
6365896 
6365502 
6365270 
6364819 
6364795 
6364598 
6363779 
6363636 
6362742 
6362719 
6362342 
6362001 
6361930 
6361581 
6361179 
6360917 
6360413 
6360053 
6359616 
6358745 
6358215 
6358184 
6357510 
6357497 
6357205 
6357180 
6355833 
6355333 
6354791 
6354150 
6353651 
6353448 
6353204 
6352954 
6352908 
6352370 
6352293 
6351685 
6350230 
6349007 
6348797 
6348539 
6348165 
6347843 
6347155 
6346406 
6345793 
6345313 
6343314 
6342492 
6342385 
6341718 
6341573 
6341007 
6340356 
6340353 
6339243 
6337936 
6336693 
6334837 
6334442 
6334220 
6333546 
6332434 
6331050 
6330220 
6330070 
6329930 
6329595 
6329354 
6328473 
6327022 
6326682 
6325814 
6324754 
6324678 
6324480 
6323947 
6323760 
6323560 
6323148 
6319378 
6318130 
6318084 
6317405 
6317282 
6317189 
6317169 
6316391 
6316140 
6315348 
6313919 
6312371 
6312025 
6311522 
6309469 
6308404 
6308143 
6307151 
6307072 
6306365 
6305908 
6305436 
6304838 
6304763 
6304051 
6304012 
6304009 
6303640 
6302732 
6302247 
6301952 
6301915 
6299268 
6298227 
6295561 
6293700 
6292441 
6291375 
6291331 
6291070 
6290713 
6289931 
6289728 
6289583 
6289303 
6289132 
6288623 
6288278 
6287986 
6287620 
6285683 
6285229 
6285098 
6283227 
6281990 
6281639 
6281199 
6280784 
6280758 
6280537 
6279206 
6278781 
6277568 
6275181 
6274924 
6274641 
6268835 
6266531 
6266067 
6264777 
6263407 
6259817 
6254759 
6251135 
6244603 
6244299 
6238863 
6237835 
6234966 
6234548 
6234051 
6229330 
6228539 
6227191 
6226742 
6225965 
6222891 
6221761 
6220842 
6218983 
6218109 
6214820 
6213010 
6212084 
6210955 
6206771 
