110277 
85140 
68841 
50576 
69201 
68589 
68934 
68796 
68721 
68724 
68904 
68592 
68883 
68745 
69123 
68589 
68883 
68748 
69102 
68595 
68886 
68745 
69081 
68616 
68862 
46503 
71906 
68745 
68739 
68595 
68499 
68724 
68520 
68859 
68433 
68574 
68775 
68478 
68607 
68964 
68886 
68775 
68652 
68826 
68550 
68922 
68793 
68418 
26490 
68823 
68883 
68703 
68940 
68859 
68841 
74583 
82050 
78546 
73851 
68874 
69528 
68658 
68775 
68505 
68724 
68523 
68934 
68667 
68646 
68613 
36374 
69048 
68691 
68682 
68499 
68631 
68646 
69000 
68778 
68673 
68469 
68859 
68841 
68931 
68556 
68625 
68799 
68397 
68838 
68706 
68553 
68934 
57065 
64 
64 
64 
64 
3634 
68655 
68589 
68637 
68736 
68688 
68541 
68841 
68628 
79157 
69123 
68859 
68841 
68700 
68397 
68715 
68805 
68793 
68751 
68832 
68829 
68931 
68553 
68628 
68760 
68562 
68934 
68817 
68721 
68805 
68763 
68637 
36717 
69225 
68679 
68820 
68766 
68493 
68856 
68841 
68931 
68556 
68628 
68781 
68562 
68934 
68820 
68697 
68805 
68766 
68634 
68688 
68625 
68697 
68694 
26322 
69117 
68523 
70704 
91140 
68988 
68538 
68742 
68838 
68727 
68997 
68775 
69099 
68610 
68586 
69009 
68658 
68736 
68757 
68784 
68466 
68859 
35986 
69006 
68427 
68592 
68433 
68598 
68754 
68478 
68613 
68925 
68826 
68550 
68703 
68667 
68760 
68595 
68520 
68727 
68517 
68658 
68781 
68970 
289148 
69024 
68712 
68832 
68796 
68619 
69126 
68934 
68820 
68718 
68805 
68766 
68634 
68688 
68604 
68694 
68715 
68646 
68817 
68769 
68469 
68880 
68841 
46503 
65219 
68928 
68940 
68700 
68940 
68859 
68841 
68931 
68553 
68628 
68781 
68562 
68934 
68820 
68700 
68802 
68766 
68634 
68667 
68625 
68694 
68694 
28801 
68940 
68736 
68598 
68520 
68724 
68520 
68658 
68760 
68991 
68961 
68802 
68652 
68469 
68859 
68841 
68928 
68556 
68625 
68781 
68583 
68934 
56408 
64 
64 
64 
64 
64 
9402 
68658 
68634 
68736 
68688 
68541 
68841 
68628 
68760 
68583 
68934 
68799 
68721 
62302 
69402 
68949 
68820 
68718 
68805 
68772 
68751 
68832 
68829 
68931 
68553 
68628 
68760 
68562 
68955 
68817 
68721 
68805 
68763 
68637 
68667 
61074 
54194 
69030 
68574 
68937 
68799 
68718 
68805 
68766 
68634 
68688 
68604 
68697 
68694 
68667 
68820 
68787 
68469 
68859 
68841 
68931 
68553 
68628 
70052 
68754 
68973 
68931 
68553 
68628 
68760 
68562 
68934 
68820 
68718 
68784 
68787 
68613 
68688 
68625 
68676 
68715 
68646 
68820 
68787 
68469 
36023 
69189 
68628 
68760 
68562 
68955 
68820 
68721 
68802 
68766 
68634 
68733 
68550 
68922 
68793 
68418 
68715 
68727 
69057 
68709 
69126 
68610 
65526 
50463 
68871 
68496 
68658 
68784 
68970 
68961 
68799 
68673 
68388 
68715 
68649 
68619 
69147 
68934 
68820 
68721 
68802 
68766 
68634 
68688 
68604 
29290 
69156 
68856 
68841 
68931 
68553 
68628 
68781 
68562 
68934 
68583 
68805 
68682 
68832 
68742 
68586 
68931 
68553 
68628 
68760 
68562 
68934 
68817 
1205165 
69345 
68979 
68814 
68418 
127871 
69183 
68697 
68709 
69102 
68595 
68883 
68745 
69102 
68613 
68862 
68766 
69081 
68613 
68862 
68745 
69102 
68616 
68862 
68745 
69102 
1908730 
79733 
77223 
75609 
74784 
73648 
68952 
68781 
68598 
68370 
68832 
68514 
68577 
68625 
68862 
68745 
68652 
68712 
68652 
62121 
69258 
68823 
68550 
68919 
68814 
68397 
68715 
68802 
68784 
68637 
68667 
68622 
68676 
68712 
68646 
68820 
68766 
68469 
68877 
68841 
68931 
68553 
32148 
69123 
68739 
68499 
68583 
68943 
68904 
68763 
68829 
68829 
68931 
68574 
68604 
68781 
68562 
68934 
68784 
68736 
68595 
68499 
68724 
68520 
68655 
25943 
69216 
68646 
68820 
68763 
68469 
68880 
68841 
68931 
68553 
68625 
68760 
68562 
68934 
68817 
68718 
68784 
68784 
68634 
68733 
68550 
68919 
53763 
64969 
69039 
68871 
68613 
68583 
68964 
68874 
68853 
68634 
69099 
68610 
68607 
69024 
68766 
68406 
68739 
68502 
68742 
68475 
68601 
68703 
68628 
34299 
69072 
68631 
68739 
68925 
68634 
68520 
68703 
68520 
68655 
68784 
68967 
68961 
68799 
68655 
68925 
68637 
68520 
68703 
68517 
68658 
68760 
52479 
69701 
68709 
68931 
68523 
68871 
68778 
68457 
68577 
68751 
68499 
68583 
68943 
69549 
68727 
68838 
68643 
68775 
68562 
68631 
68856 
68928 
15494 
64 
64 
64 
64 
64 
64 
64 
64 
64 
64 
64 
50956 
68718 
68871 
68766 
68715 
93704 
68910 
68781 
68583 
68931 
68784 
68544 
68838 
68628 
68757 
68583 
68931 
68817 
68700 
68805 
68772 
68772 
68829 
68829 
68931 
68553 
68628 
50019 
63742 
68634 
68763 
68625 
68760 
68562 
68931 
68805 
68736 
68577 
68499 
68724 
68520 
68655 
68763 
68988 
68961 
68799 
68652 
68469 
68859 
68838 
29271 
68973 
68766 
68469 
68880 
68838 
68931 
68553 
68604 
68781 
68562 
68934 
68817 
68697 
68805 
68763 
68634 
68733 
68547 
68922 
68814 
68397 
56058 
59664 
69150 
68790 
68439 
68949 
68931 
68553 
68628 
68760 
68562 
68931 
68820 
68718 
68781 
68787 
68634 
68733 
68547 
68922 
68814 
68418 
68715 
28776 
68787 
68454 
68676 
68991 
68961 
68799 
68655 
68925 
68634 
68520 
68724 
68520 
68655 
68760 
68991 
68961 
68799 
68655 
68925 
68634 
68499 
65406 
54250 
68808 
68424 
68592 
68430 
68574 
68754 
68475 
68832 
68967 
68832 
68745 
68760 
68646 
68727 
68688 
68418 
68715 
68781 
68784 
68616 
68688 
29639 
68766 
68724 
68520 
68658 
68760 
68988 
68982 
68778 
68676 
68925 
68634 
68520 
68724 
68499 
68676 
71283 
83040 
75774 
68619 
68862 
68808 
43826 
64 
64 
64 
64 
64 
64 
64 
64 
64 
64 
52631 
68841 
68754 
68748 
69096 
68592 
81486 
69372 
68835 
68835 
68925 
68532 
68796 
69078 
68910 
68610 
68586 
68700 
68577 
68712 
68868 
68634 
68739 
68925 
68634 
68499 
68724 
68517 
68658 
31275 
68880 
68727 
68382 
68949 
68931 
68553 
68625 
68760 
68646 
68730 
68685 
68418 
68715 
68805 
68763 
68634 
68667 
68625 
68673 
68715 
68646 
68817 
313598 
69348 
68706 
69015 
68763 
68718 
68784 
68784 
68616 
68688 
68622 
68697 
68715 
68646 
68799 
68787 
68388 
68751 
68742 
71889 
89373 
70824 
59439 
69024 
69027 
68496 
68604 
69012 
68658 
68736 
68757 
68766 
68643 
68589 
68598 
68607 
69009 
68658 
68931 
68553 
68628 
68760 
68562 
68934 
29246 
69192 
68649 
68736 
68472 
68856 
68841 
68931 
68574 
68628 
68781 
68562 
68934 
68820 
68721 
68781 
68787 
68634 
68667 
68625 
68673 
68715 
60315 
55439 
68796 
68628 
68760 
68562 
68934 
68820 
68721 
68781 
68787 
68634 
68667 
68625 
68676 
68715 
68646 
68820 
68766 
68472 
68877 
68841 
68931 
28829 
69243 
68769 
68928 
68634 
68520 
68724 
68499 
68679 
68760 
68970 
68982 
68778 
68676 
68928 
68634 
68520 
68724 
68499 
68679 
68760 
68967 
2957326 
97459 
68940 
68628 
68499 
68883 
68826 
68799 
68697 
68775 
68850 
68433 
69024 
68688 
69126 
68934 
68820 
68715 
68784 
68787 
68637 
68583 
68619 
68580 
24891 
68934 
68787 
68766 
68634 
68667 
68625 
68697 
68697 
68640 
68811 
68763 
68469 
68859 
68865 
68931 
68556 
68604 
68781 
68562 
68937 
68820 
53205 
71672 
69018 
68802 
68652 
68463 
68859 
68862 
124476 
85263 
69012 
68871 
68649 
69009 
68649 
68745 
68919 
68952 
68799 
68928 
68958 
68829 
68958 
68931 
48659 
68967 
68889 
68544 
68793 
68961 
68703 
68748 
68658 
68763 
68823 
68946 
68937 
68967 
68943 
68946 
68940 
68946 
68940 
68970 
68943 
68946 
45207 
71342 
68829 
68862 
68556 
68745 
68646 
68448 
68565 
68784 
69015 
68859 
68565 
68613 
68976 
73302 
81258 
77778 
75105 
69039 
68724 
68499 
42912 
69132 
69120 
68760 
68673 
69054 
68937 
68724 
68820 
68922 
68664 
69153 
68592 
68931 
69045 
69033 
68928 
68862 
68898 
68832 
68820 
68748 
68238 
49726 
68760 
68625 
68538 
68844 
68697 
68718 
68766 
68439 
69018 
68859 
68586 
68592 
68994 
68595 
68922 
68979 
68502 
68835 
69105 
68742 
68946 
30817 
69231 
68880 
68856 
68865 
68889 
69117 
68646 
68964 
69498 
68916 
70293 
70926 
68613 
68697 
68883 
68637 
69309 
68778 
68745 
68814 
68856 
55110 
66476 
68892 
68886 
68850 
68847 
68859 
69075 
68580 
69117 
68733 
68916 
68565 
68973 
68595 
68787 
68556 
68670 
68586 
68562 
68736 
68880 
68862 
31260 
69405 
69102 
68886 
68793 
68733 
68832 
68937 
68940 
69024 
68901 
68859 
91182 
74943 
69297 
68868 
68898 
68625 
68853 
68487 
68628 
68619 
37210 
69384 
68691 
68841 
68850 
68763 
68604 
68565 
68940 
69036 
68904 
68877 
68595 
68652 
68967 
68850 
68976 
68502 
68799 
68562 
68613 
68997 
53366 
64 
64 
64 
64 
64 
64 
64 
64 
64 
64 
64 
12329 
68994 
68934 
99910 
68982 
68532 
68592 
68700 
68877 
68625 
68688 
68895 
68649 
68940 
68835 
68583 
68883 
68874 
68823 
68970 
68940 
68946 
68769 
68538 
68817 
69096 
278785 
69231 
68721 
68727 
69129 
68940 
68940 
68940 
68946 
68964 
68949 
68940 
68946 
68940 
68970 
68940 
69399 
69363 
68670 
68652 
68895 
68673 
68742 
24532 
68847 
69015 
68970 
68973 
68955 
68523 
68658 
68877 
68694 
68742 
68703 
68871 
68955 
68520 
68658 
68877 
68694 
68742 
68772 
68928 
69042 
59154 
57620 
68766 
68850 
68880 
68802 
68967 
68940 
68949 
68934 
68652 
68586 
68640 
68655 
68943 
68961 
68844 
68652 
68568 
68832 
68556 
68964 
68955 
29188 
69210 
68850 
68832 
68871 
68586 
68835 
68568 
68994 
68688 
68856 
68895 
68955 
68523 
68658 
68895 
68673 
68742 
68793 
68778 
69024 
68955 
61212 
56285 
68787 
68862 
68883 
68967 
68661 
68535 
68694 
68895 
68613 
68988 
68859 
68985 
68892 
68823 
68970 
68943 
68949 
68943 
68949 
69066 
68787 
30276 
69189 
68811 
68544 
68622 
68592 
68703 
69444 
68679 
68790 
68640 
68862 
69030 
68880 
68853 
68865 
68886 
68850 
68847 
68880 
68823 
68967 
1956706 
76278 
75419 
73808 
68547 
68808 
68559 
69195 
68595 
68691 
68667 
68934 
68994 
68970 
68967 
68970 
68946 
68991 
68946 
68991 
47545 
68883 
68607 
69060 
68586 
68934 
68841 
68673 
68748 
68919 
68733 
68688 
68589 
68898 
68595 
68922 
68955 
68523 
68658 
68898 
68694 
68763 
49344 
71765 
68577 
69054 
68652 
68673 
68874 
68694 
68763 
68772 
68775 
69066 
68955 
68844 
68943 
68733 
68667 
68610 
68874 
68613 
68919 
68955 
68523 
46287 
69048 
68847 
68748 
68814 
68859 
68820 
68946 
68940 
68967 
68940 
68946 
68937 
68946 
68961 
68946 
68940 
68946 
68940 
68946 
68940 
68946 
31182 
69231 
68853 
68886 
68862 
68850 
68871 
68877 
68823 
68946 
68940 
68946 
68961 
68967 
68940 
68946 
68940 
68967 
68940 
68946 
68940 
68946 
69468 
46140 
68949 
68925 
68940 
68922 
68940 
68925 
68940 
68922 
68940 
69276 
68916 
68772 
68751 
68769 
68736 
68691 
68589 
68895 
68592 
68919 
68955 
28932 
68985 
69003 
68856 
68853 
68886 
68886 
68847 
68850 
68880 
68802 
68967 
68940 
68946 
68940 
68946 
68940 
68946 
68961 
68946 
68940 
68946 
69947 
64 
64 
64 
71402 
68484 
69033 
68946 
68940 
68946 
68961 
68946 
68940 
68946 
68940 
68946 
68940 
68946 
68940 
68967 
47630 
69108 
68892 
68583 
68991 
68571 
68808 
68652 
68658 
68559 
68874 
68787 
68766 
68733 
68688 
68586 
68895 
68592 
68922 
68976 
68523 
68655 
69216 
46761 
68769 
68529 
68649 
68655 
68946 
68940 
68844 
68649 
68655 
68877 
68694 
68742 
68772 
68799 
69045 
68955 
68847 
68868 
68733 
68667 
68610 
69352 
68997 
68670 
68655 
68940 
69198 
68685 
68559 
68850 
68814 
68757 
68940 
68946 
68940 
68967 
68961 
68949 
68940 
68946 
68940 
48018 
69228 
68814 
68502 
68676 
68874 
68673 
68739 
68793 
68775 
69066 
68955 
68847 
68946 
68889 
68943 
69012 
68544 
68769 
69045 
68976 
68844 
68946 
26504 
69396 
68733 
68667 
68586 
68895 
68592 
68919 
68976 
68502 
68655 
68895 
68673 
68739 
68793 
68778 
69042 
68976 
68841 
68946 
68733 
68667 
53262 
69101 
68754 
68826 
68814 
68859 
68823 
68946 
68931 
68946 
68970 
68853 
68733 
68853 
68769 
68787 
68733 
68667 
68607 
68895 
68613 
68898 
68976 
29789 
68940 
68583 
68733 
68982 
68952 
68931 
68952 
68931 
68973 
68931 
68952 
68931 
68952 
68931 
68952 
68931 
68973 
68931 
68952 
68931 
68952 
49424 
64 
30750 
68649 
68709 
68652 
68658 
68577 
68871 
68796 
68778 
68937 
68946 
68940 
68943 
68940 
68946 
68958 
68859 
68565 
44544 
69183 
68910 
68565 
68994 
68568 
68808 
68673 
68658 
68559 
68850 
68787 
68787 
68733 
68667 
68610 
68874 
68613 
68919 
68952 
68499 
68679 
68874 
26607 
69063 
68493 
68826 
68946 
68940 
68967 
68940 
68946 
68940 
68946 
68940 
68946 
68961 
68967 
68940 
68946 
68940 
68946 
68940 
68967 
68940 
64230 
51716 
68724 
68652 
68547 
68553 
68577 
68850 
68769 
68787 
68733 
68688 
68589 
68892 
68592 
68919 
68952 
68523 
68658 
68895 
68673 
68742 
68790 
29186 
78543 
78444 
76284 
68610 
68964 
68577 
69024 
68982 
68853 
68826 
69081 
68691 
68766 
68841 
68874 
68763 
69042 
68997 
68940 
68922 
68940 
39696 
69381 
68898 
68748 
68760 
68652 
68679 
68556 
68850 
68769 
68787 
68733 
68667 
68586 
68895 
68613 
68898 
68976 
68502 
68676 
68895 
68673 
68739 
39631 
69120 
68886 
68562 
68994 
68571 
68784 
68673 
68655 
68559 
68853 
68790 
68766 
68733 
68667 
68607 
68874 
68613 
68919 
68952 
68523 
68658 
33699 
69120 
68862 
68652 
68790 
68886 
76482 
89757 
69102 
68892 
68811 
68919 
68943 
68721 
68883 
68727 
68892 
68562 
68865 
68895 
68622 
68793 
2017516 
69687 
68718 
68895 
68874 
68697 
69060 
68619 
68724 
68853 
68478 
69018 
68961 
68865 
68649 
68652 
68874 
68694 
68742 
68772 
68799 
43421 
69069 
68718 
68451 
68538 
68538 
68538 
68538 
68538 
68535 
68538 
68535 
68538 
68514 
68538 
68538 
68538 
68538 
68535 
68538 
68535 
68538 
59367 
57630 
68706 
68982 
68859 
68856 
68886 
68865 
68847 
68850 
68880 
68802 
68967 
68940 
68946 
68940 
68946 
68940 
68967 
68940 
68946 
68940 
68946 
29639 
69075 
69096 
68835 
68766 
68733 
68691 
68586 
68895 
68595 
68922 
68976 
68502 
68658 
68895 
68673 
68742 
68793 
68775 
69069 
68958 
68847 
59304 
56603 
68781 
68829 
68796 
68880 
68823 
68967 
68940 
68946 
68940 
68946 
68940 
68967 
68940 
68946 
68940 
68967 
68940 
68946 
68940 
68946 
68940 
29289 
68991 
68826 
68988 
68544 
68793 
69048 
68955 
68865 
68967 
68733 
68670 
68589 
68895 
68613 
68901 
