120035534 
91551549 
69112854 
74283869 
69793013 
81484143 
73308149 
70269248 
72901022 
69937687 
73088194 
71509413 
72870177 
69639168 
72632902 
70229171 
73043027 
73068633 
69637249 
102256821 
69287719 
74655401 
71762714 
89044010 
74666929 
68710000 
73271162 
71885834 
77107247 
74338234 
71408004 
77204713 
75182695 
76715275 
74530307 
78000957 
82303194 
76254813 
76711422 
75862450 
96904795 
78025791 
74446271 
80316590 
76517194 
78803854 
79403273 
75090724 
80448355 
73585337 
80600755 
77046375 
74882858 
74778348 
76182952 
75776391 
79806995 
71993102 
78463315 
74541931 
75691188 
74655160 
76199327 
76853373 
73853839 
77004675 
73494375 
77958237 
73315683 
80149256 
77288354 
73423880 
78519813 
74637601 
75802088 
74937714 
79984650 
77443522 
74813242 
79254797 
94061815 
73368919 
78413991 
74252538 
76876112 
78252632 
72507611 
78402347 
74054148 
75618022 
70899541 
73449432 
78588172 
73972334 
75207991 
79294003 
76459616 
73987719 
76594802 
73591780 
73720046 
76187090 
72465585 
78568333 
74355357 
76070445 
76632472 
73755345 
77316679 
79559508 
74469576 
75888176 
76493447 
77117364 
73244475 
78087832 
72410826 
81437047 
74098843 
76056277 
75628479 
119213981 
75300645 
78155546 
71985521 
112018872 
77837841 
74339577 
75551366 
75823967 
75218534 
73254860 
76961684 
77502519 
72805351 
77060385 
75283439 
77056174 
76120730 
73817027 
77006451 
74032722 
76780864 
76057680 
76386657 
77487215 
69703494 
72839744 
72966439 
76332692 
75342156 
72262627 
74295444 
73078150 
76555765 
73736314 
75920238 
75030914 
76572365 
77163731 
74333817 
78773322 
73775726 
75562052 
74726168 
77888299 
77639261 
75673069 
78754545 
75803391 
79044703 
78640623 
74728981 
77901898 
75612710 
81189935 
75278345 
78490449 
78183619 
75081794 
79657693 
73919611 
78738945 
79266902 
75624685 
76354359 
76366693 
77556496 
76745173 
76239252 
82127808 
73396078 
81206173 
78168822 
76273054 
76475784 
76396067 
78244776 
73931325 
74979673 
78641166 
74572588 
76241168 
76935869 
77989123 
77920987 
74587560 
77336325 
74690938 
78437807 
72290018 
73311981 
73176772 
69652594 
72852714 
69570802 
73174802 
67935182 
73037852 
72938407 
74430571 
75333262 
74654770 
78395419 
74307128 
75406820 
76803821 
74823050 
73474866 
78494577 
75032534 
74970503 
80660117 
74610327 
76468685 
77881992 
73497105 
77021260 
74872545 
74770151 
76958604 
73989417 
78936457 
73562467 
75340176 
75446692 
77539185 
73153378 
76966333 
74948061 
74379687 
78793410 
72745979 
77437226 
72154296 
78104586 
73453056 
74074027 
77205280 
73139535 
76751643 
73521995 
76596487 
74100258 
76468133 
75986105 
73297159 
75748287 
72814126 
76690983 
74407930 
74949143 
77759255 
76949939 
76176578 
71529950 
72712666 
69874351 
72042790 
69517485 
73750611 
72964321 
68984220 
72904356 
70798902 
72848945 
68736694 
72832113 
69358615 
73851654 
69683242 
75009793 
72504520 
70043309 
72735625 
69617754 
72958134 
70199492 
75131961 
73666568 
76343219 
76672979 
74412410 
76983114 
74124515 
76755339 
79380260 
73936266 
75606936 
74276613 
75947243 
73371562 
77290973 
77120821 
73217250 
76561501 
78180657 
75150001 
74478682 
77693796 
77601808 
75567409 
77411282 
75488444 
76963010 
76937222 
75024663 
77203270 
75218232 
77814227 
78468571 
75503448 
78425561 
75376220 
77679796 
75945039 
78271801 
78458518 
71613455 
82736434 
73639478 
77110752 
77317399 
72615296 
79171573 
75206592 
75623080 
78905080 
75975064 
77966083 
73337357 
80053041 
76800374 
76610130 
78694298 
76182194 
83428125 
75914776 
78303503 
77485016 
77145152 
76545849 
77128134 
75895570 
77884352 
76773393 
78517469 
75668277 
78170242 
76105095 
77426350 
82057443 
75473077 
77009538 
77123377 
78115432 
77560169 
75261227 
77921107 
73967825 
79201598 
79132145 
74192980 
79294203 
76069275 
78066541 
78801332 
78363778 
74307586 
74517653 
79524371 
78906307 
74575336 
78452037 
76053730 
76039663 
77700529 
83260070 
78926858 
73187027 
78994326 
73078097 
78812112 
75854358 
74200453 
77139698 
75274194 
76797504 
73895864 
76744833 
78554288 
74343639 
76184331 
75311379 
75766259 
77357509 
73904886 
78389447 
74409763 
81544266 
72993663 
77422916 
75661227 
74104690 
77480051 
73987190 
77517705 
74471113 
77688572 
75969173 
72613417 
77308629 
75075233 
76247026 
73219883 
73345452 
80309743 
73576429 
77873973 
76028107 
77003795 
75996944 
73245950 
76457986 
72965265 
78116161 
77389492 
72009442 
76961053 
75754276 
75671971 
97331347 
73539980 
78517741 
73300179 
76493610 
74134749 
76582619 
76722178 
73925530 
75593949 
76156639 
75836752 
78228539 
73850936 
74268452 
70622762 
72002601 
71018441 
72769794 
74137010 
69757540 
72609906 
69737637 
72844303 
71097428 
73063681 
68323868 
73750367 
77187283 
69918290 
73379247 
77464751 
72887834 
70864776 
84633096 
73763098 
72542611 
77127159 
73115457 
76926090 
77753623 
74667747 
79581697 
68977841 
75426519 
74881207 
79383747 
78605873 
73778029 
78016099 
77653801 
78217445 
75682248 
76407070 
79486093 
73827795 
78062253 
76265527 
77383804 
78558535 
71971547 
79642001 
72988093 
79960626 
73587024 
78137382 
76749035 
76706414 
77832222 
77586164 
78532605 
76485610 
75837693 
76913820 
71925462 
77324824 
74672726 
77450991 
76395025 
71264555 
76655772 
75242316 
78023648 
73164171 
77952584 
76888208 
72625706 
76979694 
72626992 
74335364 
73643008 
76252525 
76351874 
74825949 
76486650 
73083504 
76942426 
76206831 
73873579 
73830040 
74532208 
74795340 
74637870 
75042031 
74509385 
75620181 
74501990 
75896663 
76130108 
74083048 
75395559 
75959109 
72444296 
73575250 
68296910 
76585925 
69190573 
72041786 
71425413 
72878829 
70527915 
72180615 
69873098 
72789772 
73500204 
69820827 
74169745 
69372875 
73705817 
68856986 
73361013 
68788484 
73498505 
72218216 
73330841 
69621818 
73386186 
75089895 
74510943 
76851136 
74825029 
78105430 
77603878 
74877990 
78573809 
76849280 
76941677 
77220896 
78534613 
78440798 
76433848 
78585585 
75507857 
81950571 
78738735 
75457327 
76849081 
75690001 
78631335 
74348901 
77824859 
77686991 
74183439 
77025310 
75451918 
76362203 
77661822 
73570595 
76139894 
73487206 
75998090 
74349380 
77073474 
75970574 
73226683 
77149570 
72296640 
77119707 
72809416 
77220113 
76140242 
74221805 
76278560 
73102013 
77056525 
73368380 
77863607 
75518172 
73214163 
77718114 
73369675 
77237677 
76357416 
73254393 
80403845 
74014803 
76232208 
75240430 
77031106 
77062985 
73262695 
76334432 
74270281 
74841004 
75722628 
76766813 
76499127 
72563898 
78133736 
71874934 
75772626 
75466009 
76194079 
76737892 
77161885 
76761431 
73782581 
75779500 
78964610 
73554649 
77226499 
73925880 
77060097 
72339910 
77144159 
78134894 
72937371 
78957214 
73068540 
78377440 
79008138 
74351743 
77774376 
73481065 
75706830 
79985121 
76629798 
78859185 
74000662 
77395818 
74073062 
76936139 
72507165 
78167849 
74947789 
76189287 
75356576 
76048073 
74322164 
78319314 
74000993 
77239469 
72487172 
78031572 
76012297 
75175940 
75451403 
75518576 
74994588 
75194979 
77323974 
74980914 
74740934 
77863126 
72087177 
79090400 
74332111 
76655542 
77877059 
72370216 
79510704 
73828694 
76537985 
74021804 
76697416 
76859663 
77933524 
75331568 
75569841 
77480215 
73057278 
77673002 
79121442 
73780798 
77687257 
73791106 
75843596 
78098914 
73606969 
76449155 
75267673 
74150089 
75571475 
77333616 
76770294 
73200285 
76435714 
73285798 
76729103 
73734401 
76683320 
74706145 
76002024 
77512961 
72894254 
76262423 
74382010 
76300715 
74068126 
76759395 
76156931 
74488631 
76530099 
75435326 
77069803 
75900309 
74801356 
76539368 
77152586 
76012764 
74715661 
77894529 
76388251 
73909577 
78472970 
74352773 
78347474 
73249297 
78324776 
77771080 
74524262 
77162714 
75303350 
79099240 
76982852 
74603055 
78338035 
74421561 
76663566 
78003360 
74245823 
77415624 
74661640 
78043582 
74083611 
78498840 
78487407 
75289935 
78637510 
75635810 
78174003 
79127728 
76130988 
78493731 
76763225 
78200513 
74129814 
78220158 
82155631 
77219601 
78117022 
74296604 
78557045 
78658671 
75927923 
79270117 
73766426 
79596711 
78455349 
74429772 
78633603 
73830956 
78197269 
76262036 
76301009 
79973462 
80651687 
77946373 
79332183 
73305691 
79877052 
75506267 
78831582 
75571075 
77723330 
79095852 
75162651 
78710443 
73329071 
77610229 
80195589 
73408473 
77655555 
75903845 
78689444 
73620829 
79996799 
78192413 
74172130 
83441464 
76467315 
77771599 
78198808 
76150365 
78068187 
75110364 
78566535 
78187711 
75792297 
79825441 
73968243 
79754335 
76482200 
78294856 
77061031 
75848825 
78264261 
75091075 
78500579 
78138060 
73986781 
79710331 
75228493 
78073910 
80048692 
74826888 
79520702 
74504408 
78008130 
79214102 
73808173 
78259606 
74836642 
78135555 
73176895 
79334727 
78686772 
74737675 
78179479 
78057256 
77715552 
75282339 
78796704 
75612634 
76323019 
77464329 
74721014 
78445547 
76453716 
76421188 
77811527 
75411813 
77578640 
79053799 
74281228 
78290468 
73315816 
78270348 
75415363 
77410697 
78846307 
73385382 
76621709 
74101694 
79307683 
74350260 
77971462 
77043997 
72735410 
76511752 
74452174 
78552301 
79031614 
74897616 
76980175 
74900981 
77804788 
74875808 
75933504 
78187386 
79052946 
75022597 
74359793 
77484918 
78708191 
74893629 
75416397 
75857327 
76230452 
77451278 
74117946 
76533084 
74892563 
77448127 
74432599 
76532640 
78084981 
73798585 
76284525 
73918785 
77226818 
79261877 
73067285 
78730157 
74413081 
78019081 
75936774 
76949738 
77379714 
74440377 
76605263 
74218051 
77003868 
77299155 
73897488 
77383466 
75577301 
75731492 
76221755 
77497672 
78666041 
80907294 
75235851 
75761924 
76252386 
78702960 
74305840 
77343267 
75033036 
75983201 
77831585 
75683922 
76872744 
72404199 
78425110 
73603178 
78189142 
75916834 
76618426 
75601463 
75707566 
75188076 
74638047 
78629389 
76816730 
72480586 
78711928 
75440502 
76891091 
