93612 
80704 
61632 
61492 
61316 
61344 
61396 
61348 
61344 
61508 
61344 
61344 
61344 
61456 
50524 
61344 
61432 
68556 
58676 
58728 
58676 
58676 
58780 
58676 
58676 
58732 
58680 
58676 
58808 
58676 
58676 
58676 
58784 
58676 
58676 
58728 
58676 
58676 
58780 
58676 
28648 
58812 
58676 
58680 
58780 
58676 
58676 
58728 
58676 
58676 
58776 
58676 
58676 
58732 
58680 
58676 
58808 
58676 
58680 
58676 
58780 
58680 
58676 
58724 
58676 
58676 
49504 
51277 
60576 
67260 
57088 
57164 
57088 
57144 
57056 
57052 
57052 
57056 
57056 
57052 
57052 
57056 
57056 
57052 
57056 
57056 
57052 
57052 
57056 
57144 
57052 
57052 
57056 
23176 
57988 
57164 
57052 
57052 
57056 
57052 
57140 
57056 
57052 
57052 
57056 
57056 
57052 
57052 
57056 
57056 
57052 
57052 
57056 
57056 
57052 
57056 
57144 
57056 
57052 
57056 
31972 
57184 
57052 
64942 
54831 
54783 
54849 
54783 
54759 
54780 
54762 
54759 
54780 
54762 
54783 
54780 
54759 
54783 
54762 
54780 
54780 
54762 
54870 
54762 
54780 
54759 
54762 
54783 
2171434 
77401 
81584 
70129 
67702 
65811 
64662 
63908 
62030 
58028 
57144 
57052 
57056 
57056 
57056 
57056 
57052 
57056 
57052 
57052 
57052 
55656 
57276 
57056 
57052 
57052 
57056 
57052 
57052 
57056 
57056 
57140 
57052 
57056 
57056 
57056 
57056 
57052 
57052 
57056 
57056 
57052 
57052 
57056 
57056 
57052 
57056 
57144 
57056 
17159 
57180 
57052 
57052 
57056 
57052 
65751 
54759 
54780 
54780 
54762 
54783 
54846 
54780 
54783 
54762 
54780 
54759 
54783 
65665 
57052 
57056 
57056 
57052 
57052 
57056 
57056 
25648 
57292 
57056 
57052 
57056 
57056 
57052 
57052 
57056 
57056 
57052 
57052 
57056 
57144 
57052 
57052 
57056 
57056 
57052 
57056 
57056 
57052 
57052 
57056 
57052 
57052 
57056 
32060 
59754 
57052 
57056 
57052 
57052 
57056 
57056 
57052 
57056 
57056 
57052 
57052 
57056 
57052 
57052 
57056 
57144 
57052 
57056 
64237 
54780 
54759 
54783 
54762 
65809 
57056 
25764 
57992 
57164 
57056 
57052 
57052 
57056 
57056 
57052 
57052 
57056 
57056 
57052 
57056 
57052 
57140 
57056 
57056 
57052 
57052 
57056 
57056 
57052 
57052 
57056 
57052 
57052 
273769 
57124 
57052 
57140 
57052 
57052 
57056 
57056 
57052 
57052 
57056 
57056 
57052 
57052 
57056 
57052 
57056 
57056 
57052 
57140 
57056 
57056 
57052 
57052 
57056 
67264 
59532 
2718655 
56948 
56688 
56624 
56624 
56628 
56624 
56624 
56628 
56756 
56752 
56756 
56756 
57144 
56680 
56756 
56756 
56756 
56756 
56880 
56868 
34621 
57324 
57088 
57164 
57152 
57088 
57056 
57052 
57052 
57056 
57112 
57088 
57056 
57036 
57136 
57052 
57056 
57056 
57048 
57056 
57056 
57052 
57052 
57060 
57056 
57056 
64351 
19233 
55674 
54846 
54822 
54807 
54783 
54780 
54747 
54780 
54759 
54783 
54759 
54783 
54801 
54759 
54846 
54783 
54759 
54780 
54762 
54783 
54789 
54762 
54783 
54783 
54762 
54780 
54759 
36633 
50775 
55689 
54849 
54783 
54759 
54780 
54783 
54762 
54780 
54759 
54783 
54759 
54780 
54789 
54762 
54783 
54846 
54780 
54762 
54783 
54783 
54762 
54783 
54825 
54807 
54780 
54762 
39072 
50678 
65545 
57112 
57048 
57048 
57056 
57052 
57056 
57052 
57112 
57036 
57112 
57084 
57588 
57452 
57096 
57164 
57088 
57052 
57052 
57052 
57052 
57056 
57056 
57052 
57052 
28896 
57192 
57056 
57052 
57056 
57056 
57052 
57064 
57052 
57052 
57052 
57056 
57056 
57144 
57056 
57056 
57052 
57052 
57052 
57052 
57052 
57052 
57052 
57056 
57056 
57056 
57088 
35760 
66355 
54819 
54927 
54783 
54780 
65523 
57056 
57052 
57056 
57056 
57052 
57188 
56624 
57112 
57180 
57124 
56808 
56624 
56628 
56628 
56620 
56624 
56624 
56624 
39436 
59860 
57056 
57048 
57052 
57052 
57052 
57052 
57056 
57056 
57052 
57052 
57056 
57144 
57088 
57052 
57056 
57056 
57056 
57052 
57008 
57124 
57124 
57056 
57052 
57052 
57056 
36252 
56822 
57176 
57052 
57056 
57060 
57056 
57056 
57056 
67960 
59532 
59536 
59536 
59536 
59536 
59628 
59532 
59572 
59536 
59536 
59540 
59536 
59532 
59536 
59536 
59536 
37808 
63136 
59628 
59532 
59536 
59536 
59536 
59532 
59536 
59540 
59536 
59532 
59792 
60112 
59536 
59624 
59536 
59796 
59536 
59536 
59536 
59536 
59540 
59720 
40924 
60280 
60572 
59608 
59704 
60156 
59624 
59516 
59624 
68244 
57120 
57136 
57180 
57124 
57056 
57052 
57052 
57052 
57052 
57240 
57496 
57124 
57056 
57268 
57056 
57052 
53352 
51208 
58132 
57320 
57196 
57116 
57088 
57060 
57224 
57092 
57052 
57052 
57052 
57052 
57052 
57140 
57056 
57056 
57056 
57052 
57052 
57052 
57052 
57056 
57056 
57056 
57052 
31080 
67172 
59736 
59536 
59920 
59780 
59572 
59536 
59540 
59528 
59532 
59760 
59532 
59536 
59544 
59532 
59532 
59604 
59632 
59568 
59536 
59536 
59536 
59540 
59532 
59532 
25115 
59732 
59604 
59604 
59608 
59544 
59536 
59532 
59532 
59536 
59532 
59536 
59628 
59672 
59536 
59544 
59536 
59532 
59532 
59536 
59536 
59540 
59536 
59536 
59532 
59532 
20108 
59668 
67956 
57120 
57056 
57056 
57052 
57040 
57052 
57052 
57052 
57056 
57052 
57052 
57140 
57056 
57052 
57048 
57056 
57064 
57056 
57052 
57056 
57056 
57052 
57052 
57056 
18436 
64 
64 
64 
64 
64 
64 
64 
64 
64 
64 
64 
64 
64 
64 
64 
64 
8642 
86190 
57124 
57056 
64166 
54762 
54780 
54834 
54834 
54762 
54783 
54759 
54783 
54780 
54762 
54867 
54759 
54780 
54759 
64688 
57120 
57056 
57056 
57052 
57336 
57244 
57120 
57052 
57268 
54088 
57284 
57056 
57052 
57052 
57140 
57056 
57056 
57048 
57252 
57132 
57052 
57052 
57052 
57052 
57052 
57056 
57128 
57116 
57140 
57052 
57056 
57052 
57056 
57192 
57056 
35508 
60492 
58056 
57084 
57052 
57052 
57056 
57056 
57056 
57052 
57052 
57056 
57052 
57052 
57144 
57052 
57056 
66464 
59568 
59536 
59536 
59532 
59596 
59604 
59704 
59536 
58808 
43399 
60532 
59628 
59532 
59596 
59636 
59572 
59536 
59532 
60196 
59612 
59608 
59700 
59608 
59532 
59536 
59536 
59532 
59532 
59536 
59540 
59532 
59536 
59532 
59532 
39784 
63151 
60440 
59624 
59532 
59540 
59536 
59532 
59532 
59532 
59536 
59536 
60012 
59536 
59532 
59536 
59564 
59632 
66892 
57052 
57056 
57296 
57056 
67488 
60196 
59536 
21152 
59668 
59536 
60024 
59532 
59532 
59536 
59536 
59536 
59676 
59532 
59536 
59992 
59572 
59532 
60120 
59536 
59532 
59536 
59536 
59532 
59532 
59536 
59540 
59532 
59532 
336721 
60440 
59648 
59536 
59624 
59532 
59536 
59536 
59532 
59532 
59540 
59536 
59532 
59532 
59936 
59536 
59532 
59536 
59536 
59532 
59900 
59532 
59536 
66248 
48240 
29500 
57152 
57052 
57440 
57056 
57056 
57052 
57056 
57144 
57224 
57056 
57056 
57232 
57088 
57056 
58124 
57056 
57052 
57052 
57056 
57144 
57056 
57052 
54064 
60508 
59624 
59532 
59532 
59540 
59536 
59532 
59532 
59628 
59540 
59536 
59532 
59532 
59536 
59536 
59532 
59540 
59748 
59752 
59532 
59532 
59536 
59628 
59712 
59572 
35868 
63287 
59628 
59536 
60540 
59572 
59536 
59628 
59536 
59532 
59532 
59532 
59532 
59536 
59536 
59536 
59532 
59536 
59536 
59532 
59536 
59532 
59536 
59628 
59536 
59536 
97620 
73916 
57676 
56864 
42385 
57192 
57364 
57388 
57408 
57472 
57360 
57392 
57468 
57320 
57448 
57448 
57436 
57448 
57448 
57432 
57448 
57448 
57436 
57452 
57452 
57436 
57452 
57448 
57436 
57448 
38920 
54101 
58084 
57388 
57408 
57392 
57412 
57392 
57404 
57392 
57468 
57320 
57452 
57452 
57436 
57448 
57448 
57432 
57448 
57448 
57436 
64737 
55101 
55152 
55023 
33665 
64 
64 
64 
64 
64 
64 
64 
64 
64 
64 
64 
64 
24995 
55188 
55143 
55128 
55164 
55143 
55131 
55161 
68268 
55230 
54957 
55227 
54978 
66084 
57512 
57340 
57268 
57432 
57240 
57288 
57288 
57372 
57288 
57288 
57288 
57288 
57288 
57288 
57344 
57288 
57484 
57516 
57532 
57516 
57268 
44193 
57536 
57464 
57324 
57424 
57408 
57424 
57448 
57344 
57408 
57424 
57408 
57464 
57324 
57424 
57408 
57424 
57444 
57344 
57408 
57424 
57408 
57464 
57324 
57424 
57408 
48892 
48048 
58080 
57248 
57696 
57696 
65513 
55188 
67349 
59932 
59952 
59948 
59932 
59948 
59948 
59932 
59952 
59952 
59932 
59948 
59948 
59932 
59952 
59948 
59932 
59948 
31232 
60440 
59952 
59952 
59932 
59944 
59952 
59932 
59944 
59948 
59928 
59948 
59952 
59932 
59948 
59948 
59932 
59952 
59948 
59932 
59948 
59944 
59928 
59948 
59948 
59932 
23827 
60432 
59732 
60204 
60200 
60192 
60208 
60204 
68276 
57696 
69364 
62696 
62668 
62672 
62652 
62672 
62672 
62656 
62672 
62668 
62660 
62676 
62676 
62656 
62676 
24139 
63152 
62584 
62528 
62628 
62700 
62488 
62644 
62684 
62528 
62628 
62700 
62488 
62644 
62684 
62532 
62624 
62704 
62484 
62648 
62684 
62532 
62628 
62700 
62488 
28876 
62708 
62756 
62744 
62676 
62744 
62656 
62744 
62696 
62744 
69968 
59804 
60024 
60048 
59888 
60152 
60024 
60012 
59932 
60012 
59932 
60028 
59928 
60052 
59928 
2166315 
83921 
77562 
73310 
70485 
68623 
67388 
66560 
64771 
59972 
59932 
59932 
59920 
59936 
59940 
59920 
59932 
59936 
59916 
59936 
62822 
59924 
60160 
60348 
59884 
59804 
59892 
59908 
59888 
59904 
59888 
66636 
57392 
57464 
57268 
57408 
57444 
57308 
57396 
57464 
57268 
57408 
57448 
57308 
57392 
57464 
49924 
44822 
57892 
66352 
59968 
59916 
59936 
59932 
59924 
59936 
59940 
59920 
59936 
59932 
59920 
59932 
59932 
59916 
59936 
59932 
59924 
59936 
59940 
59924 
59936 
59940 
27836 
60432 
59976 
59936 
59936 
59924 
59936 
59936 
59920 
59940 
59936 
59920 
59936 
59936 
59924 
59932 
59940 
59920 
59940 
59932 
59916 
59932 
59932 
59924 
59936 
59936 
19861 
60020 
59776 
70248 
62672 
62780 
62504 
62524 
62620 
62520 
62620 
62780 
62500 
62520 
62488 
62780 
62508 
62516 
62656 
62780 
62504 
62524 
63344 
62672 
62628 
23394 
62664 
62736 
62720 
62660 
62724 
62636 
62720 
62676 
62720 
62636 
62740 
62640 
62768 
62596 
62872 
62736 
62724 
62640 
62728 
62632 
62740 
62640 
62768 
57620 
52726 
63160 
62704 
70484 
60220 
60188 
60180 
60192 
60192 
60180 
60192 
60192 
60180 
60188 
60188 
60176 
60188 
60188 
60176 
60184 
60188 
60176 
60192 
60192 
60180 
3281823 
57800 
57400 
58208 
57492 
57308 
57408 
57220 
57408 
57224 
57400 
57552 
57208 
57548 
57404 
57220 
57404 
57544 
57292 
53120 
60240 
57416 
57376 
57380 
65090 
54975 
55404 
55353 
55380 
55380 
55329 
55161 
55134 
55134 
54972 
55356 
55377 
55359 
55533 
55056 
55014 
55104 
55137 
54984 
55113 
55140 
55011 
22455 
55704 
54969 
55386 
55380 
55368 
55377 
55356 
55368 
55377 
55377 
55347 
55377 
55380 
55347 
55377 
55419 
55167 
55131 
55152 
55122 
55134 
55134 
55119 
55131 
55179 
65791 
57680 
16403 
57880 
57440 
57432 
57432 
57440 
57440 
57424 
57440 
57440 
57424 
57440 
57436 
57420 
57436 
57440 
57424 
57436 
57436 
57424 
57440 
57392 
57420 
57436 
57436 
57424 
57440 
16238 
57912 
57440 
57424 
57440 
57440 
57432 
57452 
57248 
57512 
57448 
57688 
57684 
57672 
57684 
57840 
58224 
57952 
57428 
57272 
57576 
57692 
57668 
57672 
57680 
57668 
65172 
13199 
55254 
55251 
55230 
55251 
55227 
55230 
55251 
55227 
55254 
55251 
55230 
55362 
55512 
55098 
55014 
55407 
55002 
55113 
55098 
55110 
55158 
55032 
55101 
55152 
55023 
55071 
54999 
17051 
59 
55122 
55086 
55290 
55332 
55113 
55149 
55044 
55089 
55143 
55020 
55092 
55116 
55380 
55380 
55371 
55380 
55380 
55371 
55359 
55380 
55365 
34550 
55170 
55116 
55104 
64986 
57456 
57864 
57412 
57456 
57316 
57420 
57400 
57416 
57436 
57336 
57400 
57416 
57396 
57456 
57316 
57364 
57340 
58036 
57344 
57452 
57392 
57308 
37181 
57768 
57408 
57444 
57304 
57396 
57464 
57268 
57408 
57396 
57412 
57392 
57464 
57264 
57408 
57444 
57384 
57288 
57408 
57392 
57408 
57448 
57312 
57392 
57464 
57272 
57412 
16354 
57684 
57408 
57464 
67576 
59908 
59948 
59800 
59888 
59964 
60208 
60768 
60072 
59884 
59912 
59888 
59904 
59944 
59740 
59888 
60124 
59800 
59928 
60064 
60048 
60060 
19746 
60312 
60420 
61052 
60704 
59916 
60012 
59840 
59792 
60656 
59732 
59708 
59760 
59776 
59968 
59716 
59760 
59828 
59772 
59864 
59856 
59808 
59764 
59764 
59980 
61264 
48863 
60472 
59924 
59932 
70140 
62912 
62924 
62912 
62908 
62928 
62928 
62912 
62928 
62932 
62912 
62924 
62924 
62912 
62924 
62924 
62912 
62924 
62920 
62908 
26841 
62760 
62748 
62512 
62796 
62644 
62780 
62580 
62536 
62628 
62800 
62572 
62740 
62480 
62656 
62624 
62776 
62584 
62660 
62624 
62880 
62748 
62740 
62572 
62844 
24594 
63216 
62656 
62660 
62656 
71312 
59752 
60184 
60188 
60188 
60184 
60196 
60192 
60176 
60188 
60188 
60056 
60228 
60192 
60180 
60192 
60188 
60172 
60188 
60184 
74077 
59912 
59984 
59744 
59844 
70056 
62724 
62348 
62472 
62660 
62464 
62612 
62572 
62896 
62476 
62480 
62772 
62716 
62536 
62456 
62756 
62524 
54440 
65054 
62644 
62592 
62512 
62616 
62900 
62392 
62616 
63352 
62456 
62780 
62640 
62732 
62544 
62888 
62764 
62728 
62540 
62572 
62892 
62768 
62544 
62572 
62736 
23840 
62844 
62576 
62744 
62500 
62660 
62676 
62760 
71104 
60120 
59848 
59844 
59868 
60032 
59856 
60016 
59776 
59932 
59904 
60028 
59848 
60016 
59784 
59936 
59904 
42188 
61426 
60472 
59956 
59920 
59876 
60260 
59920 
59936 
59936 
59920 
59932 
59940 
59920 
59940 
59936 
59920 
59932 
60316 
59880 
59804 
60232 
59780 
59904 
59880 
59904 
23484 
59808 
59868 
60052 
59876 
59900 
59832 
59972 
59876 
66688 
57304 
57404 
57384 
57444 
57448 
57396 
57308 
57404 
57384 
57472 
57376 
57408 
57460 
57656 
57480 
57532 
43028 
51435 
57864 
57440 
57540 
57712 
57684 
57684 
57672 
57680 
57684 
57672 
57684 
57680 
57676 
57680 
57680 
57668 
57680 
57680 
57672 
57684 
57684 
57684 
57468 
57684 
57672 
21948 
57564 
57464 
57448 
57392 
57304 
57404 
57388 
57472 
65852 
55026 
55131 
55176 
55152 
65257 
57312 
57560 
57384 
57888 
57460 
57472 
57692 
57316 
57548 
57520 
57548 
57392 
16430 
57440 
57336 
57340 
57488 
57620 
57668 
57260 
57368 
57280 
57272 
57332 
57320 
57516 
57340 
57368 
57496 
57256 
57680 
57496 
57328 
57256 
57364 
57316 
57276 
57276 
57520 
306370 
57464 
57492 
57380 
57500 
57384 
