12950841 
8838775 
11258707 
10807255 
8435492 
7933063 
9902995 
8329887 
8713267 
8663800 
9094118 
8666452 
10078219 
7956606 
8950133 
8887877 
8726769 
11858216 
9811064 
7753662 
11097404 
8532048 
9781223 
8068109 
8524814 
10157404 
7851140 
8483604 
8769634 
9574411 
8226027 
8596785 
10750599 
10695810 
7880898 
8405939 
9863182 
7874245 
8931732 
8849025 
9978482 
7981658 
7671143 
10713650 
7929138 
8930365 
11628523 
9839893 
7855570 
9266701 
8429812 
8700247 
8536021 
8870140 
8525657 
10428637 
7595767 
8686129 
9779477 
7994970 
12283144 
8503815 
8795645 
8787166 
9253010 
8813669 
8979681 
9769401 
8007809 
8929358 
7793863 
11008076 
8161906 
8799347 
9816507 
12501569 
8464097 
8832925 
8613120 
10411906 
7726308 
8862985 
8268292 
10459146 
8893660 
8833232 
8783247 
9935719 
8012711 
11409870 
8776235 
10888684 
7850634 
8208325 
10719779 
8051649 
8948438 
8895525 
10240337 
8243442 
9408781 
9545242 
7706719 
11904379 
9839594 
7996189 
8073428 
8650622 
11139114 
8265110 
8413161 
10753532 
8052779 
9045942 
8781512 
10581066 
10597675 
9700020 
8062011 
8631593 
9183977 
8743462 
9339325 
8648851 
9524928 
9016443 
8677466 
10338382 
7471126 
8889729 
9080739 
11741950 
10177395 
7850833 
8844853 
9013822 
8653354 
10150138 
9142612 
7965053 
8110032 
10631787 
9248471 
7673981 
7841822 
14501347 
7526776 
8572721 
9736694 
8095203 
9149763 
8576706 
9222962 
9957545 
10058818 
8960373 
8566586 
10366578 
8382908 
15214326 
8714635 
8805463 
9934014 
7782713 
8686542 
9067542 
9680222 
8693781 
9281838 
9825208 
7924453 
8651630 
8871962 
13163111 
7792761 
8814960 
8697973 
8925336 
9878047 
8970213 
8199304 
9894894 
7827786 
8741996 
10041442 
7717595 
9944357 
8936695 
11839231 
8036650 
8609598 
9067318 
10242626 
7659216 
8184533 
9007525 
10629837 
8129548 
8852001 
8651206 
10302482 
10854367 
9333006 
9143722 
8517260 
7716098 
13412364 
8343164 
8902220 
10145386 
7872329 
8564458 
8851069 
10068840 
8017327 
11927066 
8480817 
8440904 
10630549 
8575643 
8092854 
8671928 
10243278 
8617746 
8715200 
8314638 
8291842 
8483028 
11025552 
10767889 
9759936 
8120164 
8798364 
8544301 
8702343 
9143313 
8941755 
10269769 
7796092 
8663455 
26202638 
11677601 
10316460 
8249519 
8707585 
8563270 
10579274 
8330121 
9828760 
8830942 
8682709 
9931187 
9023524 
7937904 
10034294 
10992786 
8656379 
8441981 
10293627 
7769582 
8961294 
8797199 
9622203 
8267396 
8844135 
8845853 
9857135 
8024615 
9033544 
9911247 
10623445 
8644837 
8469022 
10680786 
7746793 
8714579 
8865565 
10008359 
8001540 
8379577 
8742361 
9413566 
8603996 
8644085 
12051667 
10113365 
7555906 
8948049 
8616334 
8693940 
9809468 
9161477 
7725516 
7826881 
11117121 
9165739 
7298392 
8671735 
8609680 
13387075 
8605866 
7449696 
9751797 
9160473 
7485814 
9606963 
9088310 
8727414 
7800262 
9874266 
9109785 
7386504 
9905598 
8333736 
8781745 
7943360 
8179910 
7998284 
9254263 
7822523 
8886605 
8473891 
10268598 
7552463 
8821673 
8719391 
10252811 
7764829 
11748732 
8773246 
8615866 
8723959 
10794898 
8899704 
9005050 
7485462 
8644944 
10240238 
7548377 
13200391 
7390184 
13039263 
8794973 
7417199 
8865893 
8533135 
8680407 
10101621 
8038761 
9038077 
8506602 
9907742 
7736037 
8622207 
8679562 
12034318 
7177070 
8770221 
7266246 
9391682 
8608388 
8496499 
8168270 
8764101 
8547818 
10839819 
7414955 
7632739 
8773029 
8348634 
11634891 
8509116 
10561307 
7472983 
26163748 
10083694 
7761755 
8461477 
8860436 
8729119 
8646915 
10389190 
9330544 
9970766 
8559117 
10399439 
7459648 
8690682 
9111793 
9044669 
8960837 
7660740 
8770690 
7595118 
8704420 
8602531 
10523012 
10770852 
9766940 
8529236 
8571090 
8703187 
9745670 
7969976 
8541112 
8948119 
9493375 
8761123 
8717056 
8798443 
8847899 
8630121 
13693244 
7143011 
8716241 
8770484 
10442318 
7659238 
8944890 
10587798 
8894655 
8254328 
8083997 
8967689 
11209209 
8974999 
10634678 
8476949 
10114060 
9122910 
8931924 
8793339 
7672918 
10189754 
9418471 
8706956 
7281902 
9139369 
8751381 
10861797 
8711157 
11918603 
7315896 
8628358 
10560618 
8695357 
9090127 
9288020 
7665564 
8864229 
8799450 
10354443 
9073528 
7530905 
13417305 
8952687 
7477013 
8810010 
8889798 
10769831 
8777591 
8834174 
7679160 
8614706 
9175421 
10589910 
8883838 
8685731 
7655986 
12215821 
8832266 
8674793 
10372231 
7573558 
8994004 
8672880 
9457243 
10219364 
9139603 
7621171 
9740304 
8097558 
8817294 
11670624 
8766236 
8879101 
8912162 
10510399 
7535168 
10010503 
9333720 
9380821 
8698941 
7438663 
9152878 
8541197 
15124961 
11324169 
7270934 
11250238 
8575014 
9006557 
7334159 
8933942 
11093594 
7665715 
8581701 
8675853 
8718524 
9101378 
8535235 
13875897 
8809935 
7346745 
8927751 
8553091 
10553064 
9052251 
7570329 
8798720 
8517576 
10232055 
9327408 
8542768 
10602260 
10034180 
8973149 
8647427 
8962951 
9065834 
8671037 
7656898 
10724730 
8844764 
9079435 
8514029 
8583773 
7605313 
8798279 
16932867 
8634049 
7372214 
10446803 
8698030 
7191991 
10020694 
9368738 
8603465 
8800369 
9133495 
8555306 
7415507 
10788215 
11351221 
8412137 
10375902 
8750748 
8761847 
8840797 
9127270 
8855587 
9065859 
8729511 
8920433 
7135479 
8843693 
10794726 
11649518 
7232928 
8904442 
8822650 
8691210 
27550559 
7583443 
9512993 
9892127 
8813996 
7707897 
9178895 
11001058 
8616120 
10713065 
8545472 
8632494 
7278856 
10762172 
9203852 
8891010 
8536318 
8770810 
8904104 
7382190 
10579928 
10388364 
8301550 
10390283 
8770256 
8944060 
8479589 
8735533 
8664086 
9382465 
8474882 
8892416 
7484798 
10688690 
8567149 
7213837 
12237797 
8516517 
8592648 
10485556 
8897927 
8747143 
8627016 
7491106 
10432286 
8776475 
9023250 
8712843 
8838538 
7240841 
13829796 
8531124 
8079508 
7780419 
10251742 
9066531 
8635453 
8827055 
7874822 
10512163 
8704118 
8897547 
8719755 
8803182 
8263721 
13282027 
9049314 
6996679 
8686406 
10508698 
8884292 
9081327 
9093462 
7076572 
8926638 
8615765 
11088279 
8796014 
7168993 
13185905 
8951332 
8891667 
8436866 
7929757 
8177838 
8564036 
7585520 
8726373 
8402894 
8712741 
7353709 
10492453 
8935626 
8762257 
11126402 
8495636 
10409989 
8631529 
7294126 
8628652 
10309387 
9149125 
8959393 
8602067 
7246303 
10538144 
8980758 
8862903 
11762433 
7214873 
8592944 
10419887 
8566454 
7416692 
8558188 
10681761 
8989734 
8751011 
8842334 
7246568 
10429538 
8957059 
12252318 
8219994 
8889651 
8975550 
8476104 
8899060 
8581292 
9184123 
7311253 
10440799 
8809007 
8864754 
8521367 
9222950 
10618645 
8760040 
10256735 
8934235 
8680110 
8528567 
7709367 
8738066 
8999514 
10697154 
8591489 
8082606 
8238825 
8592641 
14116831 
8469458 
8663729 
8579546 
7326779 
10837656 
8923189 
8721897 
8828976 
7745464 
8782775 
8767398 
10838215 
8870738 
8573369 
11557054 
7527586 
8769448 
10730638 
8374734 
7592648 
8648547 
10629269 
8755853 
8919548 
8618105 
7399726 
10482167 
8917059 
11400951 
7958136 
10519425 
8815082 
8858934 
8718940 
9440875 
7780820 
8687168 
10856712 
8443191 
8413645 
7719902 
10494207 
8880766 
11946720 
8633515 
7212381 
10286774 
8849102 
8730041 
7562798 
10298275 
9143909 
8940565 
8372385 
9060581 
7570064 
10756471 
8835729 
11630356 
8647707 
8110569 
10359876 
8707986 
8684792 
7238789 
11025015 
8948665 
8893437 
8604375 
7242104 
8746610 
10730536 
12066029 
8388753 
8787948 
8559346 
8821436 
7507015 
8830746 
8962334 
11091655 
8582187 
8570868 
8495429 
7424712 
8826186 
13945581 
8498613 
8474355 
7485549 
8605204 
8621523 
8708161 
9209223 
8685308 
10933703 
8471856 
8968776 
8705504 
8465341 
13872275 
8278718 
8788873 
7297958 
10431372 
9122423 
8312118 
8839437 
8903548 
7840242 
10749996 
8581511 
8371977 
16107041 
8357386 
8055458 
10402232 
8348521 
8586794 
6819778 
10307536 
8709506 
8161100 
8182220 
8322079 
7026871 
10702292 
8449928 
11672480 
8314214 
7029487 
8656882 
8383524 
8662416 
8355901 
8614751 
8426066 
10693366 
8228920 
8789162 
8374401 
8493761 
8489950 
12136225 
8869953 
7789759 
8190844 
10897739 
8508494 
8437707 
7861038 
11021211 
25453392 
20580548 
10146158 
8509776 
11111164 
8244985 
8318212 
8677853 
10411318 
8785601 
8886955 
8769836 
7559043 
11327496 
8587434 
8556263 
10258743 
11252251 
8513353 
9146889 
8668022 
9165671 
7452868 
9043692 
11405520 
8342238 
8625901 
8786343 
9817413 
9050225 
30366691 
8118652 
27843642 
8869225 
15457320 
8643024 
7537226 
8508136 
10932925 
10349328 
8830790 
8736819 
9085478 
10798737 
8760919 
9079749 
9200053 
7645815 
9241138 
11077374 
8416210 
9033238 
7675476 
8751861 
13920761 
8316397 
9057270 
8635306 
7440358 
9506116 
9064618 
8607018 
11408039 
8433522 
8527834 
8797751 
10291860 
8602077 
32550007 
8052981 
26036089 
7985938 
8151974 
8975501 
9883052 
8887923 
8110969 
11480738 
9075626 
8385472 
7736169 
8755841 
11189154 
8672827 
9585413 
8843355 
9157920 
7597522 
9042242 
8963754 
9071900 
14374408 
8039751 
8485154 
8934567 
10285354 
8318000 
10155370 
9313094 
8256179 
8570694 
8137821 
8806222 
11037756 
8686665 
12247671 
8527700 
7326506 
10873874 
8735474 
9134315 
8954526 
8849283 
7791646 
8844097 
11262047 
8569444 
9002702 
9402783 
8869764 
11942815 
7354448 
8988832 
11166626 
8623821 
