10938253 
7993589 
9641912 
8623867 
10200563 
8532408 
9562846 
8720885 
7075836 
8487915 
8323725 
10191781 
7178268 
8409225 
8543090 
8319135 
8344534 
8363642 
13335262 
8810272 
8373476 
8309565 
6976630 
9731561 
8506434 
7106007 
9881678 
7692277 
8366456 
7951348 
8048777 
11329413 
6899559 
11653444 
7060277 
8950221 
8473491 
6913610 
8297715 
9903515 
7503563 
8674647 
8204248 
8304452 
8191233 
8304806 
10631386 
8349641 
11119875 
7684533 
9797391 
8777353 
8345887 
8415157 
6951058 
8335293 
10518476 
8382074 
8507798 
8294531 
7006672 
9740461 
8824681 
8299869 
11493784 
7972207 
7603809 
10216496 
8357744 
8372411 
6892522 
8738533 
8630900 
8195322 
10068987 
8480186 
8294498 
7014310 
11760597 
8342278 
8434882 
10028742 
6911682 
8596455 
8199001 
8272775 
8572662 
10200384 
7047398 
8298542 
9733174 
7252077 
8345948 
8426163 
11638336 
9789378 
8723992 
8328787 
6957767 
8540087 
8317712 
8429212 
8206489 
8302028 
10763512 
8227667 
8329111 
6926012 
9656051 
10394517 
8301574 
8572135 
9605847 
8715160 
6995349 
9525721 
8159290 
8338271 
7533658 
9700678 
8880365 
8264027 
7467073 
7813181 
13135670 
7359121 
8207532 
8348939 
9855307 
7192690 
8305408 
8684670 
9659010 
8844491 
8274076 
8416757 
8526064 
8297856 
10251635 
10174427 
8429844 
8576107 
8277263 
7442377 
7891689 
10116358 
7197871 
8664855 
9629401 
8610013 
8349558 
8324715 
7016726 
7309183 
8567118 
8304449 
8411034 
8585712 
8298191 
8454774 
7697196 
8009907 
10043214 
8494014 
8325521 
8495337 
8685958 
8343805 
11742297 
8341940 
6862318 
8334734 
10191834 
8682763 
8223848 
8403715 
8574971 
7746988 
7788294 
10307298 
8156647 
8322368 
6939649 
12881321 
8773319 
8330068 
6895510 
9601086 
8734363 
7281203 
9310098 
7915962 
8323041 
8011535 
8153875 
8299336 
10398535 
8531574 
11517154 
8309104 
10266869 
7738889 
8287964 
10303916 
8297600 
8836748 
8389957 
7004542 
9846943 
8555568 
8687064 
8340701 
11035398 
8299815 
11873135 
8632731 
10713965 
8255811 
8320411 
7069938 
8753052 
8331891 
10398951 
8377248 
8337747 
8702830 
7049075 
8300581 
11482453 
10204761 
8347433 
8510788 
8302084 
7112367 
7126563 
8833314 
8581190 
8169318 
8362857 
8078687 
8243135 
8590754 
8248720 
13651969 
8228827 
8435713 
8650449 
8325698 
8563817 
8315043 
7258938 
10180584 
8611428 
8108640 
7082694 
8277128 
10223819 
11970912 
8188730 
8305362 
7053978 
10043546 
8552907 
8342088 
7030548 
10061414 
8706317 
8329398 
8471067 
8329751 
8279912 
7143013 
8283781 
13873700 
8094902 
8284678 
8298943 
7129583 
10430629 
8298863 
8590044 
6974139 
8552165 
8291294 
8462711 
7631988 
8333050 
11439608 
7082082 
9966431 
8702515 
8171040 
8276674 
8302493 
7365331 
10263482 
8412152 
8305439 
7012191 
7175298 
8700605 
8151072 
10109991 
8320994 
10067250 
8486671 
8391768 
8325218 
6972216 
6888135 
8948846 
8095874 
8126404 
8334136 
7029225 
10627236 
8203324 
11207565 
7372203 
10099773 
8486471 
8588607 
8175010 
8586808 
8302241 
7225549 
8485891 
8303817 
10442791 
8157444 
8345210 
8562634 
11619917 
7076325 
8360881 
10440300 
8528671 
8056469 
8337588 
7201522 
12083710 
8232607 
8598769 
8076838 
8224414 
8298137 
7121676 
7370015 
8065190 
8340641 
7073045 
9901833 
8940241 
8024024 
7541580 
8908211 
10171879 
8449036 
8167126 
8308124 
7062392 
7143549 
8633877 
11704703 
8191303 
6963119 
8309924 
10162585 
8467369 
8290958 
8244824 
8260317 
8391203 
9844673 
8127974 
8313278 
6957253 
13318613 
8794404 
8158284 
12486785 
8301333 
10213744 
8626146 
8305284 
8455930 
6925811 
8344635 
10225432 
8389367 
7994095 
8328786 
10327712 
10330858 
8528038 
8321245 
7042961 
9865222 
8719793 
8768932 
8032692 
8302511 
10139737 
8159026 
8167151 
8586170 
7036878 
13486944 
8368121 
8288810 
8230863 
11038318 
8579324 
8321603 
8768105 
8534879 
8305642 
8429883 
8562678 
8323583 
7246498 
8836567 
10785147 
10456258 
8067880 
8512503 
8298942 
7222999 
10399258 
8469454 
8297883 
8499808 
8300420 
8326483 
7152395 
10356371 
8672782 
11203064 
6928661 
9956767 
8750424 
8438525 
7982121 
8308923 
9260795 
8408669 
8446944 
8546142 
8238539 
6965208 
8296647 
13718442 
8120201 
7929315 
7363935 
10173680 
8400032 
8666923 
8159596 
8548335 
8281037 
7218616 
10717348 
7934311 
8326407 
7011138 
13352159 
8428999 
8570171 
8204328 
8065186 
7336371 
10238123 
8343521 
8555994 
7949076 
9290952 
8221646 
8599257 
8083177 
8308975 
8302646 
10391927 
10750932 
7961135 
8299042 
6981161 
9795875 
8794419 
8658438 
8111967 
8376460 
6915409 
8481583 
8597125 
8191831 
13860347 
7987873 
8384980 
8315055 
7137990 
8362754 
10553360 
8114359 
8694511 
8603341 
8237677 
7676014 
7680186 
10460079 
8361384 
8339481 
11534683 
6938410 
10087326 
8945727 
7831112 
7891651 
8329827 
9841341 
8020186 
8465519 
8357609 
7061628 
10170832 
8664610 
11499459 
8227678 
7603958 
7726149 
10406964 
8483197 
8333066 
7943859 
7609252 
8287768 
10510673 
8102866 
8186355 
8294582 
7698072 
13470613 
8274984 
8318327 
7053751 
10081959 
8699152 
8317208 
7855723 
8554119 
7416463 
8508896 
8325152 
8524742 
10703837 
7877316 
11044241 
7625411 
10480071 
8142230 
8286827 
7063938 
10018787 
8970803 
8063420 
8138283 
8304060 
9410929 
8004032 
8098974 
8311455 
14934422 
7610506 
11155868 
7935909 
8378225 
7037999 
9418840 
7804195 
8324135 
7107522 
8900443 
8036728 
8361549 
8594090 
8247805 
11596518 
7085652 
8296304 
10935582 
7749866 
7847065 
8366546 
9829159 
8340985 
8284588 
8289989 
7187345 
8246384 
10488170 
8111089 
11199582 
8299844 
9768786 
8058346 
8458969 
8012263 
9560366 
8214535 
8307872 
7306938 
10295644 
8497267 
7837709 
7036086 
8297533 
14073812 
7950376 
8390976 
8286068 
7000787 
8487258 
13015747 
8693525 
7872583 
8012024 
8623499 
9674957 
7761947 
8754624 
8423772 
10492484 
7487295 
8395878 
10740463 
7822108 
6951863 
8300181 
8447637 
7475669 
8644806 
7880411 
7991667 
8296120 
9854039 
7849929 
7955532 
8641048 
9680380 
7810825 
7875909 
8343000 
10103003 
7876836 
8278963 
7810131 
9422998 
8672573 
8153482 
7762396 
12934742 
8072166 
7641164 
10356905 
8183700 
8286787 
8396251 
7209463 
8600341 
10677339 
7647040 
8328693 
6906731 
10001887 
8650341 
11622067 
8215629 
8332025 
8296593 
9572955 
7806820 
7774038 
8594505 
9685573 
8094279 
8277425 
7833163 
9498698 
8718986 
7836037 
12538029 
7914724 
8338755 
8422472 
6943714 
8613621 
10604899 
7999068 
8032853 
8324671 
9681924 
7795982 
8324524 
6918244 
7270982 
8348696 
8296623 
8465347 
7046118 
8300683 
10489611 
8100697 
8388884 
7943287 
9671384 
8051557 
8613285 
8813744 
7931438 
8294952 
11698618 
9272702 
8650315 
8305126 
7850968 
7094892 
8584571 
10852456 
7718528 
7703410 
7633939 
10419034 
8129509 
8367156 
12443185 
8880499 
7442202 
8127036 
10649807 
7688504 
8278466 
6915586 
11023397 
7784832 
8313270 
8995202 
7985308 
8319078 
7882580 
13006290 
7964185 
8330284 
7048770 
10347655 
8803448 
7679217 
7003844 
8575594 
10842480 
7772822 
8364559 
8277632 
6994026 
7348993 
8965653 
10877431 
9012941 
8003063 
8297756 
7880619 
9725198 
8592079 
7979512 
7783725 
8619549 
9937273 
7654558 
7954786 
8173579 
13317170 
7724376 
8485079 
8271113 
9177051 
8126362 
8300511 
8236869 
8723183 
8329559 
6923064 
10977320 
8135361 
8327151 
7784747 
11171931 
8622575 
9824610 
7546081 
7651263 
10037280 
8104641 
7528884 
11090298 
10269575 
7730096 
7743007 
8580464 
9892235 
7756028 
10732876 
10177938 
7779485 
8399280 
8309476 
9389207 
7797546 
8587164 
7818586 
9658372 
8400441 
7971701 
7984098 
7626799 
10713549 
10787923 
9001815 
8010586 
8518293 
8326210 
8324154 
8263906 
9792642 
7736535 
8001961 
11593623 
8070561 
8953339 
8845409 
7498903 
11495020 
10061664 
8519951 
8001823 
7564138 
8380323 
10768992 
7578943 
8975443 
8775642 
7546789 
8448489 
8311227 
9389254 
7737969 
10578495 
8300750 
10376857 
7816755 
8415227 
8339622 
8339741 
7509045 
10718862 
7933548 
8212591 
8272293 
8362535 
9552398 
8361977 
11171783 
8275788 
9394357 
8478667 
7605352 
7736605 
8312969 
10613440 
7574477 
7051827 
8588931 
10503654 
7682002 
8277289 
10903115 
10256081 
7726285 
8336528 
8464303 
9109155 
8312042 
8586921 
7900730 
7985590 
8307039 
9927121 
7689320 
8330239 
9367822 
10893385 
8430983 
8568536 
8300366 
9361839 
8477415 
7539037 
9332227 
8101054 
8327947 
8239398 
8452340 
8307845 
9772992 
7446854 
16605204 
9840867 
8893080 
8635847 
7537889 
7601857 
10288114 
7905651 
7875597 
8362481 
10012080 
7694025 
8311930 
7970904 
14943571 
9621191 
8850865 
8802577 
7943876 
8889400 
8222586 
8326539 
8304440 
8459683 
8335155 
9660747 
7514790 
8324089 
9258801 
10896819 
9146558 
8803291 
7489127 
8382026 
8622188 
8239501 
8659167 
8277618 
9615416 
7787095 
7987653 
7873859 
10394179 
10857646 
8469119 
8323985 
9524370 
7574908 
8387724 
9171758 
7785130 
8366386 
8685625 
9182810 
7982804 
8639754 
7857927 
8021919 
8301417 
13353763 
7850369 
7591979 
8203337 
10327076 
7674061 
8319853 
7608652 
10673280 
8356499 
8366790 
7651743 
8664797 
7511363 
10397559 
10742077 
8306665 
9619224 
7446704 
8449512 
8294944 
9333856 
7990698 
8598100 
9117715 
7639528 
8327023 
8444803 
10326656 
9602342 
8341666 
8318666 
10406501 
10549311 
8790750 
7688550 
8957649 
7108165 
8670186 
8137659 
8482939 
8282417 
8324928 
7139402 
8650092 
10700304 
7677839 
10955716 
8301783 
7957920 
10671938 
7955432 
8204404 
7776251 
7200303 
9084035 
7672169 
7528902 
7798372 
10373314 
8460737 
8306878 
8196883 
10396398 
10375838 
8910118 
7685280 
7648352 
7837329 
8245878 
11004345 
7892030 
8358668 
9243177 
7843632 
8324909 
7130695 
13919852 
7845518 
8349629 
7781382 
9709336 
8683107 
7699106 
7734277 
7652226 
8649967 
7904984 
7645235 
8292263 
9911344 
8018193 
8543155 
10758430 
9859133 
7754497 
8336027 
8614710 
9198566 
7798482 
8629776 
8346281 
7466669 
8598635 
10080230 
7679695 
8300063 
7094834 
13865420 
7897744 
8296203 
8462825 
7188577 
8396952 
10752524 
7658058 
7840101 
9708577 
12597197 
8123117 
8648942 
8339681 
9263070 
10914139 
8312502 
8281413 
9504238 
7719725 
8648170 
8188213 
8374204 
8303034 
9582826 
7785901 
7848142 
8366483 
10111542 
7685582 
8333214 
10444368 
10631807 
7692680 
8339191 
9136927 
8227086 
8332719 
8158415 
9488400 
7852645 
8360358 
8511829 
8303219 
8345251 
9537978 
10924714 
8542457 
8398858 
9441799 
7666865 
8303970 
7208651 
10782273 
8461750 
8362078 
7695393 
7716792 
10114942 
7629251 
7606904 
8334835 
11787906 
10326493 
7528015 
8382024 
9206207 
7928936 
8543034 
7842625 
9964512 
8586730 
7627976 
7691289 
8554793 
10115440 
10868179 
7671986 
8008194 
10684288 
7561262 
7021495 
8340763 
10647551 
8107076 
8283572 
7547615 
9834246 
8569853 
8595206 
8987723 
13800199 
8201591 
8363696 
8660510 
8365806 
8654540 
8771842 
9409957 
8171236 
8357531 
9168588 
7751724 
8297882 
7798270 
10158212 
11162777 
8805403 
7624068 
7702835 
8623586 
10089755 
7693638 
7844061 
8343264 
10169359 
7687069 
8339073 
8603066 
9217725 
8562850 
11202223 
8233186 
9373443 
8163583 
8375964 
7999772 
8063537 
8183303 
10635277 
7652353 
8577582 
8255392 
9185699 
8561840 
7563342 
11100350 
10419068 
8695207 
7568984 
7561513 
8067522 
10744630 
7818951 
7539331 
8296229 
10397777 
7774814 
8289896 
7449318 
9938560 
11346126 
9191073 
7518861 
8482835 
8286830 
9835779 
7918875 
7405030 
8616831 
10336093 
7577303 
8309510 
9339680 
7782672 
8183105 
12655113 
7770816 
8418699 
8302354 
9598512 
7604749 
8294531 
9723494 
7586747 
8436496 
8291513 
9305782 
7761400 
8533913 
7415018 
11654675 
10369278 
8418029 
7844359 
7492146 
8297605 
10491617 
7845052 
7953174 
8078975 
10275864 
7678296 
8290685 
9228465 
8989220 
9828518 
8890253 
7655652 
8345283 
8596445 
8293338 
8422431 
8648028 
9578789 
7766086 
7843434 
7987017 
10376310 
7596273 
10971948 
8265095 
10447518 
7651479 
8286527 
7569752 
10246544 
8983986 
7437983 
7499793 
8328320 
10422998 
7548253 
8432376 
8322091 
12704435 
7869485 
8229546 
8330745 
9453424 
7697599 
8410715 
7646290 
10512347 
8615680 
7438326 
7630030 
8545498 
10479672 
7430339 
11664721 
8303477 
9727148 
7313326 
7140156 
8824070 
7446933 
8716243 
8520223 
8281791 
9706512 
8427219 
7487871 
7684483 
8362482 
13064682 
8307783 
8444118 
8537695 
8402905 
9693639 
7476811 
8425236 
9863832 
7442959 
8448745 
8457997 
9262124 
7703248 
8643334 
11471623 
9374879 
8294137 
7806612 
7522090 
8086474 
8610981 
7700986 
11373817 
8168405 
8083558 
9279146 
7713871 
8307733 
11809364 
8244922 
9469248 
8516729 
7411549 
9147978 
8803731 
7316897 
9363993 
7875647 
8342149 
8442007 
8400211 
8338075 
10109698 
10560679 
8475745 
10979240 
8305107 
9671703 
7602397 
8443861 
9579721 
7638158 
8345510 
8463457 
9336423 
8722003 
7832300 
7312554 
12550428 
8745319 
8481122 
7690573 
7709330 
10310108 
7576509 
8876494 
8529620 
8541083 
9790571 
8659524 
7806013 
7224137 
13883059 
7565134 
8339815 
8728849 
8206803 
8328873 
9904822 
7613793 
8659528 
9775262 
7491376 
8531483 
8602477 
9397787 
7780144 
11471244 
8311595 
9641645 
7757496 
8689012 
9207757 
7811886 
8700456 
8443666 
9586227 
8858895 
7388994 
9569510 
7796127 
8504708 
12214466 
7950761 
9526026 
8613678 
7492569 
8693380 
8524861 
13028633 
9949366 
7882497 
7537857 
8510276 
10979692 
7471562 
8433095 
12010144 
7449020 
8421035 
8556688 
9758472 
7630902 
8435021 
9917707 
7768068 
8512079 
8767829 
8505296 
9791601 
7928507 
8556706 
12477638 
7398714 
8505884 
8408557 
9602744 
7733055 
8735010 
9787837 
7556367 
8355683 
7637425 
11008216 
8242774 
7606933 
12725216 
7459034 
8463536 
8538570 
9625526 
7677836 
8423839 
7718950 
11042711 
8885714 
7379311 
9425811 
7760805 
8707447 
8464089 
11652506 
9738063 
8509221 
7361472 
8660461 
8387216 
8488749 
10187096 
8326497 
7829917 
9870917 
7607823 
8441076 
9972620 
7479535 
7535957 
8376254 
10694612 
7658924 
8110376 
8310787 
9513148 
7862947 
8470648 
9722730 
7488640 
8446667 
8618101 
9477804 
9036442 
10801247 
8208473 
8335643 
8485817 
10283315 
7190766 
7029867 
9553999 
7432057 
8801587 
8605806 
8289996 
8529428 
8397815 
10137199 
11459096 
7528490 
8589989 
8451572 
9614406 
7605055 
8431388 
9885499 
7622122 
8538404 
8829583 
8394693 
8623963 
8566469 
13165801 
7492051 
8446021 
8284259 
8647221 
9899657 
9001279 
7135296 
8846963 
8685591 
8409050 
10017269 
7411072 
8664919 
8284795 
11787542 
9710290 
8356139 
8450495 
9243529 
7677163 
8491857 
11159166 
7320052 
8551033 
8719442 
9804384 
7955793 
8200806 
12629696 
7609002 
8427990 
8701191 
8309932 
12120431 
7460259 
8393470 
10350170 
7462391 
8371609 
9846185 
7453384 
8460901 
9148166 
10670896 
9706910 
8392219 
7740726 
8645967 
8551572 
8483124 
10466442 
7408438 
8750695 
8397911 
8579670 
7632973 
8719885 
10736660 
8228072 
9662335 
8945506 
7167787 
9440794 
8213436 
8522676 
8152461 
8454923 
8663021 
9786281 
7424067 
8476340 
8733185 
12926993 
7484571 
8549341 
8552546 
9866885 
7928920 
9799461 
10262885 
7537614 
8630055 
8507549 
9948859 
7565374 
8591159 
8823290 
12056636 
8489456 
8300016 
10142410 
7040810 
9287617 
8996952 
7291068 
8409810 
8316448 
9735342 
7368112 
8539410 
9453575 
7263877 
11621854 
8326632 
9856506 
7232693 
8298298 
8421017 
9512378 
8994344 
8308188 
7158699 
7069930 
8745356 
7036264 
8515121 
8320509 
13201123 
7198608 
8390523 
8580928 
8292797 
9854614 
7620112 
8591959 
8232742 
7896313 
8366822 
10346553 
7185093 
8331018 
8497408 
13115627 
7251108 
8302916 
8439472 
8570376 
8383708 
8434607 
10272868 
7183233 
8623647 
7974417 
8149710 
8332068 
10248811 
7217709 
11773532 
8342373 
9794975 
7278092 
8344287 
9462552 
8351922 
8627270 
10140235 
7107009 
8521211 
8390056 
9791689 
7263798 
8306154 
11977186 
8216862 
9739044 
8636952 
7049387 
9181368 
8637210 
8576397 
7401126 
9608038 
8674691 
8574426 
7588421 
7758035 
13216879 
7102370 
8455929 
8411674 
9842395 
7254852 
8306708 
8691689 
8485487 
8298259 
10082193 
7031619 
6961248 
8611320 
8176776 
11537013 
8312464 
10250842 
8595155 
8407377 
8333690 
6946934 
9949697 
8803601 
8439373 
6891673 
8326945 
9870252 
7168302 
8589896 
8174388 
11541758 
9963998 
7253510 
8620157 
8231694 
8193152 
8331143 
10443566 
8695227 
8288071 
6917078 
8448694 
15037547 
8627195 
11735729 
8303878 
6979486 
9803366 
8778577 
8271397 
7512877 
7846058 
8837442 
9962421 
8604866 
8330329 
8469682 
8471046 
8307905 
11771202 
6966229 
8307068 
10065719 
8423951 
12442329 
9993890 
10373801 
8739006 
7286893 
8171667 
8391739 
9956197 
8879808 
9767631 
8589098 
8066847 
10129349 
8661745 
6939222 
8456133 
8297358 
8555976 
10104737 
7087615 
8599205 
8251787 
8310812 
8335727 
13532565 
7320512 
8197786 
8623145 
10658201 
7755284 
8755627 
7184656 
9531443 
8809988 
8293687 
8363350 
8556644 
8283192 
8394244 
11911402 
7777593 
7879700 
8351219 
6891290 
8304089 
8529499 
7362897 
8536910 
8263424 
8484717 
8274896 
10277450 
8687983 
8240973 
11575255 
7143610 
10153538 
8519315 
8286568 
8303404 
7489918 
8711825 
10444489 
8298502 
8324669 
8336119 
7064051 
9937695 
8808887 
11482069 
7019672 
9621433 
8677202 
6964551 
8598614 
8667711 
10707003 
9389948 
8485616 
8280591 
7107551 
9892646 
8544101 
8438443 
11575608 
7147969 
8335713 
10201443 
8462878 
8700385 
8274645 
8572564 
7491017 
8334375 
8039245 
8164186 
10560213 
8196803 
10223121 
8471987 
8282252 
10209029 
8508476 
8347174 
8741175 
8309100 
8772750 
8289992 
8571307 
8135968 
8582021 
7106270 
10254142 
11567472 
8331627 
8724581 
8338962 
8310709 
7078577 
7100563 
8655445 
8369186 
6895710 
8332460 
10082392 
8494188 
8447570 
8379768 
11451959 
7169220 
8298614 
10446260 
8127082 
7151737 
8413390 
10135124 
9206398 
8297940 
8219778 
8323616 
8336627 
7110086 
10452917 
11457510 
8304222 
6996600 
9839287 
8690987 
8403111 
7394875 
10108246 
8983332 
8627094 
8157922 
8177223 
7145102 
10119232 
8451608 
11493310 
8303944 
7208107 
8304444 
10298126 
8439826 
8000337 
7477089 
10233942 
8581912 
8601828 
8208455 
8268575 
8331902 
7086795 
13847152 
8105696 
8243204 
7596032 
7892542 
8403025 
11240134 
8959538 
7032249 
8327487 
10076688 
8581965 
8371029 
8275035 
7002290 
11908493 
8554527 
8316730 
10507232 
8327278 
8930737 
9287583 
8507371 
8287736 
6995802 
10304850 
8281656 
8596565 
6786105 
