48891648 
44679350 
42211712 
45587840 
42668051 
41647133 
46434705 
42702602 
42161674 
45504134 
42959103 
42418301 
45405903 
43808694 
42523697 
44707591 
42985961 
42749779 
45534162 
43674359 
42902128 
44482881 
43744664 
41410224 
45165547 
44094199 
41488314 
45739696 
42578914 
42784410 
45832276 
43303142 
42610738 
45558130 
42225708 
42400895 
50014598 
43691065 
42532503 
44308406 
43520121 
42466852 
45937413 
43163944 
42136789 
43997299 
42505442 
42679501 
45697323 
43966956 
43226013 
44658635 
42834631 
42204962 
47086338 
41638488 
42581627 
46753375 
41860136 
43589871 
44956884 
43818331 
42077256 
45556273 
44120028 
41238180 
49760857 
43783516 
43616315 
45647904 
42607857 
75673163 
44981434 
41872920 
47080202 
41353347 
43218561 
56126633 
66234572 
45660510 
42623385 
44451345 
44420554 
42260130 
44074582 
45474275 
42188121 
43275736 
46229351 
43533951 
43876617 
45803264 
42218471 
43533791 
46447391 
44650469 
43581080 
44785187 
44935960 
43062774 
44743268 
42510447 
42643377 
45427488 
46403420 
40832660 
45810267 
42715107 
42875742 
47098584 
41208404 
42655590 
46157373 
44474043 
42883821 
45398280 
42492826 
42566550 
45446730 
42761806 
42459679 
45777748 
41396572 
44683895 
45013494 
44623985 
42581102 
45572391 
43176155 
43176246 
45575158 
42750215 
41354328 
47164338 
41521176 
49808901 
42397744 
44248965 
44239326 
43999516 
41629986 
47512639 
42623044 
42845958 
46133272 
40649987 
43285814 
46322520 
43395428 
43160977 
45799031 
44199311 
42994871 
46078624 
42764586 
42825991 
44523790 
42608800 
44398995 
45699056 
42817501 
42991192 
50277170 
41896311 
41758941 
45522155 
43603476 
43000536 
46760053 
59992671 
42996489 
45576576 
43043472 
43524674 
45381255 
43102099 
43639603 
45834424 
42767490 
42666781 
45841807 
44082097 
42480752 
45979110 
42836437 
40844907 
47285134 
40851587 
42882473 
46650192 
43274820 
41511294 
45575177 
43036001 
44257649 
45461885 
42873921 
46551573 
42938702 
42720194 
46792546 
40395238 
45359000 
44735450 
43667266 
47814361 
45112493 
42857720 
42849274 
45702138 
40552207 
42920343 
46015416 
44613862 
43263046 
46169763 
42902579 
43369372 
46199665 
42751718 
43047713 
45537212 
42531140 
43172080 
43794242 
43392022 
42658196 
46765831 
41670027 
44570344 
45798166 
43025788 
47787497 
45617042 
44351890 
41821204 
46331506 
42120835 
42232171 
77504786 
64189942 
46445926 
42253379 
43306366 
45473489 
42632540 
43839500 
81273870 
43077696 
46330111 
43728224 
42068594 
46244715 
42734715 
42687021 
46312129 
43006115 
43127689 
45979740 
42676626 
42651199 
45459299 
42605963 
42102097 
45937816 
43293334 
42301894 
45775216 
42544498 
41767799 
46594109 
43999217 
41753560 
46252062 
47714822 
41762372 
47063399 
42786613 
43214354 
44410864 
43075680 
42429190 
44928037 
43915239 
41838017 
45206113 
44777587 
41643389 
46534566 
43493060 
44599775 
42635808 
43227200 
46605279 
42623510 
42890432 
45993578 
42776081 
43036892 
45769783 
43114131 
43923943 
44429398 
42709921 
41245989 
46779396 
42099225 
42903370 
46153720 
42833541 
43536653 
45460334 
41310412 
43606899 
45976979 
41128174 
45043382 
45342418 
43186267 
42962656 
45914773 
44438779 
41658446 
46543243 
42063717 
42751242 
45679939 
43739873 
42639104 
44472528 
43377756 
43757620 
45581852 
43867270 
41053525 
45588531 
43056520 
43089446 
45537289 
43917799 
42710991 
45568973 
44822931 
41883283 
45078026 
48375742 
44662781 
43187950 
42123921 
46715789 
41286049 
43202258 
45181696 
43497912 
41459149 
45484727 
42293112 
44338180 
44210241 
43125408 
42955939 
45625998 
42918337 
44733123 
44370867 
42091490 
42721592 
46517708 
41303357 
43759621 
46570170 
41377563 
44893111 
45437190 
42584062 
42837610 
45634402 
41323692 
44239795 
43500742 
44554128 
41385631 
45491702 
44297701 
42636992 
44731850 
42658342 
43371653 
46701822 
43457954 
42936363 
45078816 
42820187 
42849340 
44581900 
42812594 
42603367 
47036797 
43243894 
42672239 
45968320 
43058540 
43230231 
43755260 
45067482 
43543123 
46304205 
42929685 
46428243 
42888308 
43244839 
41277710 
46284414 
44794571 
46242884 
41404953 
49034126 
47308648 
40993864 
43859096 
46734522 
42970536 
43939425 
46472105 
40856917 
44737062 
46234626 
42645629 
43147370 
46004955 
42981225 
43540920 
44187670 
44718048 
43449404 
46076846 
42757562 
41366465 
47419634 
41473928 
43770709 
45815145 
42713806 
43430184 
46571767 
41310596 
44744427 
46109764 
42984138 
41437880 
46020328 
44386177 
42931694 
45470256 
42638776 
43032232 
45712871 
41113915 
42905945 
46973215 
41084834 
44478456 
43841076 
43034010 
44120218 
45576122 
42913190 
42562131 
44252900 
44602871 
43359451 
46218906 
42705349 
42831740 
45715865 
42297928 
42200057 
43853519 
43977238 
44235639 
45613505 
42770884 
46194233 
39548361 
46202336 
43865073 
43811544 
47461288 
43990398 
44462901 
43308749 
45199658 
40095354 
45535090 
45662791 
41781786 
40597083 
42322706 
47167051 
41362909 
43894847 
45675617 
43838383 
45035820 
43704615 
43423481 
42817160 
45891754 
43903192 
42291443 
45936286 
41821521 
45288919 
45116334 
42131946 
42514427 
46859689 
42489423 
43468526 
45617308 
43564036 
42106692 
45573915 
42499787 
44961050 
42936718 
43442881 
45291893 
42846385 
42689458 
44932805 
42634034 
43499860 
41997108 
47181659 
41639251 
42456615 
45014852 
43587997 
41545703 
44453145 
45216218 
42200968 
45465533 
42468294 
41359329 
44944351 
42742482 
44583637 
43910791 
41807070 
46487553 
41844989 
42771551 
42663352 
46694016 
41927728 
41583463 
51093378 
43571374 
42065906 
44160973 
43976030 
43571998 
44752434 
44241926 
45303338 
44352869 
41819350 
47679586 
42674338 
43051936 
46957173 
41111443 
42680109 
46642395 
42943800 
42256970 
46145999 
41598750 
42814241 
46671348 
42289668 
42994775 
44404705 
42316781 
43108970 
45405432 
43490546 
41664950 
45442172 
42311686 
43872535 
46197575 
41136163 
42427197 
45436646 
43186314 
41929495 
45477713 
42567966 
43732926 
45530054 
41057935 
43067137 
46353100 
41535496 
42857275 
46861736 
40882528 
43108156 
45817234 
43959808 
41326500 
45910241 
42666325 
42355565 
46755907 
40946143 
44160491 
45244102 
43254981 
42803359 
45377063 
42792226 
45965628 
43955010 
42467198 
42579850 
46244118 
47422577 
43853946 
44394950 
42706244 
43360170 
45504691 
43131050 
43335789 
47175413 
41406911 
44103226 
44183406 
44266440 
42704929 
43882174 
43196649 
42899901 
45413440 
42482005 
41989815 
46623795 
44547932 
41311950 
48255838 
41732998 
45111433 
45627098 
40911455 
43391418 
46396092 
42617853 
42523706 
45328117 
42186896 
41267345 
47221529 
41053792 
44141576 
43675932 
43839422 
42316686 
45382292 
41965269 
40629419 
45497243 
43139808 
43460348 
44069746 
44206512 
42792759 
45927029 
40854362 
44570396 
45769253 
41512691 
44610991 
45498603 
41364367 
41210488 
44359909 
41215572 
44308101 
46381078 
41719443 
44337526 
44320913 
43445162 
43076454 
46074170 
44973884 
42781923 
49341174 
43618338 
44687582 
44321454 
44548175 
42782871 
45660605 
43084373 
43456744 
45611023 
42483705 
42797467 
43727011 
43791035 
41663414 
46586607 
42381037 
42408814 
40126755 
42402604 
44229447 
45826672 
40993352 
47198544 
42746856 
42983703 
42252553 
45695056 
42794246 
46042519 
42003574 
41569273 
47619864 
40977857 
43456326 
43359850 
45684456 
43131588 
44723793 
44286197 
43650409 
46249491 
43319651 
43265341 
46341867 
42550292 
43043799 
43336951 
43450879 
42456581 
47136665 
41716979 
42933055 
45555492 
40018192 
44228688 
45632383 
42834398 
42338296 
44278068 
43261399 
43176240 
45789826 
42349672 
42478079 
46272564 
41515005 
43102526 
43599544 
42805083 
43312690 
50211141 
40683430 
45045943 
46221280 
42301347 
43212833 
45896700 
42880279 
43116968 
46175250 
41900227 
44217046 
45470163 
42655189 
43058021 
44656007 
44608341 
42742319 
45538122 
44504795 
44262533 
45435626 
43162062 
43224492 
42901097 
46480086 
43062424 
41856437 
44909032 
43913036 
44338538 
42595205 
42890426 
46210127 
42381677 
44910457 
45373463 
43742017 
42919083 
43418743 
45225791 
42677813 
42673519 
45864383 
43173453 
44021076 
45828365 
42250608 
47578027 
42914538 
42250726 
47119812 
43009119 
42116696 
45539154 
42473912 
42108390 
46824340 
41583218 
44410541 
45392777 
42271755 
43068847 
45411075 
42923706 
41931989 
45521122 
42892374 
41659004 
46157128 
41495861 
48004141 
44217040 
43551469 
42077450 
45537293 
42724476 
42179602 
45745207 
43401502 
41646805 
45751283 
42245920 
42854896 
45909392 
43307767 
42719589 
44499517 
42099148 
43206128 
46779687 
42645854 
43227141 
44899941 
42315108 
43762043 
45936560 
42618964 
42751277 
45630231 
43208976 
42313681 
46094472 
42434263 
43695463 
44637078 
43978076 
41737972 
46135336 
43437337 
41939999 
45532235 
42384748 
42957174 
46089800 
41815637 
42607974 
45983203 
41793790 
44290958 
44200777 
42493552 
42779673 
46112391 
41912701 
42533881 
45854298 
41046374 
43039831 
45215063 
42007658 
42804072 
47043176 
41163830 
43543166 
45291765 
42216645 
43081432 
45893873 
42461897 
43698412 
44967596 
48403202 
41346436 
46891192 
40824695 
44025051 
44034018 
42144239 
43258884 
47034062 
40746010 
43147727 
45714231 
44113646 
42836700 
45492954 
42218480 
41356408 
47476616 
42399152 
42812128 
45505298 
42048150 
42726465 
43612666 
44107851 
41237750 
46980428 
42430567 
43026128 
43807823 
42823291 
42800197 
45301475 
43367937 
42535770 
45929060 
40568611 
44090963 
41112950 
47223178 
43124800 
42476481 
40215174 
44032654 
46009091 
42060226 
42692119 
45815455 
43115211 
41194351 
47707938 
41737617 
40923117 
45674842 
43840729 
40757236 
42752817 
45828221 
43908109 
41451216 
47370400 
42847691 
42582007 
45521921 
42849987 
42655867 
45503308 
43013454 
42333395 
43583486 
43115575 
43908809 
48597909 
41209851 
44512529 
44019497 
44028142 
41318449 
45718861 
44177827 
41045646 
47140531 
42934412 
42736424 
45330477 
42747992 
