75427067 
75425463 
75424521 
75419559 
75415522 
75405534 
75405456 
75401991 
75400846 
75398556 
75386990 
75380944 
75359808 
75340849 
75340354 
75337093 
75336972 
75330167 
75329508 
75328817 
75327257 
75325345 
75304710 
75301316 
75301128 
75297827 
75294045 
75288022 
75277203 
75270838 
75263376 
75260821 
75256283 
75250304 
75237100 
75232234 
75226395 
75225404 
75223294 
75203675 
75202288 
75195772 
75193595 
75186260 
75182227 
75178726 
75174200 
75163726 
75163511 
75154913 
75147525 
75144515 
75139777 
75135557 
75134625 
75132593 
75126636 
75110971 
75103535 
75100267 
75093571 
75081663 
75081428 
75080535 
75080014 
75077782 
75077742 
75071417 
75071185 
75067200 
75063766 
75060041 
75057297 
75048769 
75033418 
75031702 
75029026 
75022172 
75018556 
75018491 
75018029 
75014175 
75013867 
75010089 
75005450 
75004763 
74986982 
74977888 
74974313 
74963260 
74959035 
74946850 
74940303 
74933820 
74930328 
74929646 
74924079 
74918295 
74910193 
74907907 
74906200 
74903123 
74899040 
74898592 
74896564 
74895809 
74893448 
74886678 
74873409 
74867719 
74865310 
74864702 
74858204 
74856756 
74849800 
74838810 
74838229 
74835408 
74832555 
74828282 
74828206 
74810474 
74807254 
74807039 
74801879 
74800360 
74794856 
74793999 
74789575 
74783903 
74782983 
74780497 
74779946 
74779863 
74770784 
74769993 
74767133 
74764514 
74755260 
74744850 
74737655 
74736531 
74720505 
74714782 
74707058 
74706892 
74705416 
74679265 
74672807 
74672207 
74669744 
74665519 
74661958 
74650954 
74647463 
74633887 
74633651 
74626168 
74624560 
74623173 
74618147 
74617120 
74614983 
74611071 
74605733 
74602069 
74600162 
74599579 
74591479 
74578360 
74577717 
74572295 
74572287 
74558084 
74557121 
74555321 
74554785 
74553087 
74552380 
74549715 
74546552 
74545948 
74541634 
74538829 
74536842 
74536396 
74531348 
74526747 
74524090 
74516521 
74506440 
74504998 
74497206 
74492854 
74489134 
74488309 
74487635 
74483651 
74470725 
74469412 
74467056 
74465715 
74454554 
74444319 
74444114 
74442444 
74422979 
74420869 
74417577 
74416675 
74411456 
74408663 
74406301 
74406202 
74395777 
74391445 
74390551 
74386223 
74385330 
74380890 
74375599 
74373074 
74365839 
74363659 
74360376 
74347835 
74346525 
74345570 
74335151 
74334083 
74331972 
74328602 
74328336 
74328091 
74318701 
74316890 
74296300 
74295872 
74294825 
74294231 
74288528 
74287352 
74283245 
74277895 
74277181 
74274051 
74271674 
74269897 
74267542 
74263101 
74257592 
74256744 
74244794 
74240267 
74237212 
74232701 
74218955 
74214722 
74214294 
74212405 
74198911 
74197550 
74188732 
74188042 
74176303 
74151792 
74146125 
74139125 
74137418 
74136488 
74135018 
74130244 
74127073 
74119210 
74118154 
74111389 
74103692 
74100268 
74100183 
74097229 
74096058 
74082812 
74068816 
74068527 
74060713 
74060207 
74059974 
74058091 
74057164 
74055012 
74040265 
74023603 
74016307 
74002014 
74000511 
73996192 
73993498 
73990518 
73988687 
73978744 
73970574 
73966586 
73963206 
73958215 
73957322 
73955262 
73947572 
73943237 
73939245 
73920174 
73910438 
73872110 
73861978 
73858393 
73855176 
73846916 
73839678 
73824191 
73820095 
73812887 
73809846 
73802400 
73794833 
73793442 
73792147 
73791570 
73791426 
73791030 
73768105 
73762109 
73756586 
73755345 
73752525 
73745990 
73726537 
73718356 
73710377 
73676897 
73676683 
73660864 
73658358 
73653072 
73643357 
73641366 
73624282 
73614255 
73611761 
73605532 
73602576 
73593643 
73592521 
73588517 
73587670 
73586630 
73585665 
73567533 
73551804 
73549817 
73531216 
73522383 
73515673 
73500740 
73490854 
73489245 
73466438 
73461836 
73454941 
73442622 
73440893 
73435802 
73431318 
73424179 
73416068 
73407734 
73399642 
73397316 
73393826 
73390636 
73382183 
73381284 
73379071 
73372579 
73360746 
73357421 
73354521 
73347679 
73344463 
73344128 
73331479 
73319613 
73306414 
73301001 
73298739 
73259040 
73256680 
73251312 
73249788 
73247459 
73245283 
73241551 
73238088 
73236116 
73221097 
73210794 
73207612 
73178358 
73173440 
73172493 
73166393 
73162063 
73160037 
73149266 
73146705 
73144804 
73139812 
73136779 
73135329 
73128174 
73127876 
73118675 
73110280 
73106651 
73102545 
73080329 
73079046 
73077383 
73077078 
73069301 
73065436 
73056513 
73050655 
73044906 
73044705 
73037143 
73004059 
73001937 
73000719 
72998975 
72997178 
72994855 
72986208 
72965344 
72962610 
72962086 
72958376 
72947809 
72947231 
72940750 
72935484 
72931482 
72928128 
72919097 
72917252 
72907218 
72886074 
72884685 
72881649 
72880300 
72876949 
72871907 
72871179 
72865588 
72840698 
72835699 
72832332 
72830819 
72819898 
72819061 
72815715 
72804685 
72804405 
72800798 
72786630 
72778342 
72772202 
72743918 
72742864 
72738306 
72738101 
72729616 
72719313 
72717672 
72711817 
72704213 
72690192 
72683443 
72681102 
72675413 
72657518 
72649088 
72646869 
72635953 
72634218 
72624766 
72616432 
72610391 
72610287 
72587882 
72578842 
72574424 
72561597 
72534750 
72528977 
72527215 
72498190 
72494311 
72482924 
72481994 
72478018 
72471843 
72465158 
72463642 
72454231 
72439009 
72408552 
72393660 
72390378 
72383085 
72379731 
72369783 
72354401 
72343842 
72324701 
72321896 
72320499 
72311262 
72304414 
72294594 
72290277 
72288818 
72285053 
72283828 
72278136 
72274231 
72266193 
72258260 
72255631 
72243324 
72240377 
72224039 
72223552 
72222489 
72215789 
72213964 
72211240 
72194510 
72173643 
72170642 
72165076 
72163965 
72156268 
72148272 
72143568 
72141288 
72131947 
72128936 
72128313 
72125345 
72119234 
72116205 
72115989 
72115607 
72110690 
72106117 
72101076 
72100778 
72098379 
72095284 
72090541 
72087686 
72087229 
72085814 
72072461 
72059047 
72050685 
72044403 
72038330 
72024773 
72016878 
72014797 
72013401 
72011116 
72011100 
71998523 
71995364 
71994253 
71988828 
71983325 
71981688 
71949280 
71948906 
71947649 
71938935 
71919141 
71907978 
71903997 
71899209 
71897144 
71888620 
71885164 
