64 
6530 
72392 
71624 
71664 
71792 
71864 
71536 
71680 
71864 
71536 
71680 
71864 
78888 
72136 
78703 
68715 
68622 
68865 
68517 
68808 
68997 
68664 
68904 
68862 
68484 
68727 
68568 
68661 
68646 
68931 
68967 
68739 
68931 
68715 
29127 
69129 
68670 
68592 
68664 
68796 
68622 
69045 
68685 
68715 
68841 
68505 
68724 
68586 
68661 
68646 
68931 
68946 
68739 
68931 
68715 
68535 
68808 
26006 
69177 
68442 
68685 
68928 
68982 
68628 
68835 
68613 
68664 
68799 
68625 
69069 
68706 
68712 
68838 
68481 
68724 
68568 
68682 
68649 
68931 
51348 
64344 
70011 
68787 
68703 
68712 
68838 
68481 
68724 
68568 
68661 
68646 
68931 
68967 
68739 
68934 
68712 
68535 
59841 
71825 
68664 
68814 
68976 
68685 
68796 
68997 
68664 
68817 
68976 
68685 
68817 
68997 
68664 
68817 
68997 
68664 
68817 
68976 
68685 
68796 
68997 
26001 
68886 
68670 
68631 
68835 
68613 
68664 
68778 
68622 
69045 
78677 
71612 
71708 
71344 
71584 
71432 
71528 
71508 
71804 
71824 
71604 
71808 
31093 
72024 
71344 
71828 
71708 
71560 
71572 
71708 
71344 
71584 
71432 
71528 
71512 
71804 
71824 
71600 
71804 
71572 
71388 
71668 
71864 
71532 
207912 
69222 
68697 
69090 
68778 
68784 
68922 
68997 
68667 
68817 
67880 
69120 
69015 
68667 
68817 
68997 
68685 
68817 
68997 
68664 
68817 
68997 
68664 
68817 
68976 
68685 
68796 
68997 
68664 
68814 
80357 
72044 
37292 
72012 
71512 
71552 
71484 
71528 
71580 
71564 
71852 
71484 
71548 
71480 
71528 
71580 
71568 
71848 
71488 
71552 
71484 
71532 
71576 
71568 
30197 
71692 
71740 
71668 
71864 
71532 
71768 
71708 
71344 
71584 
71432 
71528 
71512 
71804 
71824 
71600 
71804 
71572 
71388 
71668 
78746 
61629 
54612 
68739 
68664 
68943 
68988 
68655 
68673 
68631 
68661 
68649 
68931 
68946 
68736 
68931 
68715 
68538 
68808 
68997 
68664 
79932 
71720 
71476 
32218 
71968 
71420 
71796 
71872 
71484 
71700 
71464 
71532 
71820 
71852 
71520 
71544 
71484 
71528 
71508 
71804 
71820 
71600 
71808 
71572 
57864 
65876 
71720 
71848 
71488 
71552 
71484 
71532 
71576 
71568 
71848 
71488 
71552 
71484 
71532 
71576 
71568 
71848 
71488 
71552 
78275 
68475 
39232 
69075 
68799 
68895 
68628 
68835 
68592 
68664 
78366 
71540 
71928 
71556 
71568 
71708 
71344 
71584 
71428 
71528 
71508 
71804 
71824 
71604 
31256 
71812 
71528 
71508 
71804 
71824 
71604 
71808 
71568 
71388 
71668 
71864 
71532 
71768 
71708 
71344 
71584 
71432 
71528 
71512 
71804 
60548 
64 
64 
64 
64 
64 
64 
19848 
68706 
68634 
68808 
68862 
68733 
69039 
68622 
68868 
68535 
68808 
66798 
68952 
68775 
68817 
68871 
68628 
68832 
68613 
78563 
71720 
71476 
71928 
71560 
71572 
71708 
71344 
71584 
71432 
71528 
71512 
71804 
71824 
328622 
71740 
71672 
71708 
71344 
71584 
71428 
71528 
71512 
71804 
71824 
71600 
71804 
71572 
71388 
71668 
71868 
71532 
71768 
71708 
71344 
71584 
29861 
72016 
71476 
71768 
71708 
71344 
71584 
71432 
78896 
68925 
68817 
68739 
68931 
68715 
68535 
68787 
68997 
68664 
68904 
68838 
68481 
68724 
27652 
69177 
68763 
68685 
68871 
68685 
68715 
68838 
68481 
68724 
68589 
68682 
78284 
71724 
71696 
71624 
71864 
71532 
71768 
71708 
71348 
71584 
33332 
71928 
71544 
71584 
71432 
71528 
71508 
71804 
71820 
71600 
71808 
71572 
71388 
71668 
71864 
71532 
71768 
71708 
71344 
71584 
71432 
71528 
30335 
72132 
71716 
71720 
71484 
71424 
71716 
71836 
71932 
71688 
71788 
71552 
71832 
78071 
68745 
68628 
68661 
68646 
68931 
68946 
68736 
68931 
27202 
69051 
68916 
68706 
68682 
68838 
68502 
68724 
68568 
78335 
71708 
71864 
71532 
71680 
71864 
71532 
71680 
71864 
71532 
71680 
71864 
71532 
2069901 
88900 
84324 
81667 
79829 
78689 
77760 
74279 
71832 
71768 
71388 
71668 
71864 
71536 
71764 
71704 
71700 
72909 
71984 
71848 
71492 
71968 
71532 
71676 
71864 
71532 
71676 
80252 
68997 
68673 
78126 
71860 
71784 
71728 
71776 
71932 
71688 
71784 
71552 
30739 
72200 
71852 
71520 
71544 
71488 
71524 
71508 
71804 
71824 
71600 
71804 
71572 
71388 
71668 
71864 
71532 
71764 
71708 
71344 
71584 
71428 
30615 
71760 
71668 
71512 
71680 
71864 
72040 
71396 
71668 
71864 
71532 
71768 
71708 
78857 
68769 
68685 
68868 
68817 
68736 
68931 
68694 
37172 
69024 
68892 
68964 
68631 
68676 
68625 
68661 
68718 
68712 
68967 
68628 
68676 
68625 
79865 
71940 
71460 
71736 
71668 
71732 
71676 
71600 
32083 
72216 
71560 
71496 
71512 
71492 
71396 
71532 
71748 
71680 
71600 
71804 
71572 
71392 
71668 
71864 
71532 
71768 
71708 
71344 
71584 
71432 
29984 
71964 
71712 
71716 
71716 
71484 
71420 
71716 
71836 
71928 
71688 
71784 
71552 
71832 
80187 
69039 
68988 
68607 
68682 
68646 
68928 
74051 
64 
64 
64 
64 
64 
4239 
71768 
71860 
71536 
71764 
71708 
71696 
71956 
71624 
71660 
71788 
71860 
65037 
71776 
71832 
71620 
71864 
71532 
71764 
71708 
71344 
71584 
71428 
71528 
71512 
71804 
71824 
71600 
71804 
71568 
71388 
71668 
71864 
71532 
38804 
69489 
68844 
68790 
78944 
72000 
71476 
71744 
71388 
71668 
71860 
71532 
71764 
71708 
71344 
71584 
71428 
71528 
71512 
71804 
71820 
71600 
33781 
71932 
71528 
71576 
71564 
71852 
71484 
71548 
71480 
71532 
71580 
71564 
71852 
71488 
71548 
71480 
71532 
71580 
71564 
71852 
71488 
62868 
66555 
71592 
71468 
71388 
79129 
68712 
68478 
68946 
79971 
71688 
71820 
71864 
71532 
71768 
71704 
71344 
71580 
71432 
71528 
71508 
71800 
33572 
71824 
71592 
71460 
71532 
71652 
71476 
71928 
71556 
71568 
71708 
71344 
71584 
71428 
71528 
71508 
71800 
71820 
71600 
71804 
71568 
65812 
58314 
71576 
71456 
71708 
71624 
71784 
71520 
71544 
71488 
78222 
68871 
68916 
68700 
68973 
68880 
68613 
68664 
68796 
77999 
71580 
71732 
37216 
72348 
71748 
71484 
71700 
71464 
71532 
71652 
71476 
71928 
71556 
71572 
71704 
71344 
71584 
71432 
71524 
71508 
71804 
71824 
71600 
71804 
14224 
64 
64 
64 
64 
48179 
71708 
71536 
71676 
71864 
71536 
71676 
71864 
71532 
71676 
71860 
83668 
74720 
64573 
75040 
74724 
74660 
75172 
74804 
74908 
74664 
74952 
74884 
74568 
74636 
74944 
74976 
74628 
74656 
74596 
74632 
74620 
74924 
74940 
35101 
75412 
75060 
74804 
74904 
74660 
74952 
74884 
74568 
74640 
74768 
74580 
75052 
74668 
74680 
74824 
74444 
74696 
74536 
81480 
64840 
59179 
72008 
71820 
71864 
71528 
71768 
71708 
71344 
71584 
71428 
71528 
71508 
71800 
71820 
71600 
71804 
71568 
71388 
71668 
71864 
71532 
33546 
71900 
71700 
71624 
71860 
71532 
71764 
71704 
71344 
71584 
71432 
71524 
71512 
71804 
71820 
71600 
71804 
71572 
71388 
71668 
78711 
68883 
26584 
69210 
78373 
71748 
71756 
71484 
71700 
71464 
71528 
71652 
71476 
71924 
71556 
71568 
71704 
71344 
71580 
71432 
71528 
71508 
71800 
58548 
65656 
74004 
68667 
68682 
68922 
69003 
68607 
68826 
2259809 
86877 
81762 
78988 
76937 
75730 
74769 
72706 
69003 
68838 
68493 
68691 
68949 
68877 
68610 
68745 
68883 
68961 
66516 
69066 
68610 
68682 
68649 
68931 
68964 
68805 
68610 
68664 
68796 
106308 
96332 
72188 
71812 
71724 
54466 
71952 
71800 
71976 
71480 
71768 
71692 
71840 
71492 
71908 
71512 
80031 
68631 
69117 
68607 
68565 
68562 
68565 
68583 
68565 
68574 
68829 
50073 
69096 
68583 
68850 
69024 
68781 
68781 
68745 
69015 
68640 
68772 
68634 
68922 
69432 
68736 
69000 
69021 
69090 
68619 
68910 
69270 
69201 
29698 
69210 
68643 
69108 
68769 
68586 
68544 
68574 
68841 
68949 
78913 
71748 
71368 
71624 
71516 
71788 
71840 
71492 
71900 
71512 
71756 
71472 
165607 
72264 
71744 
71780 
71724 
71740 
71404 
71720 
71492 
71828 
71556 
71428 
71460 
71452 
71908 
71600 
71452 
71448 
71452 
41410 
72000 
71496 
71648 
71488 
71828 
71896 
71996 
71480 
71768 
71692 
78718 
78512 
74568 
74760 
74992 
74620 
74876 
74572 
75072 
74568 
47616 
75132 
75020 
74628 
74700 
74832 
75104 
74588 
74888 
74812 
74964 
74600 
75028 
74620 
74880 
74580 
75072 
74564 
74532 
74532 
74536 
34864 
75304 
74680 
74656 
74804 
74996 
74692 
74516 
75036 
74712 
74556 
74552 
82676 
71576 
71428 
71428 
71428 
71428 
71428 
71428 
71428 
31591 
72100 
71896 
71916 
71492 
71644 
71492 
71828 
71896 
71996 
71480 
71768 
71692 
71840 
71492 
71900 
71512 
71760 
71472 
71944 
71460 
71428 
283041 
71924 
71440 
71500 
71712 
71824 
71896 
71676 
71364 
79290 
68787 
68535 
68877 
68967 
69021 
68790 
68520 
68754 
51400 
72248 
71420 
71616 
71380 
71728 
71876 
71568 
71412 
71448 
71452 
71448 
71452 
71448 
71452 
71448 
71452 
71448 
71452 
71448 
71452 
71448 
30248 
72188 
71616 
71408 
71452 
71452 
71452 
71452 
71452 
71452 
71452 
71452 
71452 
71452 
71448 
71452 
71448 
71452 
71448 
71452 
71448 
68000 
11992 
70347 
68970 
68706 
68565 
68610 
68826 
68688 
68883 
68658 
68547 
68844 
69132 
79288 
71564 
71580 
71508 
71720 
71456 
45290 
71916 
71468 
71580 
71504 
71720 
71460 
71428 
71428 
71428 
71424 
71428 
71424 
71428 
71424 
71428 
71424 
71428 
71424 
71428 
71424 
71428 
34557 
72008 
71712 
71740 
71412 
71448 
71452 
71452 
71452 
71452 
71452 
71452 
71452 
71452 
71452 
81184 
74892 
74620 
74880 
74576 
75072 
43252 
75236 
74984 
74632 
74576 
74592 
74828 
74948 
75024 
74792 
74464 
74736 
74632 
74908 
74964 
74600 
75032 
74620 
74880 
74576 
75072 
34804 
75004 
74916 
74880 
74580 
75072 
74568 
74532 
74532 
74532 
74532 
74536 
74528 
74536 
74532 
74532 
80924 
72088 
71356 
71632 
71344 
31125 
71912 
71872 
71588 
71412 
71908 
71484 
71604 
71416 
71992 
71456 
71428 
71424 
71428 
71424 
71428 
71428 
71428 
71428 
71428 
71428 
71428 
30194 
71940 
71716 
71740 
71412 
71448 
71452 
71452 
71452 
71452 
71452 
71452 
71448 
71452 
71448 
71452 
79103 
68697 
68862 
68967 
69021 
62391 
54073 
69462 
68721 
68643 
68802 
68832 
68892 
68754 
69021 
68916 
68610 
68790 
68928 
68637 
68643 
68841 
78245 
71824 
71884 
71396 
71720 
35777 
72056 
71496 
71648 
71488 
71828 
71896 
71996 
71480 
71768 
71692 
71840 
71492 
71900 
71512 
71756 
71472 
71944 
71460 
71428 
71428 
71428 
14636 
64 
64 
64 
64 
64 
64 
64 
64 
64 
64 
64 
64 
64 
74944 
101689 
75172 
74916 
74604 
74608 
74832 
74948 
75024 
74792 
74472 
74740 
74632 
74908 
74964 
74600 
75028 
74620 
74876 
74580 
75072 
74568 
33740 
75284 
75024 
75128 
74588 
74888 
74808 
74964 
74604 
75024 
74620 
74876 
74576 
75072 
74564 
74532 
74532 
82324 
71788 
72016 
71352 
43454 
75348 
74588 
74888 
74808 
74964 
74600 
75028 
74620 
74876 
74576 
75072 
74564 
74536 
74536 
74532 
74532 
74536 
74532 
74532 
74536 
291651 
74880 
74624 
75004 
75024 
75124 
74588 
74888 
74812 
74960 
74600 
75024 
74624 
74880 
74580 
75072 
74568 
74528 
74536 
74532 
70168 
65243 
71572 
71692 
71796 
71496 
71500 
71712 
71824 
71896 
71676 
71364 
71624 
71520 
71788 
71840 
71492 
71900 
71512 
71760 
71472 
71944 
33474 
71788 
71400 
71484 
71904 
71836 
71424 
71732 
72004 
83704 
74916 
74860 
74500 
74836 
74600 
74952 
75024 
75128 
74588 
74888 
74812 
22200 
75848 
74740 
75028 
74592 
74716 
74516 
75124 
74568 
74532 
74532 
74536 
74536 
74536 
74532 
74536 
74536 
74532 
74536 
57260 
60081 
75072 
75416 
74968 
74620 
83288 
71904 
71740 
71344 
71604 
71608 
71432 
71932 
71504 
71604 
71876 
71508 
59992 
72300 
71788 
71744 
71760 
71416 
71744 
71512 
71848 
71916 
72020 
71504 
71776 
71712 
80800 
74876 
75148 
74608 
74896 
74828 
74984 
69512 
75148 
74936 
74552 
74860 
75044 
74796 
74768 
74468 
74576 
74576 
74576 
74580 
74576 
74580 
74576 
74580 
74572 
74580 
74576 
74580 
68845 
74880 
74760 
74652 
74936 
74984 
74624 
75048 
74640 
74900 
74596 
75092 
74588 
74556 
81432 
71612 
71456 
71620 
71836 
71564 
54576 
71142 
71712 
71856 
71724 
71740 
71396 
71724 
71724 
71868 
71588 
71412 
71908 
71600 
71452 
71452 
71452 
71452 
71452 
71452 
71452 
71452 
37116 
83980 
74576 
74812 
74640 
75004 
74928 
74644 
74616 
74828 
74948 
75020 
74788 
74472 
74740 
74628 
74908 
74960 
74600 
75024 
70720 
61730 
75196 
74824 
74608 
74828 
74944 
75020 
74796 
74468 
74736 
74628 
74912 
74964 
74600 
75028 
74624 
74876 
74580 
75072 
74564 
38098 
75256 
80928 
71852 
71544 
71452 
71908 
71768 
71724 
82736 
74932 
74992 
74620 
74880 
74572 
75072 
74564 
74532 
74528 
74536 
74528 
137284 
75228 
74844 
75008 
74504 
74844 
74596 
74952 
74668 
74536 
74568 
74560 
75036 
74716 
74552 
74560 
74560 
74560 
74560 
41633 
75284 
74604 
74720 
75004 
74636 
74572 
74592 
74828 
82788 
71616 
71452 
71908 
71764 
71724 
71740 
71396 
71720 
71488 
71828 
71896 
31906 
71896 
71568 
71704 
71980 
71480 
82972 
75072 
74660 
74980 
74844 
74860 
74500 
74844 
74844 
74992 
74700 
74516 
75032 
74712 
74560 
40790 
75056 
74832 
74564 
74532 
74532 
74536 
74528 
74532 
74532 
74532 
74528 
74536 
74528 
74532 
74536 
74532 
74532 
74536 
74532 
74532 
35545 
75168 
74996 
74680 
74516 
74556 
81824 
71908 
71492 
71900 
71512 
71760 
71468 
71944 
71456 
71428 
71428 
71428 
71428 
71428 
71428 
33464 
72156 
71876 
71568 
71412 
71448 
71452 
71448 
71452 
71444 
71448 
71452 
71448 
71452 
71448 
71452 
71448 
71444 
71452 
71452 
71448 
71452 
30768 
71964 
71664 
71496 
71604 
71880 
80419 
68616 
68628 
69027 
68955 
68562 
68859 
69123 
68799 
68760 
68502 
80238 
71576 
71712 
71828 
71896 
31223 
71728 
71484 
71992 
71656 
71632 
71344 
71452 
71452 
71452 
71452 
71452 
71452 
71452 
71452 
71452 
71452 
71452 
71452 
71452 
71452 
61620 
62614 
72048 
71460 
71424 
71428 
71424 
71428 
71424 
71428 
71424 
71428 
71424 
71428 
71424 
71428 
71424 
83000 
74668 
74948 
75020 
75124 
2420708 
74888 
74720 
74496 
74756 
74700 
74516 
75036 
74592 
74696 
74980 
74596 
74748 
75076 
74636 
74620 
74840 
75152 
74460 
48880 
74992 
75124 
74568 
74532 
74536 
74532 
74532 
74536 
74532 
74532 
74536 
74532 
74528 
74536 
74528 
85944 
78096 
77928 
78112 
79260 
61658 
78432 
78172 
78144 
77828 
77944 
77948 
77944 
77948 
77944 
77948 
77948 
77948 
77948 
77948 
77948 
77944 
77948 
