6949020 
6902826 
6900956 
6886066 
6874829 
6866392 
6865405 
6845982 
6840606 
6836273 
6808883 
6772100 
6757340 
6756360 
6726135 
6711506 
6698598 
6687677 
6687162 
6670576 
6668638 
6657728 
6653994 
6648681 
6647557 
6637682 
6632005 
6615188 
6603515 
6585207 
6578863 
6577992 
6574123 
6573333 
6569773 
6564516 
6564073 
6553172 
6549574 
6547861 
6546130 
6544275 
6538777 
6538558 
6535202 
6534599 
6528744 
6515731 
6511962 
6507069 
6505498 
6505006 
6504630 
6498622 
6496217 
6490425 
6488433 
6483793 
6482829 
6477501 
6475892 
6475648 
6473830 
6470200 
6469471 
6469057 
6467706 
6462350 
6461326 
6454804 
6454330 
6452698 
6451063 
6450072 
6449472 
6448305 
6447750 
6445405 
6443237 
6442489 
6442369 
6439748 
6438638 
6436429 
6435349 
6434207 
6433731 
6425947 
6425320 
6421053 
6419561 
6418000 
6417293 
6416219 
6416024 
6415944 
6415941 
6413344 
6413332 
6413035 
6412083 
6411138 
6409890 
6408523 
6406443 
6402508 
6401737 
6401701 
6401431 
6399811 
6398439 
6397675 
6393896 
6392316 
6392164 
6391831 
6391579 
6390185 
6390124 
6390120 
6389641 
6388336 
6387633 
6386965 
6386269 
6385490 
6383998 
6382479 
6377722 
6376557 
6375053 
6374411 
6373985 
6371110 
6368017 
6367317 
6366156 
6360883 
6359121 
6355723 
6354896 
6354851 
6352640 
6352469 
6347555 
6347249 
6344601 
6339439 
6339304 
6336638 
6335334 
6334873 
6334549 
6332347 
6323125 
6320451 
6317157 
6315129 
6314090 
6313178 
6311989 
6311264 
6308775 
6304905 
6303664 
6303282 
6301447 
6301374 
6300074 
6299451 
6299427 
6297476 
6296077 
6295655 
6294751 
6294555 
6293831 
6293088 
6291016 
6288024 
6271635 
6270854 
6267025 
6266885 
6264076 
6263126 
6258434 
6255173 
6252103 
6248840 
6245889 
6243934 
6240698 
6240075 
6238902 
6238556 
6237418 
6235709 
6233840 
6233066 
6231492 
6231345 
6230829 
6230188 
6229738 
6229011 
6228844 
6226858 
6223224 
6222788 
6222736 
6222533 
6218166 
6217889 
6217743 
6217612 
6215915 
6215724 
6215058 
6214507 
6214382 
6212273 
6212099 
6211889 
6211578 
6211416 
6210765 
6208668 
6208198 
6208045 
6206667 
6206543 
6203210 
6202509 
6202214 
6201589 
6201047 
6200989 
6200397 
6199150 
6198336 
6197779 
6197141 
6196500 
6196346 
6195656 
6195106 
6195004 
6194878 
6194248 
6193308 
6193297 
6193103 
6192553 
6192311 
6191869 
6191268 
6191009 
6190691 
6189489 
6189482 
6188108 
6186669 
6185954 
6185912 
6185656 
6185248 
6184919 
6184160 
6183709 
6182133 
6181686 
6180969 
6180553 
6180347 
6180048 
6179730 
6179564 
6179491 
6179387 
6179129 
6178310 
6178039 
6177829 
6177590 
6177349 
6177160 
6176983 
6176778 
6176654 
6176540 
6176433 
6176366 
6175996 
6175823 
6175817 
6175163 
6175161 
6174867 
6174798 
6174669 
6174408 
6174238 
6174145 
6174017 
6173819 
6173738 
6173387 
6172763 
6172667 
6172648 
6172447 
6172225 
6170532 
6170033 
6169938 
6169678 
6169431 
6169345 
6169228 
6168763 
6168297 
6167997 
6167545 
6166862 
6166586 
6166068 
6165532 
6165119 
6165032 
6165009 
6164322 
6164073 
6164035 
6163902 
6163826 
6163415 
6163359 
6163343 
6163196 
6162915 
6162682 
6162120 
6161711 
6161364 
6160988 
6160466 
6159966 
6159898 
6159562 
6159250 
6158034 
6157654 
6157479 
6157381 
6157368 
6156780 
6156679 
6155044 
6154372 
6153992 
6153797 
6153776 
6153543 
6152739 
6152738 
6152191 
6152072 
6151901 
6151322 
6151293 
6151099 
6151017 
6150872 
6150324 
6150309 
6150170 
6149268 
6148517 
6148433 
6148168 
6148163 
6147886 
6147525 
6147516 
6146436 
6146258 
6146228 
6145815 
6145632 
6145374 
6145362 
6145289 
6145256 
6145196 
6145093 
6144927 
6144897 
6144872 
6144809 
6144769 
6144745 
6144717 
6144310 
6144252 
6144216 
6144212 
6144043 
6144007 
6143979 
6143780 
6143610 
6143419 
6143247 
6143242 
6143238 
6143213 
6143148 
6143075 
6143024 
6142917 
6142838 
6142773 
6142613 
6142556 
6142486 
6142465 
6142115 
6141964 
6141934 
6141912 
6141860 
6141740 
6141563 
6141502 
6141438 
6141418 
6141185 
6141060 
6140801 
6140772 
6140583 
6140329 
6140315 
6140171 
6139955 
6139875 
6139701 
6139695 
6139532 
6139492 
6139336 
6139267 
6139182 
6139153 
6139145 
6139138 
6139023 
6138979 
6138921 
6138848 
6138797 
6138741 
6138705 
6138619 
6138456 
6138452 
6138435 
6138401 
6138358 
6138338 
6138250 
6138244 
6138219 
6138200 
6138107 
6138011 
6137982 
6137919 
6137896 
6137840 
6137748 
6137715 
6137706 
6137588 
6137534 
6137479 
6137463 
6137451 
6137413 
6137174 
6137121 
6136967 
6136966 
6136644 
6136582 
6136450 
6136316 
6136169 
6135783 
6135602 
6135570 
6135470 
6135456 
6135282 
6134986 
6134942 
6134587 
6134428 
6134351 
6134263 
6134018 
6133694 
6133274 
6133236 
6133045 
6133029 
6132930 
6132860 
6132816 
6132732 
6132267 
6132236 
6132214 
6132172 
6132135 
6132046 
6132015 
6131931 
6131875 
6131797 
6131704 
6131695 
6131694 
6131686 
6131663 
6131663 
6131637 
6131489 
6131485 
6131354 
6131147 
6131091 
6131061 
6131002 
6130861 
6130730 
6130702 
6130672 
6130612 
6130608 
6130527 
6130515 
6130511 
6130463 
6130443 
6130392 
6130280 
6130150 
6130087 
6130074 
6130053 
6129919 
6129458 
6129357 
6129342 
6129234 
6129110 
6129071 
6129064 
6127212 
6125009 
6123219 
6122710 
6121354 
6118922 
6118306 
6115362 
6113222 
6108741 
6108525 
6104577 
6101462 
6101310 
6089392 
6081863 
6072254 
6059045 
6055003 
6053298 
6050143 
6049965 
6047943 
6042440 
6041498 
6038655 
6036630 
6034233 
6032632 
6027744 
