54858 
42405 
40593 
40548 
40569 
40548 
40548 
40569 
40548 
40569 
40548 
40569 
40548 
40569 
40548 
40569 
40548 
40548 
40569 
40548 
40569 
40548 
40569 
36177 
40632 
40569 
40548 
40569 
40548 
40569 
40548 
40569 
40548 
40569 
40548 
40548 
40569 
40548 
40569 
40548 
40569 
40548 
40569 
40548 
40569 
40548 
40569 
40548 
40569 
40548 
40569 
40548 
40548 
40569 
40548 
40548 
40569 
40548 
40569 
40569 
42466 
64 
64 
64 
64 
64 
64 
64 
64 
64 
64 
64 
64 
64 
64 
64 
64 
4805 
40512 
78418 
40512 
40569 
40548 
40569 
40548 
40548 
40569 
40548 
40569 
40548 
40569 
40548 
40569 
40548 
40569 
40548 
40569 
40548 
40548 
40569 
40548 
40569 
40548 
40569 
40548 
40569 
40548 
40569 
40548 
40548 
40569 
40548 
40569 
40548 
40569 
40548 
40569 
12777 
42980 
40569 
40548 
40569 
40548 
40548 
40569 
40548 
40548 
40569 
40548 
40548 
40569 
40548 
40569 
40548 
40569 
40548 
40569 
40548 
40569 
40548 
40548 
40569 
40548 
40569 
40548 
40569 
40548 
40569 
40548 
40548 
40569 
40548 
40569 
40548 
40569 
10191 
40518 
40569 
40548 
40569 
40548 
40569 
40548 
40569 
40548 
40569 
40548 
40548 
40569 
40548 
40569 
40548 
40569 
40548 
40569 
40548 
40569 
40548 
40548 
40569 
40548 
40548 
40569 
40548 
40548 
40569 
40548 
40569 
40548 
40569 
40548 
40569 
40548 
13092 
43017 
40548 
40569 
40548 
40569 
40548 
40548 
40569 
40548 
40569 
40548 
40569 
40548 
40569 
40548 
40569 
40548 
40548 
40569 
40548 
40569 
40548 
40569 
40548 
40569 
40548 
40569 
40569 
40548 
40569 
40548 
40569 
40548 
40569 
40548 
40569 
40548 
11631 
42940 
40569 
40548 
40569 
40548 
40569 
40548 
40569 
40548 
40548 
40569 
40548 
40569 
40569 
40548 
40569 
40548 
40548 
40569 
40548 
40569 
40548 
40548 
40569 
40548 
40548 
40569 
40548 
40569 
40548 
40569 
40548 
40569 
40548 
40569 
40548 
40548 
10212 
40518 
40548 
40548 
40569 
40548 
40569 
40548 
40569 
40548 
40569 
40548 
40569 
40569 
40548 
40569 
40548 
40569 
40548 
40569 
40548 
40569 
40548 
40569 
40569 
40548 
40569 
40548 
40569 
40548 
40569 
40548 
40569 
40548 
40548 
40569 
40548 
40569 
3643014 
40953 
40548 
40548 
40569 
40548 
40569 
40548 
40569 
40548 
40569 
40548 
40569 
40548 
40569 
40548 
40569 
40548 
40575 
40548 
40548 
40569 
40548 
40569 
40569 
40548 
40569 
40548 
40569 
40569 
17310 
40662 
40575 
40548 
40569 
40548 
40569 
40548 
40569 
40548 
40569 
40548 
40548 
40569 
40548 
40566 
40548 
40569 
40548 
40569 
40548 
40569 
40548 
40569 
40548 
40512 
40569 
40548 
40548 
40569 
40548 
40569 
40548 
40569 
40548 
40569 
40548 
40569 
17040 
41912 
40512 
40569 
40548 
40569 
40548 
40599 
40569 
40548 
40548 
40569 
40548 
40569 
40548 
40569 
40569 
40548 
40569 
40548 
40569 
40548 
40569 
40569 
40581 
40569 
40548 
40569 
40548 
40548 
40578 
40548 
40569 
40548 
40569 
40569 
40569 
40548 
9837 
40539 
40569 
40548 
40569 
40548 
40548 
40548 
40569 
40548 
40569 
40548 
40569 
40554 
40569 
40548 
40569 
40548 
40569 
40548 
40569 
40548 
40569 
40548 
40569 
40548 
40569 
40548 
40569 
40548 
40548 
40569 
40548 
40548 
40569 
40548 
40569 
40548 
12594 
42992 
40548 
40569 
40569 
40548 
40569 
40548 
40548 
40569 
40548 
40569 
40548 
40569 
40923 
41274 
40692 
40806 
40569 
40788 
40569 
40548 
40551 
40548 
40569 
40548 
40569 
40548 
40509 
40548 
40569 
40548 
40569 
40548 
40569 
40548 
40569 
40557 
7776 
40518 
40548 
40569 
40548 
40569 
40548 
40569 
40548 
40569 
40548 
40548 
40569 
40548 
40569 
40548 
40569 
40548 
40506 
40569 
40569 
40548 
40569 
40548 
40569 
40548 
40569 
40548 
40494 
40548 
40569 
40548 
40569 
40548 
40593 
40548 
40569 
40548 
10278 
40518 
40569 
40548 
40548 
40569 
40548 
40569 
40548 
40569 
40548 
40569 
40548 
40569 
40548 
40548 
40569 
40548 
40569 
40548 
40569 
40548 
40569 
40548 
40569 
40569 
43362 
50532 
47739 
48099 
45657 
40548 
40569 
40548 
40548 
40569 
40548 
24740 
40674 
40548 
40569 
40548 
40548 
40569 
40548 
40569 
40548 
40548 
40548 
40569 
40548 
40569 
40548 
40569 
40548 
40569 
40548 
40569 
40548 
40548 
40569 
40548 
40524 
40569 
40548 
40569 
41574 
40551 
40569 
40548 
40548 
40569 
40548 
40569 
40548 
40569 
40548 
40569 
40548 
40569 
40569 
40548 
40569 
40548 
40683 
40569 
40548 
40569 
40548 
40569 
40548 
40572 
40548 
40515 
40569 
40548 
40569 
40569 
40548 
40569 
40548 
26154 
40527 
40551 
40569 
40548 
40569 
40548 
40569 
40548 
40569 
40548 
40569 
40548 
40569 
40548 
40569 
40548 
40548 
40569 
40548 
40569 
40548 
40569 
40548 
40593 
40548 
40569 
40548 
40569 
40521 
40497 
40737 
40548 
40569 
40548 
40569 
40548 
40569 
20157 
40524 
40569 
40581 
40551 
40587 
40548 
40623 
40527 
40554 
40476 
40521 
41169 
40713 
41154 
40701 
40881 
40620 
40560 
40548 
40569 
40551 
40605 
40569 
40548 
40569 
40548 
40566 
40569 
40548 
40569 
40548 
40569 
40548 
40569 
40548 
40569 
2377927 
45589 
40614 
40548 
40569 
40548 
40569 
40548 
40569 
40548 
40569 
40569 
40548 
40569 
40548 
40569 
40500 
40548 
40569 
40548 
40569 
40569 
40548 
40569 
40548 
45085 
40509 
40548 
40701 
40578 
40569 
40569 
40548 
40569 
40548 
40569 
40548 
40569 
40548 
40569 
40548 
40548 
40569 
40548 
40569 
40548 
40569 
40548 
40569 
40548 
40569 
40548 
40548 
40569 
40548 
40569 
40548 
40569 
40548 
40569 
40548 
40569 
40548 
13572 
42980 
40578 
40569 
40482 
40548 
40548 
40569 
40548 
40548 
40569 
40548 
40569 
40569 
40548 
40569 
40548 
40569 
40569 
40548 
40569 
40569 
40548 
40569 
40548 
40569 
40548 
40569 
40548 
40569 
40548 
40548 
40569 
40548 
40569 
40548 
40569 
40548 
11645 
64 
12249 
40548 
40569 
40548 
40569 
40554 
40569 
40548 
40569 
40548 
40569 
40548 
40569 
40548 
40569 
40548 
40569 
40548 
40791 
40548 
40569 
40548 
40572 
40548 
40569 
40593 
40569 
40557 
40569 
40548 
40569 
24189 
40599 
40575 
40971 
40548 
40569 
40554 
58477 
64421 
40611 
40548 
40569 
85789 
40665 
40569 
40548 
40569 
40548 
40569 
56909 
40569 
40521 
41940 
40593 
40569 
40548 
40548 
40569 
40548 
40569 
40548 
40554 
40548 
40548 
39329 
40572 
40548 
40569 
40548 
40569 
40548 
40548 
40569 
40548 
40569 
40548 
40569 
40548 
40548 
40569 
40548 
40569 
40548 
40569 
40569 
40548 
40569 
40548 
40569 
40548 
40569 
40548 
40569 
40548 
40548 
40569 
40548 
40548 
40569 
40548 
40548 
40584 
40569 
4785 
40518 
40569 
40548 
40569 
40548 
40569 
40548 
40569 
40548 
40548 
40569 
40569 
40548 
40569 
40548 
40569 
40548 
40548 
40575 
40548 
40548 
40569 
40548 
40569 
40548 
40548 
40569 
40548 
40569 
40569 
40533 
40569 
40548 
40548 
40569 
40557 
40569 
7665 
40539 
40566 
40548 
40569 
40548 
40569 
40548 
40569 
40548 
40569 
40548 
40569 
40548 
40569 
40548 
40569 
40569 
40548 
40569 
40572 
40548 
40569 
40548 
40548 
40572 
40548 
40569 
40548 
40548 
40548 
40569 
40548 
40569 
40569 
40548 
40692 
40875 
8943 
40518 
40569 
40548 
40569 
40548 
40569 
40545 
40548 
40803 
40548 
40575 
41265 
40614 
