62407427 
62400343 
62394503 
62381820 
62380299 
62380229 
62379927 
62371339 
62366630 
62357093 
62347218 
62334583 
62327124 
62318366 
62312932 
62303968 
62298975 
62282419 
62280587 
62261297 
62261045 
62236370 
62231748 
62220480 
62213219 
62210019 
62204239 
62199919 
62187514 
62187128 
62186441 
62171428 
62164297 
62148597 
62142793 
62141588 
62138885 
62130960 
62121822 
62117972 
62114200 
62104473 
62100559 
62099445 
62087769 
62085224 
62082894 
62081761 
62076741 
62075927 
62063629 
62060212 
62038210 
62032717 
62030993 
62022914 
62019751 
62018319 
62007562 
62001363 
61987603 
61984613 
61982731 
61982085 
61971573 
61970107 
61967114 
61966807 
61961289 
61938191 
61930742 
61929858 
61929773 
61918741 
61897913 
61887223 
61878344 
61871056 
61866184 
61865150 
61857428 
61852155 
61841169 
61840792 
61837060 
61836774 
61822867 
61819082 
61818130 
61809138 
61802819 
61802279 
61801046 
61789505 
61787746 
61779448 
61762461 
61758409 
61755909 
61747162 
61743888 
61736664 
61735109 
61729319 
61726791 
61724280 
61722458 
61715285 
61705298 
61694740 
61688582 
61683283 
61672589 
61659127 
61638789 
61636656 
61629475 
61612400 
61605412 
61602895 
61600161 
61598466 
61575240 
61568098 
61567042 
61566498 
61565292 
61562283 
61559679 
61549101 
61540915 
61532233 
61531550 
61526760 
61524372 
61511435 
61509107 
61507764 
61504062 
61489553 
61482393 
61475471 
61474195 
61473718 
61464234 
61460793 
61457671 
61453599 
61444316 
61432543 
61429672 
61428199 
61416287 
61412291 
61412068 
61410097 
61407337 
61400207 
61399235 
61391837 
61387021 
61374042 
61372288 
61371357 
61365780 
61360869 
61360834 
61354234 
61347461 
61343050 
61341058 
61335740 
61330342 
61324608 
61319440 
61316574 
61314859 
61306233 
61305916 
61303912 
61297899 
61295855 
61294784 
61293042 
61287627 
61286397 
61284362 
61262970 
61245753 
61245043 
61237886 
61214229 
61212816 
61209060 
61203240 
61201786 
61200779 
61190008 
61187348 
61181877 
61180500 
61169467 
61155486 
61145950 
61108707 
61087210 
61083649 
61079732 
61067488 
61061353 
61060623 
61056897 
61056496 
61048001 
61033532 
61029921 
61027932 
61026197 
61019943 
61006778 
61005726 
61000162 
60998833 
60990130 
60988190 
60986765 
60985505 
60962379 
60946394 
60934261 
60933817 
60931202 
60930305 
60927661 
60925840 
60923979 
60921179 
60918075 
60915603 
60913101 
60911103 
60909530 
60900009 
60897681 
60889394 
60887927 
60880983 
60880387 
60873334 
60872067 
60859704 
60845176 
60822395 
60816710 
60812304 
60807243 
60788326 
60781555 
60778737 
60778104 
60773212 
60769281 
60766306 
60763086 
60758034 
60756795 
60752618 
60747430 
60734591 
60722903 
60720427 
60708575 
60705098 
60680258 
60674518 
60669047 
60667445 
60666595 
60663111 
60657649 
60645741 
60629481 
60604490 
60597134 
60590410 
60587262 
60584616 
60579497 
60546093 
60542956 
60533655 
60529254 
60528332 
60505023 
60497931 
60495522 
60486474 
60480888 
60476974 
60474998 
60474131 
60464819 
60463673 
60447290 
60446681 
60446556 
60437608 
60427896 
60414838 
60410510 
60406516 
60400210 
60400019 
60396221 
60395215 
60392732 
60386247 
60374244 
60373292 
60371626 
60368446 
60368260 
60365298 
60360205 
60355548 
60355366 
60348344 
60337056 
60333277 
60333047 
60333036 
60317127 
60316750 
60315088 
60311807 
60307957 
60300379 
60295157 
60293155 
60277738 
60272536 
60267101 
60258134 
60256640 
60253318 
60245035 
60229917 
60224086 
60218193 
60215242 
60211645 
60197656 
60191584 
60187025 
60183275 
60179916 
60178420 
60174621 
60163878 
60162996 
60162296 
60157777 
60153326 
60152673 
60131353 
60129896 
60128712 
60120580 
60116912 
60104491 
60099079 
60097983 
60093637 
60092482 
60090555 
60082596 
60071399 
60056627 
60051135 
60019908 
60011650 
60006967 
59992165 
59990787 
59979323 
59964862 
59963227 
59961227 
59957112 
59915252 
59912209 
59911802 
59901434 
59899305 
59895860 
59894242 
59884765 
59881908 
59876907 
59867205 
59864432 
59861243 
59860693 
59860399 
59857195 
59856758 
59856562 
59856521 
59855288 
59845108 
59844463 
59843531 
59841874 
59823811 
59817761 
59801119 
59792196 
59788481 
59784171 
59783663 
59764591 
59764569 
59764160 
59747594 
59743410 
59739408 
59735257 
59733060 
59730158 
59730058 
59699774 
59696613 
59689892 
59680207 
59671794 
59668969 
59666252 
59666106 
59662158 
59660201 
59649706 
59645729 
59640439 
59638266 
59625340 
59606035 
59605436 
59600157 
59591920 
59580250 
59575899 
59575580 
59568604 
59563281 
59557094 
59554904 
59540680 
59540176 
59540062 
59531590 
59527874 
59516899 
59515154 
59514747 
59509537 
59491610 
59482149 
59469574 
59462640 
59449799 
59447001 
59443706 
59438917 
59430362 
59421640 
59421616 
59420802 
59418329 
59410349 
59409753 
59404358 
59402994 
59397988 
59374655 
59373895 
59371496 
59367350 
59366788 
59362967 
59361178 
59352182 
59339831 
59335751 
59332473 
59330797 
59327833 
59325089 
59317603 
59313518 
59313173 
59312413 
59308250 
59307491 
59293853 
59289137 
59285492 
59283352 
59282814 
59282318 
59277219 
59275743 
59263183 
59260438 
59258704 
59257566 
59251326 
59242228 
59240827 
59233751 
59230447 
59226277 
59217615 
59211065 
59208685 
59208320 
59192510 
59183785 
59183203 
59180018 
59179416 
59178496 
59178189 
59169814 
59165712 
59160583 
59159970 
59157376 
59144802 
59139493 
59138794 
59129303 
59125060 
59124283 
59123958 
59113689 
59096958 
59092764 
59092725 
59079910 
59078725 
59074800 
59073310 
59058205 
59054297 
59052027 
59048586 
59040852 
59040653 
59040288 
59040152 
59030804 
59026448 
59024717 
59024547 
59020483 
59019229 
59014981 
59002156 
58984782 
58973726 
58971792 
58969353 
58958212 
58957237 
58932999 
58927641 
58924816 
58922823 
58915735 
58915080 
58914040 
58911151 
58907238 
58905981 
58886434 
58867147 
58860941 
58854602 
58853345 
58836854 
58835186 
58828061 
58822367 
58811709 
58805409 
58804141 
58802658 
58801758 
58799280 
58794707 
