49923 
43308 
40569 
40548 
40569 
40548 
40548 
40569 
40548 
40569 
40548 
40569 
40548 
40548 
40569 
40548 
40569 
34095 
40629 
40569 
40548 
40569 
40569 
40548 
40569 
40548 
40569 
40548 
40569 
40569 
40548 
40569 
40548 
40569 
40548 
40548 
40569 
40548 
40569 
40548 
40569 
40548 
40548 
40569 
40548 
40569 
40548 
40569 
40548 
40569 
40548 
40569 
40548 
40548 
40569 
6127730 
44077 
40527 
40548 
40569 
40548 
40548 
40569 
40548 
40548 
40575 
64132 
40509 
40569 
40569 
40548 
40569 
40548 
40548 
40548 
40569 
40548 
40569 
40548 
40575 
40548 
40548 
40569 
40548 
40569 
40548 
40569 
40569 
40548 
40569 
40548 
40569 
40548 
40569 
40548 
40548 
40569 
40548 
40569 
40548 
40569 
40569 
40548 
40569 
31731 
26538 
40512 
40548 
40569 
40569 
40581 
40548 
40569 
40548 
40548 
40569 
40548 
40569 
40548 
40569 
40548 
40569 
40548 
40569 
40569 
40548 
40569 
40548 
40569 
40548 
40569 
40569 
40548 
40569 
40548 
40569 
40548 
40569 
40542 
40569 
40569 
40548 
257004 
40569 
40548 
40569 
40548 
40569 
40548 
40569 
40548 
40548 
40569 
40548 
40569 
40548 
40569 
40548 
40569 
40548 
40548 
40569 
40548 
40569 
40548 
40569 
40548 
40569 
40548 
40548 
40569 
40548 
40569 
40548 
40569 
40548 
40569 
40548 
40569 
40569 
40548 
1191 
40545 
40548 
40500 
40569 
40569 
40548 
40569 
40548 
40569 
40548 
40548 
40569 
40569 
40548 
40575 
40548 
40569 
40656 
40551 
40617 
40569 
40548 
40548 
40485 
40569 
40569 
40548 
41007 
40569 
40551 
40569 
40548 
40569 
40569 
40548 
40569 
40548 
8207 
64 
64 
64 
64 
64 
64 
11226 
40548 
40569 
40548 
40569 
40548 
40704 
40569 
40548 
40548 
40569 
40548 
40569 
40548 
40569 
40548 
40548 
40569 
40548 
40569 
40548 
40569 
40569 
31131 
40632 
40569 
40569 
40548 
40569 
40548 
40569 
40548 
40548 
40548 
40569 
40548 
40548 
40569 
40548 
40569 
40548 
40569 
40548 
40569 
40548 
40569 
40569 
40548 
40569 
40548 
40569 
40569 
40548 
40569 
40569 
40548 
40569 
40548 
40569 
40548 
40548 
40569 
11595 
40512 
40569 
40548 
40515 
40569 
40548 
40548 
40566 
40569 
40551 
40569 
40548 
40548 
40569 
40548 
40569 
40548 
40569 
40548 
40548 
40569 
40548 
40569 
40548 
40569 
40548 
40569 
40548 
40548 
40569 
40548 
40569 
40548 
40569 
40548 
40569 
40311 
19530 
40512 
40548 
40569 
40548 
40569 
40548 
40548 
40575 
40548 
40569 
40500 
40548 
40548 
40569 
40548 
40569 
40548 
40569 
40548 
40548 
40569 
40548 
40569 
40548 
40569 
40569 
40548 
40569 
40548 
40569 
40548 
40548 
40569 
40548 
40569 
40548 
34035 
25837 
40512 
40569 
40548 
40569 
40548 
40569 
40548 
40548 
40569 
40548 
40569 
40548 
40569 
40569 
40548 
40569 
40548 
40569 
40557 
40590 
40590 
40518 
40995 
40569 
40539 
40587 
40584 
40569 
40806 
40707 
41004 
40551 
40782 
40842 
40581 
40548 
50363 
40791 
40569 
40548 
40491 
40548 
40569 
40548 
40569 
40659 
40689 
40872 
40515 
40548 
40569 
40587 
40548 
40548 
40569 
40548 
40680 
40548 
40569 
40548 
40506 
40548 
40569 
40548 
40569 
40548 
40569 
40548 
40548 
40569 
40548 
40569 
33432 
29379 
40536 
40569 
40548 
40569 
40548 
40578 
40569 
40548 
40569 
40548 
40569 
40548 
40545 
40569 
40548 
40569 
40548 
40506 
40536 
40569 
40548 
40569 
40569 
40710 
40569 
40548 
40569 
40569 
40548 
40569 
40557 
40569 
40548 
40668 
40569 
40710 
24519 
36219 
40512 
40548 
40548 
40569 
40548 
40569 
40548 
40569 
40548 
40548 
40569 
40548 
40572 
40548 
40569 
40548 
40548 
40569 
40548 
40569 
40548 
40569 
40542 
40563 
40548 
40569 
40548 
40569 
40548 
40548 
40569 
40548 
40584 
40548 
40578 
40548 
17999 
64 
64 
64 
64 
64 
64 
40587 
40668 
40569 
40548 
40569 
40548 
40578 
40548 
40569 
40734 
40569 
40569 
40548 
40569 
40548 
40569 
40548 
40569 
40548 
40608 
40569 
40569 
40548 
40569 
32652 
40647 
40548 
40629 
40569 
40548 
40569 
40569 
40548 
40569 
40569 
40569 
40548 
40569 
40548 
40569 
40548 
40548 
40569 
40569 
40548 
40569 
40548 
40569 
40548 
40548 
40569 
40554 
40575 
40569 
40548 
40569 
40548 
40569 
40545 
40548 
40569 
40548 
31953 
27604 
40512 
40548 
40569 
40596 
40548 
40851 
40548 
41397 
40569 
40569 
40569 
40548 
40569 
40749 
40548 
40569 
40569 
40548 
40569 
40548 
40569 
40548 
40548 
40569 
40548 
40569 
40554 
40569 
40548 
18369 
40614 
40548 
40548 
40569 
40548 
40569 
40548 
40569 
40506 
40569 
40548 
40569 
40548 
40569 
40548 
40548 
40569 
40548 
40569 
40548 
40569 
40569 
40569 
40548 
40569 
40548 
40548 
40569 
40548 
40569 
40548 
40569 
40569 
40548 
40569 
40548 
40569 
12894 
43094 
40548 
40548 
40569 
40548 
40569 
40548 
40569 
40548 
40548 
40569 
40548 
40569 
40548 
40569 
40569 
40548 
40569 
40548 
40578 
40548 
40575 
40548 
40569 
40584 
40569 
40548 
40548 
40569 
40548 
40569 
40548 
40569 
40548 
40569 
40680 
40548 
12963 
43130 
40569 
50280 
42248 
42228 
42248 
42248 
42248 
42248 
42248 
42248 
42248 
42248 
42248 
42396 
42248 
42248 
42248 
42248 
42248 
42248 
42248 
42368 
42312 
42248 
42248 
42508 
42324 
42248 
42248 
42248 
42248 
42248 
42248 
42248 
26632 
38954 
42200 
42248 
42248 
42248 
42248 
42248 
42248 
42248 
42248 
42248 
42248 
42248 
42248 
42248 
42248 
42248 
42248 
42248 
42248 
42248 
42248 
42248 
42248 
42536 
42248 
42248 
42248 
42248 
42248 
42248 
42248 
42248 
42328 
42248 
35240 
31209 
42200 
42248 
42248 
50292 
40548 
40569 
40548 
40569 
40548 
40569 
40569 
40548 
40569 
40548 
40611 
40548 
40548 
40806 
40548 
40548 
40548 
40569 
40569 
40812 
40548 
40806 
40569 
40548 
40569 
40548 
40860 
40569 
40548 
40569 
40548 
40569 
147582 
40536 
40569 
40569 
40548 
40569 
40548 
40569 
40548 
40569 
40569 
40548 
40569 
40548 
40569 
40548 
40569 
40569 
40548 
40569 
40548 
40569 
40548 
40569 
40569 
40548 
40569 
17111 
64 
64 
64 
64 
64 
64 
64 
64 
64 
64 
64 
64 
64 
34369 
40512 
40548 
40569 
40548 
40569 
40548 
40569 
40548 
40548 
40569 
40548 
40548 
48258 
40536 
40548 
40569 
40548 
40569 
40548 
40569 
40569 
40548 
40548 
40569 
40548 
40569 
40548 
40569 
40548 
40569 
40548 
40569 
40548 
40548 
40569 
40548 
40569 
40548 
40569 
40569 
40548 
40569 
40548 
40569 
40548 
40548 
40569 
40548 
40548 
40548 
36387 
31052 
42200 
42248 
42248 
42248 
42248 
42248 
42248 
42248 
42248 
42248 
42248 
42248 
42248 
42248 
42248 
42248 
42248 
42248 
42248 
42248 
42248 
42248 
42248 
42248 
42248 
42248 
42248 
42248 
42248 
42248 
42248 
42248 
42248 
42248 
42248 
2003 
42200 
42248 
42248 
42248 
42248 
42248 
42248 
42248 
42248 
42248 
42248 
42248 
42248 
42248 
42248 
42248 
42248 
42248 
42248 
42248 
42248 
42248 
42248 
42248 
42248 
42248 
42248 
42248 
42248 
42248 
42248 
42248 
42248 
42248 
42248 
34332 
29718 
50919 
40569 
40548 
40569 
40569 
40548 
40569 
40548 
40569 
40548 
40569 
40569 
40548 
40569 
40548 
40569 
40548 
40569 
40548 
40569 
40548 
40548 
40569 
40569 
40548 
40569 
40548 
40569 
40548 
40548 
40569 
40548 
40569 
40548 
