56282 
10656 
13278 
12879 
12978 
13038 
13503 
13008 
13227 
12810 
13011 
13488 
13338 
13008 
12975 
13077 
13449 
13566 
13248 
13440 
13734 
13233 
13143 
13083 
13137 
12909 
12990 
12903 
13062 
13263 
13143 
13959 
13263 
13107 
13113 
13350 
13134 
12921 
13173 
12924 
13584 
13104 
13008 
12831 
13041 
13050 
13218 
13662 
12771 
13890 
12984 
13395 
12978 
12987 
12954 
12990 
13353 
12855 
13017 
12894 
12915 
12849 
12891 
13344 
13074 
13011 
12930 
13074 
13011 
13083 
12975 
12885 
12993 
12966 
13842 
13044 
13053 
13317 
13065 
13140 
13245 
13710 
13536 
13260 
13122 
13059 
13023 
13053 
13065 
13047 
13449 
13341 
13188 
13296 
13029 
12906 
12855 
13098 
13569 
13116 
12972 
12873 
12852 
12951 
13485 
13005 
7356 
4883 
10599 
12834 
12663 
12927 
12867 
12903 
12462 
12900 
13458 
12912 
13443 
13110 
13245 
12972 
12903 
12957 
13029 
13026 
12939 
13167 
12930 
12474 
13593 
12891 
13029 
13212 
12939 
12879 
13392 
13101 
12807 
13041 
12849 
13008 
12837 
13659 
12801 
13719 
13662 
12861 
12849 
13329 
13476 
13182 
13773 
13170 
12870 
13449 
12894 
13494 
13185 
13092 
13002 
13176 
10260 
13443 
13278 
13053 
13293 
13104 
13401 
12978 
13023 
12936 
12897 
13635 
13140 
13173 
12894 
12942 
13032 
13185 
12981 
13131 
13551 
13008 
13203 
13488 
13968 
14133 
13098 
13191 
13230 
13695 
12969 
13155 
13812 
13863 
13119 
13248 
13596 
13518 
12777 
13185 
11535 
12594 
13041 
9501 
12597 
12909 
12846 
13296 
13128 
13071 
12951 
12978 
13119 
12888 
13344 
13047 
13380 
8685 
64 
10725 
12846 
13191 
13029 
13059 
13443 
13032 
13605 
13002 
13017 
13077 
13266 
13011 
12954 
13311 
13038 
12942 
13167 
13059 
13539 
13011 
12963 
12642 
12792 
13053 
13194 
13092 
13383 
13263 
13278 
13092 
12987 
13110 
12969 
13227 
12861 
13134 
13059 
13200 
13314 
12834 
12594 
12918 
13446 
13290 
12906 
13101 
13044 
13671 
13053 
13116 
13071 
13029 
13389 
13464 
13884 
13335 
13299 
13062 
13128 
13044 
13329 
13581 
13515 
10776 
12879 
13338 
13110 
13305 
13419 
13068 
13317 
12918 
12750 
13074 
13518 
14298 
13299 
13248 
12948 
13422 
13479 
13290 
13296 
13404 
13269 
12834 
13590 
13341 
13035 
13764 
13344 
12648 
13203 
13218 
13242 
13152 
13215 
13254 
13023 
13449 
13323 
13533 
13356 
13233 
13329 
13134 
13347 
13758 
13632 
12702 
64 
10701 
13107 
13563 
13479 
13689 
13401 
13521 
12621 
12672 
13005 
13239 
14457 
14163 
12927 
13512 
13992 
13425 
13503 
13062 
13530 
13245 
12981 
13044 
13179 
13455 
13254 
12723 
13218 
13200 
13851 
13923 
13107 
15099 
13254 
13080 
14172 
13491 
13107 
13248 
13041 
13041 
13185 
13116 
13116 
13707 
14199 
13062 
13320 
13347 
13113 
13182 
13398 
13290 
13287 
12309 
14361 
13266 
13236 
14388 
15027 
12870 
13254 
13305 
14010 
13731 
14139 
13953 
14073 
13017 
13755 
13866 
12921 
13221 
12882 
13005 
13236 
13149 
12918 
13302 
12909 
12471 
13263 
13074 
12885 
13113 
12813 
13356 
13347 
13254 
13191 
13422 
13341 
13014 
12762 
13083 
13197 
13338 
13035 
13515 
13467 
13815 
13044 
13473 
13368 
13395 
12987 
12990 
13401 
13152 
6630 
64 
10746 
13032 
13002 
13548 
12840 
13551 
13269 
13065 
11421 
12621 
12918 
13062 
13662 
13176 
13686 
12990 
12879 
12918 
13275 
13308 
13080 
13284 
12873 
13113 
12882 
12921 
12999 
12960 
13518 
13287 
13185 
13452 
12999 
13230 
12801 
13083 
13566 
13584 
12783 
13263 
13218 
13335 
13392 
12807 
13332 
13284 
13050 
13077 
13308 
13305 
13638 
12960 
13209 
13947 
13182 
13188 
13536 
13320 
13266 
13305 
13581 
13437 
13269 
10875 
12570 
13401 
13359 
13227 
13260 
13074 
13554 
13191 
13467 
12897 
13104 
13248 
13191 
10470 
12960 
13233 
13179 
13134 
13008 
13356 
13221 
13593 
13233 
13233 
13446 
12810 
13284 
13125 
10482 
12945 
13620 
13128 
13725 
12873 
12756 
13179 
12975 
12975 
13164 
13377 
12906 
12999 
13371 
12771 
13191 
12975 
13410 
4937 
64 
64 
64 
64 
64 
64 
64 
64 
64 
64 
64 
64 
64 
8209 
10833 
13869 
13539 
13947 
13569 
13227 
13545 
13509 
13653 
13659 
14265 
13722 
14124 
14376 
13236 
13881 
13557 
13731 
13779 
13908 
14220 
14247 
14490 
13599 
11364 
12831 
13197 
13830 
13197 
13140 
13377 
13074 
13803 
13281 
13632 
13056 
13122 
13677 
13539 
13308 
13428 
13338 
13218 
13254 
13308 
13065 
13287 
13467 
13632 
12963 
13302 
13137 
13146 
12873 
13590 
13881 
13326 
13170 
12927 
13515 
12916 
10794 
13545 
13617 
13455 
12855 
12951 
13266 
13116 
12984 
13098 
13569 
13017 
13011 
13539 
13368 
13194 
12957 
13095 
13428 
13191 
13170 
13149 
12894 
13308 
13218 
12864 
13074 
13251 
13233 
11793 
12345 
10662 
12702 
13527 
12963 
13215 
13632 
13038 
13299 
13551 
13149 
12918 
13461 
10194 
12963 
13260 
13650 
13248 
12831 
13218 
13077 
13050 
13914 
13641 
13095 
13461 
13530 
13635 
13290 
13140 
13482 
13356 
13131 
12501 
12915 
13275 
13020 
13458 
13059 
13281 
13020 
13056 
13419 
13047 
13293 
13059 
13281 
13344 
13059 
13353 
13107 
13143 
13257 
13110 
13401 
13233 
13368 
13485 
13407 
13065 
13242 
13146 
13401 
13254 
12885 
13161 
13242 
13161 
13305 
13110 
13083 
13122 
13536 
12993 
13242 
13104 
13128 
13374 
13053 
13569 
12819 
13455 
13023 
2790 
337 
11010 
12942 
13254 
13155 
13239 
13479 
11010 
12981 
13533 
13044 
13254 
13578 
13917 
12945 
13311 
12834 
13275 
12927 
13641 
13359 
13269 
13860 
13206 
13350 
13260 
13344 
13623 
13041 
13245 
13380 
13554 
13149 
12912 
13458 
13017 
13191 
12963 
13182 
13110 
12963 
13251 
12951 
13431 
13248 
13299 
10977 
12954 
14190 
13422 
12750 
13638 
13293 
13482 
13680 
13272 
13122 
14031 
13614 
13671 
12846 
13563 
13542 
13461 
13632 
13245 
13326 
13359 
13146 
13287 
12936 
13908 
13221 
13350 
13038 
13050 
13281 
12960 
13317 
12984 
13602 
12975 
13395 
12993 
12936 
13431 
13383 
12768 
13017 
13008 
13272 
13446 
13413 
12957 
12948 
12912 
12939 
12885 
13926 
13152 
13293 
13803 
13254 
13158 
13719 
16500 
15093 
11907 
15354 
17631 
10107 
11750 
13716 
18207 
18972 
18273 
16848 
15492 
15504 
16704 
16383 
14355 
16053 
14823 
12747 
16032 
16920 
17283 
11634 
13734 
15492 
12921 
12621 
12987 
12915 
12894 
13029 
12978 
13107 
12861 
13062 
12909 
12987 
12876 
12840 
13110 
12840 
12894 
12864 
11229 
12501 
13032 
13158 
12828 
12876 
12864 
12900 
12900 
13146 
12873 
12594 
12924 
12879 
12876 
13068 
13197 
12924 
13245 
12882 
12627 
12888 
13293 
12930 
13470 
12912 
13005 
13284 
12891 
12852 
12873 
12912 
13308 
12888 
12939 
12861 
12993 
12861 
13230 
12867 
12927 
12846 
12921 
12855 
12918 
13128 
13020 
12702 
12819 
12855 
12870 
12924 
13122 
12936 
13218 
12984 
12909 
12861 
12867 
13029 
12864 
13323 
12876 
13221 
12924 
13161 
13011 
12858 
13017 
12858 
11730 
64 
9885 
13080 
13740 
13488 
14208 
13176 
14592 
13296 
13599 
13641 
12957 
13272 
13098 
13989 
13074 
14559 
13161 
13758 
12912 
12858 
13581 
12984 
13317 
13377 
13269 
13287 
13386 
13455 
13137 
13650 
13311 
14097 
13473 
13065 
15384 
10659 
13542 
13059 
12894 
12948 
13257 
12942 
12843 
13254 
13455 
13197 
12903 
13161 
12891 
12837 
12870 
12825 
13017 
12867 
13134 
13242 
13920 
13011 
12837 
12840 
12234 
12909 
12456 
13140 
13014 
13038 
13251 
14478 
12825 
12885 
11700 
12186 
13323 
12786 
13299 
12765 
13293 
12864 
12765 
12786 
12816 
12885 
13269 
12888 
12864 
13116 
12777 
12792 
12891 
12948 
12921 
12450 
13568 
12528 
12945 
13914 
14292 
13446 
12855 
12942 
13164 
13263 
12945 
13191 
12978 
13722 
13467 
12999 
13161 
13194 
12852 
13128 
13020 
13050 
12999 
12975 
12858 
13155 
13038 
12927 
13017 
13134 
13788 
13161 
13239 
14340 
10344 
12525 
12303 
13143 
13047 
12816 
13131 
12951 
12870 
12825 
12849 
13059 
12750 
12858 
13215 
13623 
12987 
12780 
12777 
12891 
13113 
12825 
12789 
12849 
13110 
12801 
13395 
12489 
12777 
13194 
12762 
13230 
12783 
12894 
12804 
13356 
12801 
12879 
12825 
13260 
12876 
12774 
13194 
12801 
13191 
12819 
12804 
12867 
12885 
13140 
12939 
12876 
12819 
13110 
12900 
12918 
12837 
12993 
13356 
12855 
12855 
12783 
12804 
12966 
13071 
12795 
13044 
13149 
13332 
13353 
13143 
13125 
13404 
12501 
13071 
12834 
13140 
13191 
12791 
64 
64 
64 
64 
64 
64 
64 
64 
64 
64 
64 
64 
64 
64 
64 
64 
64 
64 
64 
64 
64 
64 
64 
64 
64 
64 
64 
64 
64 
64 
64 
64 
64 
10749 
12228 
12927 
12528 
13053 
12480 
13071 
12948 
13119 
14121 
14709 
16263 
16194 
14007 
12903 
14259 
15372 
15438 
15069 
15435 
12951 
14616 
35071 
16800 
11868 
14565 
16530 
15174 
14967 
16326 
15624 
16314 
15264 
11781 
16893 
17835 
16761 
15213 
15468 
14709 
14016 
14973 
16659 
17106 
12813 
15510 
16296 
11193 
15192 
13620 
12075 
13635 
16065 
16059 
14388 
12882 
13707 
12906 
12732 
16092 
16671 
18063 
13938 
14202 
13608 
13800 
13119 
13629 
13062 
12930 
13293 
13341 
12675 
12999 
13539 
13077 
12864 
13185 
13212 
12825 
12933 
13245 
12954 
13476 
12879 
13236 
13173 
12837 
13044 
12876 
13056 
12705 
13029 
12870 
12765 
12897 
12993 
13143 
13242 
12975 
13215 
13416 
13422 
13425 
13380 
13143 
13092 
13485 
13332 
12918 
13704 
13251 
13218 
13437 
13002 
13020 
13314 
13464 
12795 
13452 
12948 
13131 
13347 
13047 
12885 
13320 
12822 
9495 
13155 
12873 
12951 
5214 
64 
10971 
13200 
13026 
12960 
13533 
12825 
13170 
12876 
13395 
12837 
13344 
13413 
13203 
12780 
13320 
12828 
13569 
12975 
13467 
13119 
13602 
13281 
12828 
13029 
13434 
13599 
13263 
13020 
13200 
12783 
13137 
13059 
13446 
12900 
13581 
12498 
13332 
12933 
13356 
13257 
13302 
12900 
13287 
13146 
12999 
13341 
13515 
13053 
13467 
13068 
13257 
12948 
13716 
12906 
13563 
13335 
13626 
13230 
13332 
13515 
13401 
13221 
12804 
13338 
13392 
13062 
14037 
13347 
13212 
13029 
13353 
12894 
11400 
12969 
13593 
13566 
13242 
13011 
13344 
13167 
13377 
13227 
13452 
12864 
13581 
12798 
13317 
12942 
13332 
12942 
12822 
13131 
13434 
12963 
13440 
12954 
13479 
13005 
13833 
12582 
13104 
12948 
13293 
13041 
13107 
12930 
13044 
13005 
13395 
13155 
13212 
3378 
11076 
12879 
12957 
13371 
12888 
12840 
12921 
12915 
13692 
12804 
13017 
13125 
13575 
12891 
12858 
12867 
12870 
13236 
12879 
13323 
13098 
12900 
13359 
13065 
13476 
12945 
13158 
12942 
13398 
12975 
13104 
13014 
13176 
12993 
13020 
13353 
12792 
13434 
12891 
12819 
12816 
13149 
12939 
13275 
13347 
12894 
13269 
13101 
12939 
12924 
13284 
13371 
12876 
13095 
12084 
13497 
13146 
12891 
12945 
13254 
13083 
13050 
13008 
12939 
13071 
13422 
12852 
10500 
11487 
12069 
12975 
13314 
12831 
12960 
12990 
13263 
10077 
12624 
13260 
12738 
13449 
12936 
13152 
12936 
13143 
12894 
13221 
13143 
12570 
12837 
12900 
13092 
13089 
13158 
12861 
13491 
12987 
12849 
13068 
12912 
13098 
12852 
13164 
13203 
13611 
12822 
12951 
12981 
13119 
13710 
12876 
13641 
10995 
64 
10743 
12210 
13851 
12816 
12951 
13212 
12549 
11109 
12822 
12825 
13146 
12981 
12843 
12387 
13188 
13035 
12927 
13272 
13074 
13086 
13413 
13206 
13200 
12987 
13005 
12627 
12765 
12915 
13068 
13332 
12981 
13257 
12900 
13428 
13305 
13101 
13125 
12960 
11691 
12066 
13503 
13851 
12933 
10644 
13146 
13335 
13416 
12768 
13557 
13188 
13215 
13143 
14055 
13191 
13923 
13110 
13170 
13275 
13461 
12984 
13335 
13101 
13467 
13209 
13602 
12906 
13431 
12963 
13590 
12876 
13752 
13446 
13314 
12996 
13452 
13023 
13797 
12909 
13332 
13140 
13581 
12855 
13764 
13053 
13572 
12786 
13869 
13179 
13362 
12900 
13365 
13245 
13512 
11130 
13017 
13269 
13485 
12948 
13470 
13347 
13314 
13725 
13554 
13080 
13071 
13245 
8298 
5369 
10560 
13233 
13152 
12945 
12852 
12861 
13194 
13107 
13170 
13179 
13554 
12882 
13620 
12912 
13665 
12786 
13854 
13056 
13659 
12807 
13446 
12792 
13119 
13608 
13143 
13251 
13353 
12999 
13722 
13167 
14103 
13107 
13884 
13236 
14274 
13554 
13608 
13032 
13620 
13464 
13497 
13602 
13032 
13059 
14358 
13368 
13629 
12858 
13569 
9306 
12621 
13500 
12726 
13833 
13107 
13731 
12930 
13623 
13194 
13350 
13395 
13311 
13176 
13458 
13158 
13650 
13344 
14274 
12909 
13344 
13740 
14331 
14082 
13896 
13410 
13083 
13299 
13611 
12816 
13563 
13419 
13635 
13125 
13296 
13032 
13479 
13359 
13239 
13149 
13335 
13398 
13269 
13203 
13179 
12819 
12873 
12999 
13395 
12966 
13320 
13002 
13803 
13398 
13491 
13098 
13071 
13566 
13425 
13065 
13425 
64 
13145 
12642 
12879 
13575 
12768 
13560 
12792 
13212 
12975 
13275 
13353 
13305 
12801 
13605 
13341 
13176 
12885 
13254 
12870 
13896 
12927 
13947 
12873 
13476 
13473 
13305 
13227 
13254 
13062 
13050 
12591 
11499 
12759 
13302 
13044 
13347 
13182 
13317 
13209 
12861 
13257 
13434 
13569 
13596 
12876 
13245 
12981 
13674 
12924 
14169 
12951 
13890 
12984 
13371 
13044 
13551 
12909 
13149 
13125 
13062 
13134 
13578 
12870 
13434 
12888 
13311 
12837 
13869 
13356 
13737 
13182 
13434 
13527 
13125 
13428 
13437 
13284 
13338 
13050 
13203 
12846 
13749 
13251 
13650 
13089 
12684 
13080 
13284 
12927 
13548 
12849 
14124 
13149 
13425 
13197 
14052 
13707 
13593 
13266 
13386 
12834 
13404 
12990 
12696 
13086 
13407 
13455 
13518 
12984 
14340 
12807 
64 
11025 
12726 
13065 
12813 
12969 
12870 
13200 
13143 
13596 
13155 
13479 
13245 
13371 
12876 
13557 
13029 
13272 
13086 
13626 
13062 
13254 
12966 
13293 
12858 
13116 
13455 
13542 
13014 
12675 
12810 
13458 
12999 
13725 
13554 
13071 
12924 
13248 
13050 
13059 
13377 
14277 
13104 
13461 
12864 
13494 
12849 
13857 
9903 
13362 
12813 
13536 
13059 
12876 
13641 
12936 
13341 
12819 
13527 
12888 
12858 
13074 
13125 
12963 
13356 
12891 
13479 
13335 
13260 
13155 
13314 
13572 
13314 
12957 
13473 
12468 
13638 
13038 
13377 
13059 
13383 
13470 
13239 
13524 
12798 
13260 
13536 
12855 
13092 
13005 
13521 
12843 
13524 
12843 
13062 
12903 
13221 
13563 
13368 
12891 
13377 
12801 
13338 
12864 
13182 
12978 
13380 
