25683869 
22627166 
28684560 
22670813 
28965365 
25915261 
24163482 
27189314 
24190010 
23139315 
25888742 
22836928 
29334041 
22632203 
26729089 
22901846 
26186220 
26227399 
24283927 
26367104 
22903503 
26180773 
27898537 
24477208 
22819911 
26535895 
22683802 
29278744 
24423180 
24154134 
24817263 
24225405 
24847833 
27074593 
24674830 
22960472 
26022005 
22829217 
27177515 
25958965 
23831083 
21454224 
25633011 
25849414 
26511051 
24579967 
22284599 
24234756 
23023052 
26886470 
24115233 
23974911 
24921505 
24042245 
28053712 
23556913 
25089849 
22814349 
25998734 
27299406 
24117674 
24602886 
24616938 
24935639 
27422738 
24869979 
22954906 
26419425 
22980387 
29587992 
24408796 
24605642 
24621254 
24309852 
24836130 
26828161 
25412248 
22717825 
26528799 
22994368 
28852329 
22998132 
28721511 
23447454 
26053828 
26069333 
27109920 
25011035 
24543434 
24908584 
25637925 
25842351 
24127301 
24975789 
24478597 
26709582 
25255999 
22803781 
26302252 
24227766 
23405133 
29021715 
23917360 
25277108 
23752336 
25197640 
26956008 
22646846 
26686338 
23061792 
25991911 
25594160 
25801069 
24586361 
23033691 
25648827 
26323155 
25644316 
24352309 
23315652 
26481171 
27053102 
24962217 
23538953 
25205149 
25227025 
23762923 
25720847 
31307413 
25424198 
22642413 
27251528 
27694228 
23351710 
23679636 
26308381 
25059479 
26536859 
25392259 
24469167 
25157331 
24908829 
26773310 
24331689 
24978219 
23138075 
26570880 
27459679 
24429563 
25447931 
24423285 
25114671 
25416207 
25799155 
22890479 
26461105 
23119309 
26191000 
25768916 
26112949 
23199012 
25968227 
25039700 
26926897 
25435767 
23789474 
26153157 
23309719 
27317633 
25942409 
24339734 
25739164 
22384427 
29222407 
23891648 
25273213 
22757295 
26122219 
28481705 
23448683 
24896761 
23934816 
25286063 
24155825 
27793747 
24918858 
24145638 
25476966 
25349198 
26758921 
24417555 
25495386 
23237559 
25891080 
25397246 
26739179 
24394654 
25383255 
22888228 
28190912 
24413639 
24416458 
23200880 
26250996 
27922378 
23826188 
25628834 
23636200 
25662710 
25982910 
25567355 
25094195 
23441803 
25746959 
24760617 
26543290 
25692122 
25678380 
24540518 
23940110 
28055226 
23108562 
25509628 
25338423 
23798609 
28342661 
23517721 
25509696 
27413842 
22951861 
28235780 
25263796 
23331294 
25742301 
25540625 
26116515 
25188523 
25553317 
23659462 
25483808 
26536885 
24735899 
25214291 
23622105 
25244817 
27730135 
24425088 
24057298 
25296407 
25012702 
24059472 
32495942 
22938621 
25668205 
25689663 
24767861 
27965130 
22986683 
25865243 
25301069 
25442842 
26967305 
25654682 
25223212 
24270190 
25554151 
26928542 
24858429 
24796036 
25618832 
24691876 
27835621 
25782333 
24412054 
25969323 
24018828 
28666058 
28456436 
24725228 
24950802 
25068155 
28937058 
23227953 
25739317 
26145595 
23945592 
27533177 
24950361 
24873349 
25509725 
23528773 
29457725 
23790140 
24883085 
25313336 
24817029 
28644536 
22800201 
26125077 
26250377 
25108733 
23441300 
27956417 
22400227 
24851847 
25874387 
25977599 
25875845 
24839693 
25889296 
25676401 
23098246 
29570953 
22918999 
26309159 
25299315 
24533336 
27790047 
25100397 
24904192 
25305104 
25150007 
27660678 
25059758 
25217611 
24946480 
24978047 
27878751 
24570992 
28009767 
24437401 
24204514 
28647457 
24119312 
25347488 
24784102 
25233323 
27019248 
26041324 
23746462 
26331922 
25761398 
27345930 
23908415 
25143270 
25479638 
24840478 
27701001 
24729702 
24633438 
25308920 
25034586 
25255560 
28956725 
24961427 
24418946 
24873889 
26046888 
22818231 
24596854 
25349597 
25198593 
24863748 
27975547 
24244343 
25457197 
24906780 
24950534 
29439160 
24983859 
24842846 
24894954 
24272794 
33126175 
25520117 
26312608 
27085998 
24201573 
29421828 
24261382 
24847974 
25457248 
26546628 
26823015 
25150617 
27361884 
24011724 
24909675 
28603234 
25281388 
25587369 
26236403 
24956141 
26967153 
25261294 
27312519 
24749002 
24986450 
26108273 
25058695 
25706314 
24943922 
25339725 
27623762 
25100915 
26174140 
21827816 
26075238 
26251308 
26058699 
23844947 
26357069 
24018217 
27506330 
23580084 
24429631 
24582970 
24908960 
27793976 
25264105 
22731707 
25084325 
25706148 
27488023 
23805705 
24402303 
25122071 
24694293 
26310922 
25997692 
25840276 
24519929 
23213202 
26108322 
26356576 
24597788 
24652456 
25466183 
23096625 
28942962 
22914131 
26268548 
24533476 
24985971 
27695442 
23111848 
25719644 
24009641 
25050638 
27734584 
24061150 
26208891 
25252199 
23012289 
27623958 
24637933 
26236344 
22989477 
24873562 
27491136 
24427915 
26328745 
24959179 
24956882 
26154700 
25814449 
22999494 
26357017 
25039025 
26251847 
25801438 
24022193 
24980130 
22909360 
30357773 
24678031 
22890913 
24963495 
26386461 
23223442 
29061909 
22937332 
26557344 
22998466 
26464613 
25860686 
26332458 
24472115 
25201443 
22779703 
27233012 
26476404 
24988605 
24528040 
24826016 
32453121 
22644115 
27012210 
22540425 
26557655 
26104414 
26217882 
23243944 
26098007 
23047304 
29212092 
22919026 
26527024 
25018935 
23133983 
28718088 
24919618 
24445823 
23330476 
26563723 
27638168 
24134634 
25476469 
25429831 
25233868 
27989908 
24221984 
24993468 
23473628 
26950580 
24507304 
28007975 
23911714 
25316713 
23062171 
26540786 
27754625 
23309056 
26518377 
24608927 
25179475 
25798406 
26336418 
23375655 
26388060 
24912694 
27678208 
24896677 
24465283 
23547880 
26230811 
26633159 
25754684 
23026379 
26644687 
24553573 
25231973 
26902649 
25257375 
23221664 
26660204 
22957438 
29177157 
22853106 
26393129 
24842695 
24619035 
25767296 
26544987 
24935159 
24443606 
25672360 
25826684 
26147009 
24971352 
24422344 
24117684 
29687951 
22488398 
26750428 
23415726 
26756723 
27256347 
24829596 
22744237 
26442948 
23621882 
29592103 
24319836 
25421599 
22326494 
26793720 
23233747 
28813048 
24665338 
24704338 
25266327 
24153879 
28128249 
23895295 
25176434 
24246212 
24765342 
27968704 
24167521 
25168096 
24664079 
23448495 
29688920 
22542718 
27066787 
24374167 
24444993 
28220879 
24627781 
23747076 
25488470 
24479051 
28301788 
23731389 
25548576 
23418149 
26245530 
31351150 
24491698 
25171887 
24352679 
25417745 
27959738 
25871667 
25002314 
24346071 
25232304 
27443877 
25309964 
24056435 
25967735 
23705482 
25909007 
25540700 
26847162 
24611236 
25203133 
22880345 
23941620 
26078388 
24736235 
25698280 
23232959 
28273725 
24338343 
25951349 
23196713 
25448535 
25750857 
26880412 
23226127 
25549682 
23532274 
27740346 
26253664 
22924326 
26838899 
22369740 
29415209 
22338687 
26179965 
25041085 
25216278 
27907797 
22638045 
26583828 
23410032 
26272293 
23205873 
29755792 
23622304 
25443960 
25168422 
23560175 
28927445 
22610714 
26184357 
23288417 
26273833 
25870827 
26430173 
23197945 
26727861 
25353826 
27402535 
23470839 
25437601 
25899222 
24392084 
28467216 
24463152 
24585537 
25943776 
25531184 
27524703 
24605347 
23922297 
25764305 
24304208 
25442783 
27010955 
24516911 
25696495 
24012958 
25499362 
26215941 
26083493 
25691363 
24509087 
24101818 
28107795 
25641510 
25138286 
23817999 
24900207 
27686368 
25343802 
24761545 
22961533 
26308690 
28412533 
23189154 
25211159 
25144489 
24229690 
28256670 
24321809 
24800236 
25928058 
23574553 
24981914 
27983485 
23237159 
25621407 
24900111 
24901750 
27623609 
25329703 
23455065 
25465722 
29694651 
28400051 
22964378 
24796345 
25657034 
23250456 
29401167 
24027979 
26117435 
22569295 
26673748 
28379874 
23043047 
25404105 
24707797 
25862833 
25639009 
25803247 
25129309 
24470708 
24463535 
28630293 
23238733 
24921659 
25145160 
23964519 
28753663 
23189302 
24920385 
20772570 
24025542 
23868274 
27343634 
24161683 
25432541 
24230828 
24475407 
27599403 
24594692 
25354378 
24197035 
24826650 
27490415 
25433098 
22372143 
26435799 
24061808 
27563202 
25507399 
23315541 
25550715 
25011401 
24423969 
28593235 
22456595 
25927323 
25643115 
22527785 
28716562 
24972990 
24161411 
24839340 
25978498 
26287223 
24456548 
25527571 
24862273 
22569001 
29241001 
24413458 
24269911 
23974183 
25578433 
28248871 
24742858 
24235788 
26282279 
23910694 
27116413 
23738409 
24859535 
26141709 
24536566 
27571180 
22746559 
24910649 
25784894 
25006627 
24480313 
25915695 
24432177 
25611473 
25710203 
23809375 
28445849 
23477199 
26181870 
24301559 
24557257 
26057270 
24802949 
24071453 
24859267 
24498798 
24459355 
24097447 
24415264 
24653364 
24599853 
25386336 
26221191 
24742526 
24184303 
24970435 
24085503 
27641431 
24517949 
26038444 
25341699 
24581707 
26559967 
25453318 
24365464 
23962684 
28860280 
27035959 
23367358 
24036870 
24656878 
25018078 
27104546 
27326728 
24188190 
24720806 
25788895 
27581543 
23096470 
24502026 
25985756 
23257210 
24726679 
27383808 
25905732 
23411616 
24994992 
24035008 
27897626 
24338698 
26535866 
23465291 
23999373 
26983464 
24492489 
26029583 
24334155 
23303762 
27632211 
23889955 
24126331 
26280477 
22990949 
29098188 
24038618 
23080610 
24845319 
23643517 
24887915 
27416038 
24036141 
24749044 
24596799 
26022187 
26032641 
25784065 
24397007 
24534918 
25066285 
28476961 
24554683 
24048208 
25210046 
26256399 
26019000 
25274633 
26557054 
25003685 
25333341 
25791113 
26073145 
23710957 
26618324 
24338265 
28126638 
25033419 
24538529 
23811604 
26465400 
24785324 
26413819 
26598605 
23663707 
26481362 
24655788 
28549517 
24836597 
25256234 
23463088 
26575455 
26011106 
26648987 
25464245 
25262434 
24396855 
28263396 
25551655 
24876556 
24515713 
24706703 
25876931 
26115489 
25501444 
24255625 
25276787 
26077196 
24531492 
26095917 
24649014 
24591374 
25989909 
25945124 
23733356 
24760329 
26047583 
26275730 
25723092 
23236905 
26577457 
22930324 
26079012 
27332198 
24588851 
24692067 
24918746 
23797944 
27942387 
24355747 
25094055 
27082075 
26656812 
26689530 
24857470 
24800860 
23236510 
26609462 
25819676 
26263822 
24994838 
24852605 
22910551 
25499132 
24450208 
28032191 
24545249 
24830656 
24821206 
25426342 
28078074 
24296904 
26975562 
23409959 
25161918 
24461997 
29576591 
25154312 
23640890 
26243887 
22998459 
26580410 
26697279 
25165906 
25256877 
24951329 
27835584 
24849006 
23593055 
25110705 
26838450 
26262075 
26999640 
25348132 
25167244 
25080550 
27738304 
25429432 
23536593 
26955962 
23050764 
29577024 
27092074 
25790417 
26340517 
23803667 
28516885 
23096850 
27176523 
23386918 
26814304 
26178063 
26717920 
24758053 
25538265 
25782162 
27726322 
25618756 
23209669 
26824457 
23647460 
28194740 
26454084 
24947260 
23975275 
26412003 
26110302 
27112944 
24395553 
23842178 
26655875 
27853007 
24668578 
22814489 
23824395 
25245625 
25940103 
26068091 
24062328 
24832918 
23204963 
29944406 
22122487 
24894162 
26330780 
22752337 
26692360 
25889219 
25984054 
24764331 
25107943 
23092478 
29010402 
25295433 
25355512 
25476060 
24096098 
28283803 
22882187 
26006920 
22999787 
26023383 
25841898 
30530297 
24371485 
23228904 
26374204 
25914410 
27165153 
23787029 
25591898 
24140252 
28148984 
24409376 
24139303 
23644420 
26103550 
26268172 
26027138 
22951045 
26536323 
24356656 
28604363 
23186728 
25576868 
24593350 
23389924 
22363586 
26258096 
22891973 
23193964 
26192076 
23228694 
29069991 
24902851 
23793492 
27069163 
22697694 
29009730 
23693509 
26215895 
24746663 
23316821 
29232171 
24379972 
24270362 
25066609 
24089591 
28400762 
22836130 
26247283 
24611962 
25535288 
28170823 
23487877 
25455369 
23416598 
26734567 
27889699 
24652503 
22835033 
27210694 
22595541 
24845913 
29173368 
23339822 
26853098 
22982277 
29345377 
24484334 
24443243 
23551222 
26081775 
25152593 
27135658 
23129513 
26381230 
25981190 
22487023 
29544039 
22549046 
24145447 
23721000 
26267212 
23022077 
29304101 
25010965 
22982578 
27215507 
24383953 
27780828 
22862475 
26577050 
25378729 
24393406 
26060703 
26132777 
25671038 
23974704 
24251987 
27738576 
26315866 
23312820 
26781324 
23345140 
29449469 
25907041 
23711011 
26473376 
23690779 
29340499 
24219249 
24609486 
25974328 
23190459 
29062508 
25147557 
24923416 
24318436 
24636429 
23314411 
29452993 
25124166 
23985543 
25816030 
25626444 
32151296 
23667140 
25630109 
25397701 
24011783 
28643329 
23557385 
25708505 
24667260 
25628103 
26517944 
25567462 
24234747 
24323500 
24951054 
27437246 
24567294 
24941274 
25147206 
25752124 
23543935 
29163427 
23665601 
25315106 
24853511 
25360390 
27868279 
24643084 
24206645 
24848846 
25497598 
26788665 
25709088 
24093294 
25181600 
22997206 
28806756 
23835856 
25019092 
25500049 
24180521 
25816190 
26212661 
22102337 
25178133 
25441903 
27340179 
23975798 
24138593 
25126632 
25256258 
26991454 
23762490 
24712957 
25423725 
22661788 
25607895 
28367999 
23706141 
26542130 
22635237 
25446801 
27758443 
25841964 
23737959 
25159488 
25675833 
27049361 
24078899 
25107067 
25434178 
22931205 
28471216 
24796639 
25644534 
23838762 
24817971 
27965698 
24736884 
25778546 
24172459 
25698743 
26899739 
24336003 
25650302 
23068867 
25508282 
24710653 
27702624 
25506568 
22538987 
26186099 
24267929 
27959275 
25044083 
25185130 
24904693 
23494418 
27153088 
22559086 
26332529 
24079771 
25207839 
27471700 
24450849 
24779854 
24607867 
25396795 
28700964 
23516885 
25882559 
23577390 
23482826 
28414459 
24351972 
24434631 
26204556 
25060973 
23630220 
27430507 
25397444 
24506568 
25451688 
28817669 
29092241 
23871276 
24408482 
25135589 
27895435 
24823695 
26188152 
23796429 
25195367 
29615728 
24693151 
24163843 
25447408 
25711065 
28156357 
23566838 
25193292 
26653962 
22232091 
22798110 
27053832 
22909812 
24953074 
23694618 
24710475 
28242155 
26441291 
23065675 
25923370 
24938330 
28881204 
25302275 
22894403 
26467575 
33420315 
28025137 
24865888 
25399188 
25098214 
26589671 
25467195 
26493510 
24930061 
35172286 
29900493 
23922267 
24945854 
25838872 
25138155 
29494692 
23898362 
25866089 
26690538 
24402937 
29471034 
23947286 
25853201 
25256620 
25676891 
29097559 
24724218 
24969923 
26068148 
26793028 
27096311 
25147846 
25300434 
26019427 
25258652 
25823237 
27882005 
27217461 
25153184 
25086956 
27899452 
24478735 
25880987 
25628006 
27406832 
27180156 
24252497 
26809681 
24489595 
25495956 
25208783 
27692560 
25154106 
25531732 
26611674 
23690432 
28180267 
26331412 
24347013 
26809669 
23819359 
27834093 
24967039 
27159615 
23983235 
26622956 
26108853 
26639821 
25342324 
23852993 
26535755 
26418370 
26024330 
25274588 
25763236 
24995962 
28408578 
25739512 
24931445 
25487785 
25000053 
27928971 
26738656 
24305609 
24666730 
34047704 
24938722 
25118119 
25701302 
23477453 
25291253 
27650752 
26687273 
25579959 
24755703 
30091390 
22889513 
25174225 
26164918 
23940379 
26224635 
27308486 
23099334 
27185378 
23411770 
26238410 
26122821 
24277432 
26476706 
25002614 
24825792 
25413422 
25154561 
26485664 
24987135 
24724859 
26059002 
26716282 
23031909 
26593817 
23184753 
29655941 
24966786 
24981101 
25194347 
23612523 
29690235 
23225918 
26931534 
23697572 
26632311 
28131023 
23311872 
26900512 
25181753 
23282950 
29675531 
24957711 
25614875 
25333369 
25778606 
27961976 
23505487 
26518352 
23892687 
27304082 
26868781 
26599303 
24792915 
25738059 
25265980 
28274024 
23401968 
24657493 
26751318 
23816563 
26820488 
27917775 
24890408 
25257933 
25780407 
24296862 
28357638 
23574619 
27675181 
24454694 
23742715 
29734077 
24576228 
25942848 
25038992 
25354581 
26809792 
23790204 
27440898 
23340821 
26713423 
26627466 
26802941 
23493854 
27004975 
24773859 
26966228 
24673974 
25984608 
26892779 
23628169 
30388460 
25594698 
24955955 
23908236 
26802318 
29439809 
24860509 
23768499 
27075216 
23711092 
29258541 
23695133 
26869780 
25242844 
25694819 
27782091 
24385486 
25989702 
24724248 
28027276 
29049454 
25199718 
25056662 
25606136 
25199388 
25931058 
26646520 
24848763 
23660016 
24592163 
29734399 
24607029 
25846930 
23962677 
26036403 
26844963 
22287462 
24915164 
24051151 
23900165 
26664832 
28306951 
24105155 
23744630 
26715063 
26632363 
26114900 
23420169 
27880526 
25854573 
28000602 
22998941 
26080882 
25876422 
24482345 
23446906 
29779504 
23423322 
25856147 
24564340 
24328021 
28127804 
23051932 
27307316 
23218673 
26041255 
28170362 
24780007 
26056236 
24007028 
25580965 
27825490 
24225260 
25039798 
24553232 
25631774 
26895878 
25512621 
23039925 
27634904 
23165113 
28436131 
24301235 
24568607 
23329476 
26398020 
28900619 
23007756 
25565137 
24724626 
25656263 
22461655 
29019080 
23128537 
26803764 
23033200 
26783083 
28288641 
25028115 
26037764 
22521995 
26711316 
26911806 
25772615 
22385545 
27036569 
23082034 
29349382 
25647367 
23166185 
25996618 
23389403 
29263807 
23000621 
26056897 
23570906 
26328731 
29117189 
22868645 
25670189 
24634030 
25878056 
22903623 
28358723 
24678259 
25021182 
22864056 
25815933 
29431133 
23216602 
26494805 
25000111 
24728433 
27548817 
25793767 
22866165 
25970650 
24996412 
28500183 
23423911 
25001615 
25307286 
28025208 
27930516 
24823111 
26671604 
25183670 
23070461 
28790596 
24943935 
24954721 
24968648 
23170073 
28756695 
24230809 
25870913 
24507909 
23684444 
25505250 
28763050 
22639198 
26106719 
25194549 
24501465 
28262434 
25904808 
23335126 
26353350 
24909895 
28731008 
23293200 
26076727 
25392299 
25944382 
26452525 
25087036 
26625812 
25332660 
25651776 
27155736 
24866999 
25439271 
25753560 
26210838 
26998826 
25827024 
24468172 
25450343 
25860902 
27514129 
24111335 
25717303 
25981030 
27453011 
28468705 
23030863 
26476197 
25870761 
23524344 
29363875 
23398040 
25911799 
25725819 
26101457 
27675068 
23671912 
26097668 
26156256 
23028998 
29641430 
24236078 
25392097 
25550458 
25169161 
28804602 
25444910 
24580956 
25373261 
24783969 
27285931 
25851161 
25509560 
25639813 
25197277 
28961482 
23953777 
25569888 
26524767 
23364287 
29117573 
26237576 
25552649 
24580518 
24676374 
29316581 
23901736 
25327241 
25899825 
25034754 
28516937 
26438031 
25318912 
23992090 
26053415 
24452159 
27348778 
22800959 
27123818 
25633823 
27714378 
25439125 
24725658 
26494533 
24230085 
28565566 
24868694 
26457666 
24865368 
24046387 
25166289 
27973557 
25113771 
25363703 
30651595 
27128921 
24566747 
25534565 
25396084 
25362990 
25008091 
24217556 
25394493 
26426342 
24247029 
26527837 
25374521 
25145194 
24913383 
26136354 
25343412 
26727857 
24858306 
25030976 
24645193 
25109158 
28718412 
24397197 
25369216 
24278707 
25689521 
26441434 
25237221 
25831115 
24101326 
24368866 
28044019 
24744788 
24605899 
25241318 
25798065 
28025608 
22899170 
25119209 
25215225 
24784396 
27882132 
24382829 
26221330 
23549626 
25133121 
24393049 
27784256 
24818235 
24724686 
25003568 
24815455 
28707720 
23635292 
25039170 
26067583 
23828534 
28882756 
23374768 
24799820 
26160876 
24779150 
26230612 
24370842 
24921826 
24994595 
24467265 
29501213 
23047699 
26197767 
24787755 
24670511 
28422002 
24569218 
26141095 
25228689 
24968706 
23194097 
25829239 
22876986 
25159612 
25714558 
23423530 
27575393 
25710045 
24022863 
24024345 
25688987 
28460291 
23128096 
26220641 
23328376 
24883490 
27287728 
24967886 
25042605 
24524605 
25859623 
28602221 
25098992 
23723621 
27384003 
23536928 
29623997 
25401422 
24021099 
25507814 
25391794 
27705808 
26553986 
25814181 
23399921 
26322495 
27398413 
25649101 
24834116 
25951561 
26354232 
27769844 
25486867 
24997894 
28317422 
25605619 
28538904 
23615704 
25320290 
27162875 
25250352 
28642462 
25115172 
25400893 
25548856 
23761980 
29593150 
25336526 
26033162 
25044857 
25445562 
27361853 
24073801 
28266733 
25334560 
25241515 
26443220 
26972450 
23536082 
27333182 
25083886 
27937735 
25685104 
23388684 
27653443 
23516912 
28364881 
27069452 
24999739 
25442416 
23704763 
28542258 
26757936 
25703802 
25455011 
24000391 
29742221 
23654032 
26957953 
25800563 
23979266 
