22418611 
24062420 
22591209 
26928206 
23127208 
23387100 
24126340 
24841940 
25030303 
24755082 
22090718 
24060979 
24473877 
25795785 
22790232 
23684926 
23992093 
25321968 
22219274 
28382250 
23374011 
22835999 
24686741 
23714338 
25485688 
25342376 
23753956 
24611627 
23967277 
25913715 
23731060 
24927412 
23095410 
24144455 
27152413 
26765889 
25383576 
22641843 
25528801 
23460038 
27110399 
23799707 
24154601 
23975238 
23701612 
26954595 
22040858 
25433712 
22265192 
25546894 
26539977 
22303820 
24947502 
23822287 
22668175 
25039541 
25498756 
25170281 
22131036 
25398633 
22664270 
27842138 
23589541 
22138876 
23947698 
25349349 
25873134 
23417610 
23380088 
25781685 
22314605 
26029561 
25164773 
25012731 
23425190 
23134892 
25460561 
26768103 
21835925 
25531705 
22316164 
25853931 
26570588 
23918428 
23530254 
24382345 
25513410 
25578438 
25299782 
23646055 
22385133 
25605908 
23274007 
27894948 
22291476 
25907581 
23680076 
23386481 
27106370 
21983192 
25403748 
22624611 
25342457 
23869120 
25158745 
25791782 
23776650 
23851969 
23839465 
31468964 
23024805 
25441718 
22429632 
23812066 
27246596 
25565446 
24437824 
25705937 
22504706 
28210012 
23697060 
24343608 
22540444 
25460891 
25345732 
25402510 
22411051 
25958691 
24177000 
27069009 
23336465 
24009063 
22493193 
25890784 
22026719 
28788122 
21761312 
25560732 
21924306 
25479188 
24750189 
25653304 
22714966 
22889930 
25583272 
22529922 
27447847 
22866665 
25444620 
23740285 
22714586 
28198940 
22820015 
24824217 
22912195 
25715247 
25070508 
25569581 
23351543 
24446081 
23563184 
22164463 
28334387 
24049889 
23798743 
24459656 
23387460 
27394415 
23175191 
24540085 
23375016 
24680554 
26135840 
24547686 
22968287 
24515558 
22146395 
27304638 
23444890 
26096066 
22412530 
25904476 
22051221 
26462540 
25437251 
23804989 
26047032 
23787691 
24969144 
25862537 
23455885 
22510841 
25906566 
27805119 
23014903 
22428812 
25689876 
23984717 
23776972 
25798466 
25564204 
23262598 
25023792 
23280924 
27425538 
23149085 
24223047 
23795677 
24104597 
26812198 
24062765 
23462214 
22407477 
26292865 
22732271 
27205173 
24277667 
21957426 
25576339 
22179888 
27913450 
22292720 
25315433 
22960543 
25009341 
25201510 
25348697 
22956257 
23398728 
25632177 
23639310 
25048405 
24838095 
24454921 
23767999 
28838302 
29710109 
23841238 
25810088 
22261876 
25635605 
25875868 
25248119 
22735040 
26454257 
21752133 
28677208 
23296981 
24996709 
21987941 
25892230 
22379794 
28412284 
22359734 
25784280 
22831363 
25621975 
27730718 
22562111 
24995522 
23812205 
24649698 
26258723 
24804017 
21288653 
25441723 
22571725 
25697963 
26705126 
23883959 
22338638 
25714814 
22271310 
28281154 
24848245 
22368526 
25566929 
22420971 
27736893 
23193048 
24898826 
21433156 
25238800 
22253044 
28433842 
21918630 
25178876 
22374162 
25928204 
26920839 
24403652 
21504510 
26045251 
24513075 
25768221 
25059954 
23602377 
26282375 
24710489 
24846472 
26825380 
23139868 
24028608 
25209728 
21673155 
28415573 
24273873 
23263735 
24509797 
24970993 
26796284 
22981170 
24299036 
24311255 
24139383 
27081437 
23763996 
25028950 
22742651 
25014586 
24059347 
28205426 
24037419 
24157595 
23336927 
24228491 
27797149 
23193661 
24328820 
25226011 
23221018 
27046640 
23925377 
25193910 
24369976 
24322342 
26649909 
23588952 
24635111 
25306693 
22175301 
25294401 
26910859 
24639400 
22901000 
24957550 
25462494 
24892850 
21817855 
25159255 
24357237 
24094628 
26911019 
24651316 
23158754 
24313693 
24617833 
27090545 
23010010 
24000458 
25072400 
22489441 
25225984 
31186573 
22476053 
25213133 
25211463 
23729886 
27913742 
25345053 
22500533 
25664240 
23559116 
28683433 
23151511 
24558232 
24504836 
24356138 
28451270 
22209616 
25566581 
25406741 
23340793 
27791069 
24594748 
24579762 
24586169 
24425046 
27486823 
23904794 
24442513 
24190735 
24310250 
24289452 
27968259 
22074219 
25566564 
24863917 
24200627 
28183398 
23167257 
24358453 
25324553 
23642704 
28846962 
23223128 
25613039 
24647795 
23430900 
24000556 
28633957 
24221881 
22965674 
25196834 
24315490 
27493818 
24753682 
22285520 
24913708 
23453707 
28369591 
23467531 
24711994 
24941281 
24982774 
27549501 
23923129 
23595604 
25877861 
24489589 
25351105 
25019013 
25422249 
23327122 
24584931 
23815314 
27125370 
24085038 
24370888 
25948806 
24932495 
26647295 
22847997 
24298025 
24304932 
25223414 
23792261 
27694927 
24413593 
24498286 
24361807 
23867834 
27424330 
24061473 
24315698 
24420535 
24396681 
27193803 
24947818 
24230809 
24805639 
25440570 
28269210 
22584544 
24412196 
25757738 
25114828 
24182575 
25740770 
24764198 
24057212 
24512223 
24657033 
26984212 
24528134 
24904946 
24289695 
24577429 
27098785 
23664429 
24752393 
24992884 
24165725 
31015396 
24466756 
25826818 
24383616 
28690656 
25152374 
24953672 
24047809 
25435450 
24260495 
24602021 
27690887 
25690337 
24220084 
24064762 
24545529 
27306657 
24776632 
24679231 
24355041 
24978078 
27313366 
24541339 
26720898 
22997473 
26222065 
25926767 
23560654 
25082196 
24216119 
25262429 
28614744 
24044608 
24510608 
25255061 
24290162 
27676398 
24438964 
22737312 
24932799 
26323023 
23223071 
28054602 
25717502 
22865051 
26076614 
22987071 
28660534 
24314829 
23716942 
24478762 
26052699 
27592759 
24582868 
23347850 
24482148 
25524118 
25599993 
25630542 
24678256 
24552161 
24553108 
27219408 
23070845 
26115771 
23193282 
26046351 
25803896 
26016440 
24207046 
23588259 
25766664 
23332374 
27236128 
24206243 
24203982 
23469190 
23751351 
29096222 
23036891 
23779225 
25876291 
23946476 
27791173 
23566942 
24449670 
22432168 
26151792 
23801216 
27309477 
22444140 
25806163 
22721798 
25952318 
25281610 
25973264 
24512207 
23910884 
22714135 
28352250 
22553259 
26150214 
24351800 
22801930 
28770066 
23707612 
24307924 
22426635 
26239698 
22406654 
28802091 
22779964 
26070092 
24256123 
22197815 
28536676 
23408727 
25765130 
22507825 
25671539 
25137553 
26230001 
21923595 
26116404 
22797272 
28633107 
22540601 
26213043 
22141256 
29858492 
27603552 
24083637 
23592569 
24578520 
24054848 
24817422 
25053307 
25605628 
24044999 
24327173 
24474761 
27066968 
23730662 
24212517 
22354402 
25519120 
27007254 
25358045 
24315786 
23490385 
25115979 
25277682 
25658120 
24089929 
24177534 
22473432 
28669731 
23792726 
24478754 
22407980 
25862640 
22600447 
27038244 
26066315 
23890103 
22610127 
25585205 
26967554 
24426678 
23411995 
24284107 
24060644 
23864349 
26947261 
24368039 
23308690 
24266847 
22749846 
28505138 
23570547 
24298162 
23619320 
24325974 
25446273 
25469689 
22367140 
25613336 
23624168 
27154252 
23737884 
24487367 
24367750 
23526807 
24626259 
27118264 
23883039 
22363893 
27038232 
24764797 
26855772 
22375115 
25966252 
24457665 
23263302 
25732280 
26091512 
22179454 
25918457 
24094075 
26786015 
24556735 
21726302 
25962761 
22465191 
25573257 
25333799 
25422894 
22886885 
26083475 
22785870 
27788929 
24990036 
23281302 
22894902 
26219174 
25847514 
24809046 
23281866 
22636388 
25804759 
25096232 
26315668 
23661354 
25248091 
24675230 
22766536 
27650110 
23334093 
25221075 
21692643 
25783823 
25003231 
25430362 
22605847 
25466282 
22752666 
25784530 
25066719 
25399069 
22598897 
25533380 
22422000 
28415430 
25044642 
21655832 
30486840 
23145119 
26868033 
24244815 
23788552 
22793320 
25990342 
24815230 
22465013 
25130210 
23997877 
24791096 
23867477 
27416103 
22589113 
26256990 
22956531 
25315507 
25295696 
25622037 
24348001 
23340634 
25490882 
25921010 
24741577 
24131182 
25005611 
22786223 
25177702 
25564521 
25967332 
22723455 
25893170 
22334177 
28672775 
24771184 
23614276 
24935340 
23335381 
27404563 
23365222 
24059316 
25019904 
25275039 
22895465 
28963091 
21658695 
26101090 
25339027 
22662938 
28404717 
23452877 
25265773 
24702628 
23323649 
26924684 
24129072 
24785957 
23121468 
25625398 
26436831 
24712242 
22166169 
25795159 
23520336 
24741700 
27186643 
23330596 
25008713 
24690979 
23478880 
27309146 
23706532 
23840637 
25095707 
23955140 
27378968 
24420867 
23434301 
24826426 
22954698 
28269438 
23736342 
24440529 
23891138 
25185442 
22258246 
28957973 
22281210 
25264620 
24743988 
26881180 
28164639 
22164952 
25058558 
24647920 
25329533 
25555165 
24774121 
25212503 
22875959 
25084178 
27737430 
23543388 
24659322 
25061866 
23313139 
24518193 
27641978 
23072800 
24916687 
24307823 
24497740 
27027364 
24769237 
25505509 
25064100 
25342874 
27008325 
24046192 
25645156 
23045689 
25906983 
27213484 
25909944 
28645710 
24899719 
24876501 
28446313 
24303601 
23864439 
26085975 
22213920 
29453073 
24071273 
25092620 
25573003 
24108325 
24643627 
27328096 
25763332 
22856856 
25854956 
25541467 
28044249 
24322887 
24055629 
24410981 
24548011 
28334631 
24756484 
22222159 
25850970 
25775309 
27514551 
23825871 
25733497 
23894791 
25764627 
26341922 
24451169 
24249590 
25445454 
24581933 
28839202 
23554287 
24242613 
25138931 
24408297 
24803228 
27887530 
24418419 
24972375 
24904314 
24457875 
28133785 
25501665 
25560515 
26444477 
25059636 
26519560 
24873862 
26751990 
24401952 
23905915 
28443040 
23473731 
25309360 
25295766 
26060088 
26073823 
22156975 
24435350 
25093298 
23893184 
28448214 
23563291 
25072187 
24806183 
24633378 
29087409 
22670581 
26202828 
24800705 
24156422 
24377990 
29140581 
23135693 
25309965 
24786759 
24922535 
27861043 
26151797 
22751895 
25287463 
24571845 
28474325 
23421343 
24846764 
25103800 
24650477 
27717230 
25656673 
23412675 
25250124 
24222101 
28107540 
24215720 
24528452 
24767333 
25050477 
24940446 
24956719 
24091322 
24693120 
23620566 
24757563 
32434380 
24681270 
24830411 
25031298 
25457546 
26203235 
24517605 
24644194 
24170413 
24826386 
28235688 
27178212 
24576404 
24765776 
25356929 
27272356 
24669582 
22773965 
25147937 
24321371 
27173535 
24350032 
24693851 
24046147 
24292900 
22908326 
24853432 
22452301 
28640191 
23809290 
24508872 
22503359 
25252387 
24058907 
28232359 
22209930 
25380035 
24916584 
22708600 
27859792 
24312907 
24931175 
22733781 
24898478 
27890151 
24639263 
22400657 
25915591 
23828014 
24675277 
27030697 
23818457 
21073144 
23674000 
24163682 
26304447 
24265164 
24452222 
25215031 
24238519 
28098519 
24169969 
25672963 
24178644 
23526159 
27250359 
24635908 
25014169 
23529272 
25417343 
22726523 
28390047 
21737044 
22972691 
22923729 
24064454 
24861839 
25401472 
24836752 
24292934 
23502584 
24525048 
27941887 
23279928 
24283698 
24545596 
24661783 
27200877 
24357463 
24639796 
25675538 
22205331 
28694498 
23180664 
25827349 
24853691 
24275701 
28583614 
24423408 
23894248 
22875961 
25553509 
27189689 
24854198 
26166808 
23526892 
24380723 
27675916 
23726773 
24599539 
24596757 
25766892 
23079631 
28471047 
22250335 
25295242 
26028628 
24416531 
25284142 
25247493 
24336344 
25322321 
24448415 
27748136 
23777378 
25101595 
25602011 
26479938 
27632984 
24074708 
25725625 
25065538 
24235105 
23377561 
28604536 
23833581 
24206530 
24881062 
23785976 
27343800 
24286613 
28828487 
24419806 
25338007 
26247895 
25364052 
24678111 
23669511 
24115817 
27130011 
24327430 
24609332 
25961379 
23137004 
27579562 
24629319 
25811419 
23783029 
24670328 
27684233 
23971967 
25593669 
24954804 
23418238 
24208891 
27668453 
24683425 
24602308 
24058153 
24674334 
27271978 
24612565 
25807283 
23107935 
24456392 
26968479 
25328387 
24573265 
25651822 
23370647 
27445300 
24294131 
24745788 
24647349 
24468943 
27536571 
24375860 
23937936 
26450351 
23265930 
27429220 
24793008 
24250903 
24467871 
26080761 
26355707 
25289652 
22887445 
26285876 
23231331 
26152928 
27122242 
23224470 
24169138 
24859381 
24397201 
27533518 
23969724 
24496330 
24226170 
26329326 
26720758 
23768473 
25975811 
23499688 
25966789 
23917465 
26282909 
25736846 
23199484 
25785973 
22954059 
29073017 
23001422 
24402644 
24458866 
24979426 
27442127 
24591167 
24470675 
26263633 
24537938 
25745110 
24491392 
24083979 
26089056 
22990327 
29033814 
24056731 
23112274 
24559967 
26056134 
27229461 
22651371 
25538812 
23220390 
24283619 
24019544 
29043998 
22559954 
24913885 
23951227 
24316091 
28737470 
24216856 
24628465 
22881283 
24547605 
26804948 
24212998 
24422014 
24751433 
25704315 
23148623 
28893518 
28587603 
22714544 
24922741 
28945190 
22092439 
24906372 
25478288 
24853350 
24284815 
27008982 
26210465 
24666991 
24974923 
24471094 
25890306 
26131436 
23531507 
26274956 
24502757 
27828383 
24390737 
25048589 
24619625 
24580563 
25664379 
26360175 
24497174 
25654062 
23945858 
28082562 
22700264 
26387460 
23177821 
26595926 
24673740 
27391015 
23042807 
27202992 
23089780 
26102820 
28857363 
22995743 
26548045 
24921873 
24661933 
26026048 
26455322 
25409170 
24163621 
25111709 
25441021 
26625735 
24158156 
25613221 
23438315 
29570057 
25052516 
25043125 
25820021 
24387460 
28542709 
23158729 
26650925 
25233039 
24742021 
26037401 
26393921 
23235495 
26433671 
24436223 
25935581 
25972002 
25055978 
24677668 
23034700 
27530962 
26382927 
24285904 
25210758 
23452372 
25458430 
25476848 
26245030 
22063385 
24147430 
25404373 
25769472 
26355505 
22813279 
27153575 
24349082 
27417811 
22772060 
26734071 
24425478 
24427652 
27804763 
24290561 
25317524 
23987488 
25371760 
25289388 
23658468 
25778381 
25337773 
24256801 
27931757 
22685270 
26116182 
24945182 
22553302 
29761161 
24133353 
24159251 
32470576 
24032565 
22685416 
29953795 
22744082 
26305637 
22879874 
26295304 
27065367 
43763705 
24194034 
23989994 
27812142 
22742953 
25934545 
23347087 
26723357 
25890909 
25707617 
22946929 
26076969 
22990199 
26155775 
25868478 
25896086 
23505934 
26023690 
23496662 
26962991 
26081935 
22986631 
24293205 
26449898 
25550260 
26450276 
24408986 
22536539 
25769492 
28108649 
22810394 
25019895 
26235831 
24105915 
25999069 
25690874 
24643474 
24037587 
24566444 
23743675 
27681561 
23735922 
25057382 
23747657 
24695876 
26266828 
25075022 
23466431 
23473629 
25902440 
26889956 
24955975 
23227000 
25568832 
23862767 
27849313 
23376362 
24763604 
24035640 
24851334 
23400053 
27236032 
21947055 
23566209 
24654241 
23900216 
27548949 
23759675 
22733965 
25616156 
25064959 
27627991 
23918662 
24630651 
24183143 
22725449 
25986198 
27914649 
22968141 
25123369 
24103358 
27287091 
27509760 
23392402 
25064783 
23195059 
25089934 
28389897 
22476700 
24697124 
23511533 
25778470 
27431022 
25183464 
23190282 
25031442 
24875148 
23886165 
27395647 
24556141 
23498822 
25031739 
24220088 
27746772 
24661766 
22863232 
25360002 
25053167 
26358825 
25682728 
23915947 
23608810 
25084244 
25486336 
26703963 
24046823 
25031202 
25268845 
22829752 
28466969 
23520021 
25036855 
23252950 
25718378 
32849062 
23432509 
25005758 
25497682 
22701328 
28210604 
25156222 
22726205 
25444379 
25694043 
26733435 
23378558 
24685998 
25455976 
24355610 
26473477 
24427066 
25324122 
22709409 
25266977 
24234292 
27552581 
23069002 
24718014 
25393740 
24936026 
27370921 
23525170 
24707974 
24781097 
24615848 
27270855 
25436770 
22518371 
25839843 
24091330 
28272688 
24924172 
24547130 
25651248 
22619787 
27827365 
24833034 
25165680 
22575572 
25540298 
24147938 
27526679 
23132760 
25499273 
23908265 
24902167 
28190893 
24396893 
25211158 
26782817 
24828813 
28255574 
23780870 
25458646 
24195882 
23733756 
27381957 
24343873 
24642049 
25613884 
22325527 
29503253 
23826792 
24425561 
24388615 
24235014 
27551403 
24480412 
24383512 
25015689 
24493129 
27599064 
24039678 
25522234 
23829855 
25638954 
27347525 
23143299 
24474983 
24783723 
24633989 
25840346 
26147451 
25074999 
23192950 
25964503 
24581760 
28474049 
23335963 
24419870 
24886577 
24569194 
27562508 
24147914 
24348697 
26206674 
22448011 
28474466 
26848678 
23734346 
25041139 
25806982 
26374594 
25211205 
23297785 
25552149 
23181076 
26381298 
25729326 
24408749 
25792010 
24268882 
23990489 
26731348 
24800101 
23456771 
26408172 
24453476 
30756619 
22753025 
25994277 
24615232 
23098076 
24805601 
27296513 
24832944 
24867248 
24831548 
24480204 
27776708 
24993875 
26390128 
24682642 
23525447 
29044195 
23497315 
26951234 
23784677 
26593296 
25782496 
25167437 
23441284 
24946237 
24487902 
27925271 
23513720 
24868601 
26939654 
24014169 
26449669 
26062123 
23249078 
25291498 
25843853 
27876594 
24875305 
25747242 
26550517 
23531104 
29436012 
23137342 
26339687 
24030570 
26519287 
23646913 
27639115 
25167005 
25371644 
26257306 
24752314 
26320103 
26418646 
25068948 
25215860 
25369915 
27656527 
24916330 
23316908 
25270437 
24402405 
28215363 
24819243 
25135212 
25278256 
24788425 
28307089 
26312455 
23543668 
25466845 
24730162 
27760159 
24824726 
25074043 
25127996 
25883731 
27817371 
25009670 
26454458 
23118424 
25171286 
27366556 
24532288 
26568446 
23507798 
23997895 
26396089 
23410181 
26058633 
23928275 
26169718 
26663844 
24729615 
26219068 
23503628 
24823385 
24958016 
27561095 
26519035 
23338603 
26574338 
23477542 
28234829 
25937854 
25242595 
24689954 
23515776 
29061824 
23227872 
24958318 
25393196 
26606198 
26935002 
23425310 
26571383 
23498276 
24957221 
29420736 
24695738 
23472444 
24806823 
31043006 
25720881 
28577654 
24516884 
24981165 
24557487 
26531036 
26351945 
25083785 
23410014 
26938794 
26334307 
26416101 
23318998 
27154807 
25508538 
26403199 
26801572 
24220370 
26044071 
24421959 
26730457 
26086195 
24856392 
23644033 
26488634 
27574616 
24995934 
24796358 
23678989 
26680978 
26247532 
26792891 
24551921 
24359081 
26812168 
23308263 
29727487 
24412777 
25762696 
23012447 
30274354 
24547685 
24564143 
25795880 
22788634 
26718588 
25911352 
26324986 
24877869 
25092130 
22562194 
29193744 
25150590 
24481887 
23151915 
26154392 
25485982 
26205747 
22882026 
26329671 
24407313 
27141758 
24928473 
24423627 
23435168 
26503708 
26941870 
23440364 
26080550 
23386223 
26107179 
26041540 
26267841 
24463966 
23203115 
25954757 
26571115 
26030079 
24177627 
25352230 
24315740 
25254172 
27355381 
24992176 
24215503 
25756183 
22932948 
29163790 
24268964 
23217622 
26449690 
23079619 
27904808 
26996625 
24563152 
24829411 
22760266 
29392152 
25015170 
27167707 
24326600 
25735507 
26601249 
25785704 
22935355 
26867907 
23026997 
26274407 
25945756 
26327755 
25024994 
24289142 
23109695 
29755892 
24810416 
23082672 
26256651 
25223394 
27678496 
22822906 
25804861 
25528142 
27006740 
29583265 
24502635 
25925233 
23730078 
25341196 
27949337 
23801073 
24101494 
26050012 
25742390 
25985077 
26648463 
24847550 
24224222 
25190480 
27353400 
25046073 
23768911 
25599007 
24230614 
23093639 
24167861 
25778594 
24163815 
27802491 
22347282 
29194757 
23064104 
26721564 
22938924 
26497072 
28168542 
23625485 
25064575 
23294671 
26433024 
28383598 
23811546 
23377100 
26636026 
23141521 
28775749 
23799151 
25994537 
23685446 
26273626 
28331875 
24737851 
24424397 
24770175 
23834165 
25541019 
27339592 
25322297 
23357041 
25351832 
24684729 
27601550 
22960330 
26081387 
23470429 
26140049 
28139121 
23814525 
25370736 
23902669 
25481193 
26415821 
25747114 
24969585 
23646820 
25269377 
25530046 
25368347 
26007514 
25580098 
23503841 
25429648 
27183085 
23500471 
25423981 
25548283 
23662914 
28250719 
23440588 
25556304 
25437232 
23222073 
28229454 
25125277 
24028605 
25673843 
23045616 
25490994 
28123660 
22381274 
26109838 
24811975 
23965466 
28427562 
25161616 
24544339 
24883081 
23720711 
28421017 
24530719 
24609242 
24926235 
25841343 
26642189 
25326860 
25674990 
23977624 
23549364 
28663146 
24865040 
24238372 
25070960 
25430784 
23152754 
27833306 
26054497 
28810813 
25544397 
24729860 
28969082 
23922367 
24002551 
23978668 
24902791 
29039359 
24010434 
24612808 
24430970 
24289202 
28049528 
23633269 
24814607 
24342197 
24209186 
27801102 
24673961 
25314969 
