11509117 
11505749 
11497929 
11491722 
11491347 
11486748 
11486019 
11484424 
11481931 
11481906 
11481146 
11480552 
11469009 
11464091 
11459515 
11441464 
11431290 
11423963 
11414237 
11412179 
11407571 
11400438 
11388968 
11384587 
11380651 
11376025 
11374924 
11372858 
11372798 
11371655 
11366919 
11351141 
11347111 
11341734 
11322566 
11322013 
11316418 
11306494 
11298858 
11292005 
11289629 
11288370 
11284568 
11283635 
11265145 
11259558 
11246511 
11233027 
11230913 
11230626 
11218102 
11215437 
11210988 
11202225 
11193505 
11189203 
11188843 
11179077 
11173811 
11172031 
11165276 
11144148 
11135265 
11116150 
11111136 
11099664 
11098984 
11095588 
11080200 
11078162 
11072497 
11058155 
11053893 
11045730 
11045428 
11041693 
11031579 
11022682 
11020541 
10994595 
10983472 
10975466 
10974704 
10968601 
10961440 
10958204 
10955948 
10939894 
10932901 
10931452 
10916606 
10913203 
10867389 
10866717 
10839531 
10836302 
10835708 
10803856 
10799064 
10785140 
10770818 
10761085 
10758082 
10743154 
10742021 
10741509 
10728794 
10726093 
10713437 
10711808 
10705732 
10704653 
10704484 
10682232 
10668625 
10668286 
10660633 
10659771 
10652435 
10648492 
10618204 
10610899 
10604351 
10589877 
10589841 
10586500 
10579273 
10573729 
10572763 
10570946 
10552393 
10547074 
10529286 
10527847 
10518523 
10518380 
10513156 
10495209 
10492304 
10486344 
10466046 
10460568 
10457204 
10451569 
10448659 
10440410 
10429028 
10417465 
10409277 
10398892 
10397839 
10383821 
10382533 
10370399 
10369165 
10365444 
10360625 
10348702 
10345275 
10343888 
10343385 
10342165 
10335209 
10327370 
10326929 
10324003 
10321378 
10318779 
10317958 
10317589 
10304087 
10301164 
10296930 
10292171 
10263865 
10260533 
10258257 
10253948 
10248377 
10246738 
10246484 
10246390 
10244610 
10243140 
10242138 
10240766 
10238336 
10237495 
10236047 
10232607 
10229729 
10229396 
10221835 
10220879 
10217363 
10215300 
10208965 
10205185 
10205101 
10200384 
10193611 
10187778 
10182318 
10181430 
10177513 
10177230 
10176336 
10175791 
10171532 
10170991 
10165402 
10164158 
10159130 
10156790 
10156252 
10155325 
10149944 
10147283 
10145882 
10144935 
10144752 
10142453 
10141925 
10141614 
10139121 
10137769 
10137693 
10136198 
10135658 
10134495 
10132915 
10131378 
10127186 
10126108 
10121354 
10119374 
10115214 
10114635 
10113671 
10112920 
10112580 
10112339 
10109127 
10107176 
10106981 
10106338 
10102676 
10101994 
10101064 
10099878 
10098554 
10097724 
10095052 
10092551 
10092112 
10090034 
10089325 
10084741 
10083087 
10082378 
10081519 
10077852 
10073161 
10073066 
10071926 
10069286 
10069061 
10068207 
10064213 
10063563 
10062995 
10062814 
10062741 
10061522 
10060064 
10060049 
10056395 
10055919 
10055393 
10053018 
10052377 
10052265 
10051155 
10049412 
10047427 
10045677 
10044532 
10039063 
10038697 
10038686 
10038222 
10036909 
10036337 
10035877 
10035221 
10034770 
10032838 
10031168 
10028472 
10024925 
10018446 
10017030 
10016704 
10014683 
10013705 
10010867 
10008030 
10005305 
10003462 
10000829 
10000165 
9999559 
9997968 
9995729 
9994489 
9993679 
9987657 
9987285 
9985858 
9983517 
9981575 
9978810 
9975741 
9973055 
9971270 
9970003 
9969303 
9968332 
9966235 
9963740 
9962954 
9960794 
9959095 
9958569 
9957203 
9949862 
9949769 
9947641 
9946931 
9946071 
9945512 
9944779 
9944499 
9942554 
9940976 
9937492 
9935731 
9928997 
9928191 
9926968 
9926291 
9924209 
9922494 
9922341 
9922205 
9921552 
9920707 
9919278 
9915756 
9914089 
9910451 
9905167 
9904343 
9903625 
9902994 
9901757 
9900646 
9899748 
9899476 
9898977 
9898408 
9896516 
9895681 
9893857 
9893690 
9891905 
9888820 
9888292 
9888083 
9886705 
9886563 
9886282 
9885865 
9884953 
9884716 
9884363 
9883401 
9880833 
9880584 
9880114 
9879931 
9879899 
9877983 
9877603 
9877155 
9876142 
9876110 
9875222 
9874393 
9872945 
9872355 
9871628 
9870388 
9870054 
9869871 
9868344 
9868021 
9865898 
9863997 
9863794 
9862731 
9861935 
9860101 
9860012 
9859330 
9855470 
9855273 
9855217 
9854771 
9854248 
9853398 
9849494 
9849044 
9847397 
9844532 
9843621 
9843328 
9842596 
9840083 
9839927 
9838818 
9838633 
9834052 
9833169 
9832288 
9830368 
9828877 
9827643 
9827642 
9826987 
9826504 
9826146 
9824192 
9822842 
9822111 
9822070 
9821898 
9821136 
9819171 
9816675 
9815673 
9814956 
9814140 
9812920 
9810429 
9808757 
9808127 
9805151 
9801608 
9800701 
9799455 
9794915 
9794870 
9794049 
9792855 
9791990 
9791866 
9791743 
9788718 
9788573 
9786844 
9786172 
9784928 
9781895 
9781206 
9780980 
9780738 
9780691 
9780320 
9780310 
9778335 
9778024 
9777940 
9775780 
9775741 
9773588 
9773528 
9772581 
9771394 
9771286 
9769027 
9768951 
9768414 
9768400 
9767481 
9766826 
9766689 
9765358 
9764767 
9763488 
9763142 
9762294 
9761978 
9761471 
9761003 
9760673 
9758327 
9757807 
9757408 
9757264 
9756841 
9756022 
9754889 
9753390 
9750810 
9750474 
9749855 
9748756 
9747775 
9746633 
9743448 
9738574 
9734572 
9732821 
9731731 
9731180 
9730631 
9729355 
9727450 
9726277 
9721313 
9720266 
9719017 
9716082 
9714932 
9713111 
9710198 
9707552 
9705942 
9694885 
9693564 
9683388 
9680219 
9677278 
9667817 
9663486 
9651199 
9641174 
9637808 
9628560 
9627376 
9624058 
9613341 
9612857 
9608788 
9607415 
9603566 
9602671 
9579567 
9578229 
9574587 
9565571 
9563912 
9563262 
9563221 
9554783 
9552878 
9539400 
9536028 
9535160 
9525475 
9520181 
9517653 
9515969 
9505052 
9504519 
9499238 
9494484 
9466363 
9460446 
9455824 
9454923 
9453818 
9453052 
9452072 
9450292 
9449012 
9444311 
9440596 
9436437 
9436287 
9430805 
9404038 
9403814 
9389722 
9365267 
9360001 
9358909 
9354522 
9344645 
