1410552 
1514324 
1434002 
1747770 
3847172 
1401590 
1438900 
1448622 
1435092 
1435775 
1320445 
1444342 
1434962 
1434127 
1236876 
1492037 
1415467 
1435861 
1439930 
996888 
1479853 
1394144 
1430265 
1446091 
1439974 
1434632 
1440377 
1188547 
2961943 
1534800 
1486830 
1432754 
1437545 
1701102 
1426045 
1461735 
986242 
1407464 
1439318 
1437967 
1437362 
1434926 
1460160 
474894 
1464303 
3075328 
1554202 
1531056 
1495939 
1486599 
1386432 
1485058 
583629 
1487685 
1390663 
1433623 
1436267 
1431754 
1431747 
1436061 
4087709 
1477059 
1740403 
1462840 
1453732 
1469348 
1473950 
3058376 
1566181 
1540331 
1525716 
1551429 
1467533 
1465719 
1162274 
955662 
1454980 
1479326 
1479648 
1473491 
1560502 
1489481 
1305242 
867632 
1443224 
1443409 
1451083 
1470351 
1375140 
1514683 
1388116 
1501086 
2921861 
1844057 
1537045 
1501879 
1486748 
1398238 
1172091 
1438490 
1436932 
1430990 
1705569 
1415953 
1437171 
1435161 
1440431 
1083575 
1201734 
1419691 
1434170 
1434483 
1428254 
1447737 
1460649 
918169 
1494858 
2746581 
1538671 
1515360 
1484827 
1377602 
1476039 
1152696 
1728304 
1387365 
1434786 
1134454 
1441095 
1435401 
1435897 
1432844 
1034990 
1444429 
1445228 
1438351 
1436939 
1433694 
1433135 
1437962 
1467816 
1315724 
1425827 
1434430 
1458117 
1366731 
1527852 
1491834 
3066046 
1510437 
1480020 
1383399 
1515251 
1695298 
641881 
1502669 
1426944 
1645333 
1411522 
1526858 
1423511 
1517798 
1431370 
1321649 
1531820 
1436625 
1564348 
1525365 
1408914 
1454519 
1461363 
752048 
3241929 
1554360 
1520244 
1454026 
1460169 
1432711 
1439264 
990845 
1142112 
1420625 
1434979 
1706826 
1465371 
1434149 
1686838 
1271408 
703841 
1422353 
1434133 
1462239 
1366719 
1490887 
1375354 
1488434 
1171689 
1536580 
1505763 
1482371 
1386158 
1436389 
1443694 
1238616 
1436709 
1433714 
1431635 
1447046 
1444337 
1435276 
1431693 
1430840 
1421189 
858409 
1682067 
1460943 
1367637 
1488319 
1384038 
1486793 
1065813 
1481880 
2520050 
1537442 
1523086 
1446629 
1434339 
1435478 
1324810 
1483808 
1479496 
1460857 
1455843 
1456061 
1459584 
1022573 
1180725 
1429425 
1454993 
1617427 
1473576 
1469039 
1486542 
1611238 
1463766 
1522228 
1419125 
1544318 
1497651 
1531205 
1406245 
1490832 
3626773 
1537236 
1446917 
1436375 
1449139 
1452592 
1316502 
1437823 
1435397 
1432616 
1429530 
1434418 
1438094 
1432706 
1434612 
1450178 
743469 
1458447 
1361527 
1435260 
1460598 
1370659 
1752877 
748288 
1487013 
2858169 
1545122 
1519240 
1448721 
1484389 
1393896 
1114006 
1435324 
1444152 
1437131 
1434199 
1436739 
1434773 
1431622 
1426587 
1362299 
952656 
1429467 
1459197 
1369202 
1488772 
1376137 
1489361 
1289004 
1480519 
2417943 
1533122 
1509904 
1725465 
1420190 
1428172 
1196155 
1441053 
1436099 
1431226 
1428813 
4654270 
1473694 
1151843 
1114198 
1432625 
1459451 
1449492 
1452480 
1453414 
1448325 
1488567 
970181 
1498015 
1467135 
1487244 
1505859 
1408891 
1537799 
1399660 
1533543 
3150477 
1934247 
1526582 
1503791 
1398978 
1501917 
685431 
1527971 
1395980 
1490008 
1417257 
1449710 
1433987 
1434163 
1444838 
1216399 
1438402 
1430499 
1434433 
1428212 
1444008 
1437107 
1435377 
1569132 
1443930 
1434389 
1431371 
1431413 
1461321 
1366895 
1490507 
1376997 
1741246 
2701849 
1524004 
1451671 
1485423 
1394481 
1434936 
1132926 
1437503 
1434839 
1442061 
1438829 
1430633 
1439271 
1430848 
1431222 
1463385 
763231 
1462341 
1363658 
1486696 
1375495 
1492033 
1384815 
1480218 
878565 
1474204 
1394777 
1439354 
1437275 
1431703 
1708357 
1429077 
4716994 
1473925 
1472540 
1455553 
1456879 
1458496 
1459742 
3367150 
1454718 
1443492 
1467387 
1623015 
1464625 
1485102 
1495866 
498660 
1502031 
1403321 
1529584 
1417068 
1624358 
1412185 
1508151 
612408 
1510755 
1381043 
1496960 
1703011 
1442620 
1489463 
1440672 
1527039 
3363972 
1539961 
1515841 
1442035 
1436920 
1432944 
1406402 
1443918 
1442537 
1437950 
1428580 
1434550 
1427347 
1463010 
1366335 
1492358 
772988 
1462398 
1363533 
1485480 
1372862 
1487175 
1385987 
1484527 
968772 
1484261 
1695900 
1394043 
1438916 
1486618 
1388325 
1436269 
1479803 
3211927 
1524429 
1446279 
1437469 
1434692 
1431718 
1406049 
1442213 
1433720 
1431673 
1434102 
1430506 
1449936 
1461282 
1367346 
1605403 
666072 
1456494 
1394104 
1491131 
1375006 
1482867 
1380642 
1481847 
4046810 
1429064 
1512763 
1406739 
1455338 
1456052 
1454105 
3612441 
1534600 
1452892 
1568353 
1513381 
1469320 
1203944 
1470373 
1474673 
1481030 
1475769 
1485836 
1482027 
1554733 
1505917 
939065 
1382424 
1424621 
1447207 
1437576 
1445220 
1722565 
1436705 
1390406 
777189 
1430808 
1459113 
1373955 
1497706 
1374164 
1487617 
1388293 
1518549 
3431829 
1498679 
1432487 
1727401 
1402769 
1431176 
1035284 
1428345 
1439907 
1430218 
1436764 
1429745 
1432965 
1433151 
1435318 
1325897 
1093561 
1430683 
1442943 
1458951 
1687976 
1397484 
1488313 
1072241 
1485207 
2558783 
1550464 
1521042 
1440681 
1438891 
1443233 
1168863 
1442192 
1434699 
1436890 
1438369 
1434105 
1438102 
1431858 
1428262 
1459922 
750564 
1463280 
1364741 
1490184 
4693420 
895288 
1522831 
2888827 
1812149 
1518714 
1506986 
1403550 
1508902 
685049 
1576207 
1503148 
1528761 
1417727 
1528712 
1478873 
1523203 
1428271 
1220987 
1523683 
1513367 
1523734 
1415866 
1441776 
1440830 
1448146 
813278 
3285108 
1550597 
1545008 
1447679 
1438151 
1430149 
1436324 
986930 
1107823 
1410069 
1434671 
1435916 
1427258 
1431183 
1459455 
648395 
2932239 
1575303 
1532990 
1519760 
1407285 
1495753 
1370983 
1490529 
464786 
1489992 
1381074 
1477884 
1411503 
1438281 
1433642 
1266638 
901598 
1434394 
1439680 
1438429 
1431019 
1432642 
1719372 
1424784 
1435735 
2917992 
1555318 
1525503 
1445651 
1501257 
1370857 
1491926 
694702 
1475407 
1395251 
1440830 
1437420 
1436301 
1435139 
1432100 
1442350 
4378343 
1452613 
1460604 
1473720 
1455013 
1457939 
1602029 
1521801 
1458022 
1450145 
1724130 
1621927 
1482757 
1482049 
1564986 
1457427 
1480563 
1482228 
1479495 
1474917 
1571622 
1485663 
1341699 
1447773 
1447922 
1436351 
1472235 
1378996 
1496479 
1376736 
1514316 
578565 
1481631 
1387933 
1428485 
1442512 
1434810 
1433790 
1434045 
1431231 
3737990 
1699294 
1418181 
1431307 
1693707 
1438943 
1440202 
1328363 
477281 
1426533 
1441155 
1458828 
1366561 
1495047 
1374896 
1488821 
2404381 
1543607 
1526520 
1454765 
1432967 
1434081 
1435230 
1308579 
1437604 
1432521 
1433259 
1435674 
1428863 
1428874 
1431231 
1461837 
580704 
1457403 
1366368 
1496317 
1376422 
1481361 
1397825 
1437226 
1435475 
1301471 
1446378 
1434100 
1433113 
1434870 
1446375 
1432302 
1436710 
1618345 
1566899 
1511939 
1450444 
1452414 
1315121 
1461699 
1448062 
1446089 
1450150 
1468163 
1617033 
1735324 
1438232 
1474515 
1468509 
1482081 
1472642 
1498520 
1475197 
1562696 
1487373 
1296131 
760010 
1445429 
1441248 
1443257 
1472319 
1374356 
1504486 
802493 
1499444 
3232058 
1520145 
1484467 
1387265 
1478663 
1392351 
1120246 
1436639 
1439375 
1435425 
1441085 
1730963 
1442702 
1438666 
1437252 
1018550 
1099421 
1410966 
1437747 
1440269 
1431978 
1430125 
1460643 
727125 
1486283 
3129770 
1534711 
1518393 
1439008 
1489764 
1387459 
916032 
1437304 
1432512 
1436000 
1430766 
1437445 
1436367 
1431493 
1441366 
1202216 
1308297 
1685537 
1421848 
1432534 
1461714 
1370701 
1485925 
1056992 
1497525 
5883760 
1619712 
1510683 
1519141 
455396 
1508083 
1389360 
1513849 
1408696 
1505713 
1554103 
1528295 
1403744 
1461936 
1521578 
1426467 
1525598 
1431283 
1477862 
1509806 
1516374 
1646661 
1414296 
1450634 
1445212 
1450306 
1448337 
1443659 
1438694 
1175879 
1448052 
1437938 
1436611 
1429951 
1433325 
1463187 
1369979 
1491489 
612919 
1479648 
1374357 
1480676 
1393165 
1488655 
1393318 
1484567 
523736 
1391081 
1392117 
1432499 
1434002 
1430147 
1719050 
1794068 
1078728 
1431201 
1436343 
1432667 
1441154 
1432355 
1454643 
1397396 
1495134 
1162055 
1497054 
1378495 
1485902 
1386805 
1431368 
1432036 
1436933 
945691 
3685669 
1471415 
1439109 
1432179 
1446609 
1431882 
1432142 
1211651 
737502 
1419093 
1433744 
4896236 
1889455 
1317926 
1295731 
1442859 
1458402 
1458428 
1455231 
1452735 
1454811 
1308806 
3354394 
1586450 
1560469 
1468878 
1469915 
1472962 
1276413 
1479304 
1482160 
1563385 
1478967 
1458316 
1452476 
1445585 
1623428 
772808 
1479046 
1694545 
1430004 
1450501 
1437130 
1440779 
1445330 
1250318 
1041891 
1420743 
1430665 
1458900 
1392677 
1459761 
1365253 
1496832 
1890053 
3317962 
1477808 
1437699 
1488908 
1387531 
1475090 
833182 
1435985 
1439378 
1431206 
1432525 
1430414 
1433168 
1429915 
1433657 
1177400 
1353866 
1422757 
1438483 
1446050 
1457952 
1372725 
1491312 
1302992 
1479327 
2605022 
1549307 
1526270 
1449793 
1488534 
1394108 
1004801 
1436602 
1434683 
1434666 
1430346 
1430519 
1438298 
1437723 
1432364 
4063365 
1473843 
1465088 
1459769 
1716018 
1441845 
