257084 
235256 
234924 
235044 
212442 
236660 
235064 
235024 
235108 
235116 
217583 
248417 
225969 
226068 
242752 
235132 
235048 
211577 
236092 
235272 
235160 
235068 
235036 
216792 
239164 
235124 
235212 
252724 
246528 
245772 
2263516 
245412 
245252 
245328 
245272 
228179 
250320 
245264 
246224 
246820 
235292 
235032 
229802 
245820 
245208 
245320 
245292 
245232 
228948 
247204 
245204 
245496 
245612 
245300 
234694 
238740 
235148 
235016 
235044 
235212 
231304 
245191 
235104 
235024 
235100 
248104 
245248 
218144 
247728 
245488 
245232 
245304 
245504 
150320 
64 
64 
122811 
246748 
264429 
240420 
235204 
235488 
249516 
245256 
245284 
217728 
246676 
245244 
245268 
245308 
245280 
527437 
248228 
245292 
256452 
256320 
256456 
232992 
259268 
256736 
256372 
256396 
256380 
236633 
259140 
256396 
264752 
245336 
245380 
224528 
248228 
245268 
245248 
245264 
245240 
225149 
249752 
245216 
245272 
248340 
249660 
230140 
64 
64 
64 
200265 
279826 
251756 
245220 
245276 
245260 
253792 
235112 
209523 
242860 
235076 
235076 
247484 
241048 
248484 
245188 
245324 
245300 
245304 
224919 
250024 
245356 
245204 
245292 
245240 
242928 
244107 
235060 
235092 
235092 
235100 
235124 
206701 
238056 
235084 
246528 
245284 
245256 
224098 
250800 
245264 
245372 
245320 
245288 
245232 
290220 
246008 
255056 
256356 
256316 
2127749 
287258 
274436 
269733 
266638 
310925 
261148 
256264 
264912 
245228 
245304 
222952 
250448 
261132 
256488 
256300 
256392 
234572 
261840 
256396 
256388 
256452 
256468 
245831 
261900 
260012 
245272 
245264 
261576 
235302 
261800 
256296 
256436 
256404 
256420 
233863 
261492 
256384 
256428 
256556 
259868 
191112 
64 
64 
26436 
245372 
245120 
273150 
245764 
245360 
245212 
245344 
244432 
206085 
254520 
245212 
245296 
245252 
245308 
224900 
249620 
245268 
245272 
245236 
245288 
230372 
260384 
235076 
235112 
235104 
235112 
253332 
217823 
247168 
245216 
245240 
245288 
245316 
225326 
288118 
246744 
245260 
245216 
260556 
239404 
264080 
256408 
256396 
256380 
256360 
91248 
64 
13742 
256488 
260788 
520708 
248656 
245292 
245248 
245280 
245288 
237742 
261244 
256356 
256400 
256464 
256392 
234708 
261408 
256392 
256488 
256412 
256412 
234374 
250032 
245384 
245296 
245284 
245236 
239028 
254629 
245232 
245272 
245200 
245292 
251636 
207020 
236184 
235308 
235116 
235140 
235008 
238448 
251216 
245268 
245340 
245308 
245272 
249008 
251488 
245260 
245240 
245260 
245248 
1911150 
296794 
277610 
271765 
268181 
317211 
256363 
256588 
256392 
256496 
256432 
283336 
259776 
256884 
245232 
245300 
245224 
219832 
249080 
245312 
245268 
262968 
256388 
235985 
260904 
256336 
256408 
256428 
256372 
235179 
260640 
256312 
256448 
258796 
245228 
222358 
249856 
245308 
245268 
245248 
245312 
238880 
64 
64 
64 
185025 
235272 
269965 
236736 
235064 
235072 
235140 
250492 
218142 
250180 
245348 
245260 
245308 
245356 
245284 
237224 
262260 
235252 
235204 
238585 
220616 
229431 
225684 
225633 
225696 
225729 
225831 
200456 
228111 
225699 
225741 
225705 
225624 
225693 
40445 
64 
64 
164978 
225894 
249225 
248674 
235032 
235120 
235008 
235840 
235164 
205340 
238184 
235068 
235120 
235124 
235100 
228984 
259396 
245264 
245264 
245340 
245316 
245368 
217910 
246592 
245228 
245236 
245308 
245304 
243854 
259304 
256392 
256428 
256476 
256636 
247597 
259252 
256380 
256432 
256388 
256392 
508896 
247332 
246056 
246928 
247148 
245568 
252035 
249192 
245256 
245356 
245344 
245360 
1990845 
268015 
256564 
250722 
246768 
310248 
249314 
245604 
245288 
245280 
245400 
235698 
251152 
245320 
245348 
245396 
245388 
253952 
207260 
235708 
235096 
235088 
235116 
235092 
234462 
249284 
245340 
245216 
245360 
245356 
223858 
251020 
245280 
245240 
245284 
245324 
254012 
221662 
245744 
245300 
245232 
245328 
245268 
72480 
64 
64 
45764 
245412 
274727 
250764 
235088 
235192 
235072 
235160 
234984 
205952 
235924 
235008 
235192 
235096 
244388 
227865 
249296 
245240 
245188 
245296 
245532 
228062 
247080 
245288 
245268 
245316 
245500 
227955 
238300 
235056 
235084 
235128 
235048 
229604 
251436 
245280 
245212 
245448 
245384 
245324 
218506 
246832 
245316 
245372 
245256 
245264 
113872 
64 
64 
130076 
245488 
278578 
250016 
245236 
245224 
245288 
245316 
238452 
254531 
259132 
256452 
256412 
256432 
276285 
263148 
256440 
256472 
256388 
256304 
234682 
262208 
260760 
245352 
245324 
245276 
222318 
251104 
311244 
245376 
245320 
245400 
227007 
251496 
251980 
235128 
235160 
235124 
235200 
207949 
237112 
235108 
235108 
235068 
244496 
226525 
250108 
245372 
245308 
245336 
245388 
245456 
1797925 
291662 
277235 
267799 
267953 
311926 
255762 
246214 
245536 
245116 
245336 
251518 
246592 
245268 
245288 
245264 
245256 
226724 
249884 
235124 
235088 
235092 
235100 
747462 
251224 
245252 
245272 
245252 
245312 
230141 
245856 
245236 
245232 
245296 
245240 
225789 
237008 
235080 
235116 
248696 
245264 
167612 
64 
64 
64 
144640 
282329 
249756 
245276 
245276 
245308 
265844 
222332 
311416 
344974 
316539 
297709 
285262 
359321 
272767 
267405 
265108 
254266 
280156 
250948 
245256 
245272 
245316 
245232 
245200 
219292 
246116 
245312 
245364 
253544 
235132 
216371 
237720 
235060 
235100 
235024 
253972 
199940 
64 
64 
253060 
245168 
205968 
132966 
245592 
245208 
252180 
249956 
241049 
247564 
245332 
245292 
245260 
245320 
225469 
249288 
245276 
245324 
245240 
245304 
236912 
250616 
245284 
245296 
245292 
245272 
245284 
218314 
246052 
245248 
245316 
245196 
245228 
247350 
258196 
256368 
256400 
256384 
256324 
237882 
258324 
256332 
256440 
256452 
256480 
236834 
247040 
245224 
245284 
245292 
245280 
123260 
253016 
245216 
245280 
256084 
1234853 
309882 
287929 
278842 
272542 
320040 
269173 
255239 
256612 
256284 
261160 
248771 
247292 
245316 
245280 
245264 
245284 
225016 
249156 
245236 
245268 
245292 
245304 
221121 
240572 
235116 
235044 
235100 
235112 
235052 
206543 
237772 
235136 
235104 
235136 
235088 
224502 
241104 
235040 
235100 
235152 
235128 
235112 
103432 
64 
64 
119942 
235184 
235044 
284612 
245604 
245388 
245272 
245276 
245300 
217224 
247404 
245184 
245296 
245276 
245264 
531378 
249280 
245264 
245284 
245292 
245292 
227680 
249992 
245276 
245308 
245276 
245276 
227896 
256476 
235064 
234984 
235032 
246432 
245312 
218405 
247372 
245188 
245232 
245300 
245288 
225591 
248916 
245292 
245240 
245188 
249864 
192444 
64 
64 
64 
128740 
245476 
283658 
245948 
245272 
245296 
245252 
245244 
216817 
248156 
249388 
235068 
235072 
253264 
225158 
249908 
245256 
245240 
245308 
245236 
237364 
251940 
245216 
245300 
245264 
252220 
235160 
219475 
246912 
245276 
245320 
245304 
245256 
226224 
285019 
255883 
250214 
296228 
247904 
225108 
225966 
225768 
225714 
225738 
224456 
226317 
225783 
241560 
235096 
235044 
217262 
239640 
235132 
235096 
235200 
235052 
235104 
208982 
236892 
235128 
248504 
235452 
235972 
220992 
240172 
235128 
235116 
235108 
235080 
235064 
209681 
236724 
235076 
235096 
254028 
245284 
227305 
249380 
245272 
245276 
245220 
245328 
223784 
64 
64 
29626 
235308 
235116 
261697 
235496 
235044 
235100 
235112 
251844 
217450 
249484 
246808 
247956 
245784 
245544 
224078 
251048 
245340 
245412 
245292 
256672 
247636 
263232 
256436 
256580 
256704 
256372 
233112 
262664 
256328 
256476 
256792 
269792 
245957 
274348 
268668 
268576 
268428 
268376 
245889 
272244 
268480 
268400 
268420 
268244 
60688 
64 
24072 
256464 
256256 
532065 
258676 
256416 
256504 
256484 
258320 
217179 
248160 
245524 
245380 
245460 
245744 
234469 
249756 
245264 
245236 
245244 
252784 
213163 
240872 
235064 
235068 
235952 
235540 
235480 
207455 
237896 
250760 
252500 
235672 
235280 
235028 
235152 
235040 
242926 
238812 
235144 
235252 
235140 
238701 
2032055 
261961 
248467 
241930 
237862 
234971 
281222 
226839 
225960 
225963 
236255 
235308 
219553 
240684 
235132 
235144 
235068 
235004 
234980 
208720 
237300 
235088 
235056 
245320 
245336 
226536 
250328 
245352 
245252 
245196 
245284 
240840 
255574 
245348 
245460 
245220 
249808 
251356 
218349 
246288 
245176 
245412 
245532 
245292 
95904 
64 
64 
128148 
245392 
272407 
240280 
235480 
234980 
235072 
235048 
235156 
216060 
252760 
245228 
245268 
245260 
245364 
228401 
247836 
245296 
313324 
245932 
245228 
231217 
247232 
252316 
245268 
245264 
245452 
227165 
248684 
245376 
245264 
245268 
245308 
224518 
250196 
256736 
256332 
256272 
256380 
235623 
262132 
256856 
256556 
178904 
193368 
263212 
256436 
255512 
245428 
245284 
245356 
1136553 
291797 
276946 
267640 
261509 
313555 
255159 
245844 
235368 
234996 
235100 
516196 
248752 
245228 
245268 
245204 
245208 
221716 
252864 
245396 
245440 
245272 
239653 
249392 
246296 
234952 
235024 
250260 
224336 
251340 
245280 
245204 
245296 
245244 
245260 
218212 
246724 
245436 
245332 
254908 
256388 
87472 
64 
64 
87461 
256440 
291214 
259004 
256312 
256280 
256488 
255980 
217729 
247972 
245288 
245200 
245412 
245360 
225353 
249788 
245296 
245332 
245220 
251148 
222824 
241232 
235128 
235080 
235028 
235128 
247188 
218887 
247924 
245428 
245244 
245356 
245236 
225012 
249616 
245148 
245284 
245240 
245204 
233281 
256764 
245364 
245276 
245336 
245184 
245328 
29564 
64 
64 
163929 
245296 
277963 
248076 
234980 
235112 
235024 
235228 
216164 
241208 
235148 
235048 
248948 
245180 
245280 
259633 
247408 
245284 
245164 
245304 
245160 
228787 
247888 
245324 
245352 
244656 
235104 
215265 
239856 
235100 
246104 
245340 
245216 
245276 
220076 
246112 
245256 
245372 
245172 
245232 
228250 
247560 
245320 
249896 
234984 
248392 
229380 
249604 
245208 
245164 
245512 
245192 
1814947 
300215 
279159 
269035 
262364 
306100 
250497 
239088 
235248 
235224 
235100 
234972 
230850 
251200 
245152 
245140 
245280 
245212 
226546 
249068 
245264 
245280 
245228 
245304 
224160 
250696 
246280 
252828 
245176 
245292 
245292 
218181 
245832 
245188 
245364 
245228 
245300 
228216 
247456 
252796 
234964 
235132 
235036 
164324 
64 
64 
103476 
235156 
235056 
533711 
247492 
245232 
245300 
245172 
245320 
218434 
249200 
245296 
245300 
245420 
245208 
240148 
252260 
245332 
245208 
245156 
245220 
245240 
219607 
245492 
245304 
245288 
245256 
245340 
228056 
250844 
235032 
235156 
235008 
235068 
235306 
249888 
245212 
245188 
245264 
245140 
245881 
251620 
245384 
245316 
245332 
245196 
251512 
21224 
64 
64 
45598 
250164 
274770 
249376 
245304 
245272 
245312 
245280 
219641 
251584 
245228 
245264 
245360 
245220 
245636 
207483 
236332 
235048 
235164 
234984 
244380 
231281 
249668 
245172 
245304 
245212 
245240 
223966 
251108 
245360 
245216 
245352 
245244 
251112 
3272345 
248744 
245244 
245308 
245264 
2300583 
272970 
264483 
259474 
255960 
305903 
237220 
235092 
235156 
235048 
235128 
217671 
239948 
235152 
235020 
235124 
235064 
234960 
210797 
227544 
225702 
225783 
226620 
225786 
227391 
225644 
225981 
225735 
225753 
225846 
236491 
218797 
239736 
235172 
235224 
235092 
234968 
235236 
209546 
236676 
235088 
234936 
235108 
244312 
167432 
64 
64 
75845 
245448 
268605 
251464 
245324 
245232 
245304 
245444 
250728 
208111 
237716 
236536 
236172 
235120 
235280 
272371 
250396 
245288 
245308 
245164 
245280 
223283 
250608 
245332 
245448 
245244 
245364 
245232 
220595 
235444 
235268 
235072 
235520 
235160 
218729 
249656 
245404 
245280 
245184 
245212 
471623 
250304 
245288 
245268 
245160 
245312 
245240 
20456 
64 
64 
54918 
235316 
265546 
250612 
245256 
245356 
245296 
245364 
226421 
251120 
245248 
245288 
245316 
245212 
245344 
219136 
249416 
235316 
235068 
235068 
251804 
227765 
248332 
245536 
245440 
245256 
245388 
225632 
250336 
245548 
245440 
245304 
254028 
216024 
250584 
245252 
245300 
245436 
245460 
227578 
249136 
245200 
245216 
245308 
245296 
254589 
258976 
235124 
234980 
235256 
235016 
2113829 
269697 
255735 
251297 
247223 
244717 
285398 
250544 
245172 
245200 
245208 
245264 
228313 
248352 
245296 
245332 
245512 
245720 
227648 
252932 
245188 
235032 
235056 
234980 
233289 
251116 
245972 
245756 
245244 
245260 
245292 
218965 
246260 
245304 
245348 
245516 
253460 
216816 
237616 
235080 
235040 
235164 
235172 
206672 
64 
64 
64 
195846 
245424 
282089 
246844 
245348 
245500 
245252 
245256 
216958 
248940 
245816 
253772 
235004 
235096 
213084 
240556 
235180 
235104 
244484 
245212 
245180 
223826 
247156 
245128 
245172 
245336 
245176 
226070 
248748 
245288 
245244 
251496 
235036 
212772 
240392 
251812 
245292 
245240 
245244 
245280 
226262 
246248 
245232 
245276 
245280 
245464 
79968 
64 
172317 
235324 
259193 
240756 
235148 
234984 
235008 
235128 
249880 
217401 
247724 
245260 
245332 
245244 
245216 
224977 
249572 
245268 
245188 
245204 
245148 
242184 
261836 
256380 
256424 
256392 
256336 
496090 
261992 
256148 
256360 
256272 
256296 
231993 
250868 
245160 
245404 
245324 
245288 
245168 
228755 
246188 
245284 
245292 
245208 
252704 
190912 
242512 
235152 
254156 
245320 
245336 
1965446 
275482 
266014 
260419 
256723 
306291 
244628 
245440 
249152 
235004 
235056 
287379 
238708 
235160 
246292 
245232 
245396 
222442 
250028 
245448 
245164 
245284 
245268 
237080 
252048 
245384 
245252 
262644 
256360 
256356 
229850 
256604 
256332 
256528 
256340 
256404 
267304 
256420 
256288 
258408 
245236 
245260 
7140 
64 
64 
97472 
245336 
279686 
247636 
245276 
253576 
235032 
235156 
208102 
239864 
235112 
235008 
235028 
234996 
235136 
209214 
242368 
235060 
242785 
225675 
225789 
208151 
246613 
235180 
235016 
235004 
235012 
235060 
208921 
236732 
235092 
234988 
235148 
234984 
215438 
255696 
245372 
245364 
245428 
245240 
245236 
218782 
245680 
245248 
245208 
245328 
245328 
72352 
64 
64 
194891 
256636 
291193 
258864 
256404 
256332 
256392 
256264 
230180 
258336 
245176 
264584 
256376 
256508 
237535 
258808 
256404 
256312 
256428 
256244 
237116 
258924 
256320 
256852 
245244 
245304 
225172 
248388 
245276 
245356 
245272 
245328 
232831 
250156 
245300 
250972 
235144 
235136 
244840 
251776 
245356 
245208 
245372 
245244 
245220 
171711 
252844 
245332 
245180 
245340 
2158114 
266226 
253127 
248360 
245068 
243113 
278851 
237368 
235020 
235008 
235160 
246644 
484571 
250144 
245244 
245376 
245204 
245204 
245448 
219384 
245752 
245272 
245292 
245268 
262352 
240761 
258008 
256480 
256332 
256304 
256428 
238157 
258040 
256312 
256468 
256252 
258584 
226724 
246704 
245300 
245260 
245360 
245296 
2563238 
244724 
235268 
235068 
238697 
216836 
227868 
225690 
225738 
225879 
225885 
225645 
203287 
226548 
225759 
225732 
225792 
225732 
206624 
231504 
225834 
242407 
234988 
235132 
235048 
207359 
238704 
235112 
235112 
235136 
235076 
234972 
210219 
235672 
239702 
225708 
225750 
237523 
149448 
242540 
235168 
235032 
235172 
235068 
219222 
239300 
235340 
235028 
235140 
235032 
252696 
220926 
252736 
245388 
245252 
245344 
245284 
276680 
246316 
245256 
245284 
245316 
262016 
235433 
258500 
257124 
257164 
256556 
256752 
241257 
257484 
256304 
256392 
256240 
259148 
227825 
246116 
245340 
245380 
245216 
245296 
227909 
247644 
245216 
245312 
245288 
253648 
219660 
239108 
235344 
235216 
250380 
245344 
1313853 
277887 
263914 
259002 
255735 
253644 
290895 
245492 
245348 
253524 
235088 
250404 
229241 
247204 
245296 
245240 
245316 
245340 
226777 
248828 
245372 
245280 
245280 
245128 
230778 
240104 
235188 
235028 
235268 
235092 
235112 
209958 
237148 
235176 
