26740 
24184 
24264 
15064 
24128 
24068 
24064 
24068 
24064 
24068 
24064 
24068 
24276 
24064 
32964 
23060 
23064 
23064 
23232 
23088 
23064 
23056 
23064 
23064 
23064 
23060 
23064 
23064 
23064 
23064 
23064 
23060 
23064 
23064 
23228 
23084 
23064 
23064 
23064 
23060 
23064 
23064 
23064 
23060 
23064 
23116 
23064 
23064 
23060 
23064 
23232 
23084 
23064 
23060 
23064 
23060 
23064 
23064 
23064 
23060 
23064 
23064 
23064 
23060 
23064 
23064 
23228 
23088 
2368 
25585 
23112 
23064 
23060 
23064 
23064 
23064 
23060 
23064 
23064 
23064 
23060 
23064 
23232 
23088 
23064 
23064 
23064 
23060 
23064 
23064 
23064 
23060 
23064 
23064 
23064 
23060 
23064 
23064 
23232 
23084 
23060 
23064 
23064 
23064 
23060 
23064 
23064 
23064 
23060 
23064 
23060 
23064 
23064 
23064 
23228 
23088 
23064 
23064 
23064 
23060 
23064 
23064 
23060 
23064 
23064 
23064 
23060 
23064 
23064 
23060 
23228 
23084 
23064 
21128 
6964 
23196 
23168 
23064 
23064 
23060 
23064 
23064 
23064 
23060 
23064 
23064 
32000 
22164 
22128 
22149 
22125 
22149 
22149 
22128 
22146 
22128 
22128 
22146 
22128 
22149 
22149 
22125 
22293 
22164 
22149 
22128 
22146 
22128 
22149 
22149 
22125 
22149 
22128 
22149 
22125 
22149 
22149 
22125 
22293 
22164 
22149 
22128 
22146 
22128 
22149 
22146 
22128 
22149 
22128 
22146 
22128 
22149 
22149 
22125 
22293 
22164 
22149 
22128 
22146 
22128 
22149 
14298 
8674 
22191 
22233 
22125 
22149 
22128 
22149 
22146 
22293 
22164 
22128 
22149 
22125 
22149 
22128 
22149 
22146 
22128 
22149 
22149 
22128 
22146 
31556 
23064 
23232 
23084 
23064 
23060 
23064 
23064 
23064 
23192 
23064 
23064 
23060 
23064 
23064 
23060 
23064 
23064 
23232 
23084 
23060 
23064 
23064 
23064 
23064 
23064 
23064 
23060 
23328 
23072 
23064 
23064 
23060 
23064 
23232 
23084 
23060 
23064 
23064 
23064 
23060 
23064 
23064 
23064 
6452 
64 
64 
64 
64 
64 
64 
64 
64 
24994 
23060 
23064 
23064 
23060 
23228 
23084 
23060 
23064 
23064 
23064 
23064 
23064 
23064 
23060 
23064 
23064 
23064 
23060 
23064 
23060 
23228 
23084 
23064 
23064 
23060 
23064 
23064 
23064 
23060 
23064 
23064 
23064 
23060 
23064 
23064 
23064 
23228 
23084 
23064 
23060 
23064 
23064 
8798 
23188 
23068 
23060 
23064 
23064 
23060 
23064 
23064 
23064 
23228 
23088 
23064 
23064 
23060 
23064 
23064 
23064 
23060 
23064 
23064 
23064 
23060 
32764 
24068 
24064 
24240 
24084 
24060 
24064 
24064 
24064 
24060 
24064 
24064 
24068 
24064 
24068 
24068 
24068 
24064 
24064 
24240 
24088 
24064 
24060 
24068 
24068 
24068 
24064 
24064 
24064 
24064 
24060 
24064 
24064 
24064 
24060 
24240 
24088 
24068 
24064 
24068 
24068 
21016 
9028 
24116 
24068 
24068 
24064 
24068 
24064 
24064 
24060 
24236 
24088 
24064 
24064 
24064 
24064 
24064 
24060 
24068 
24068 
24068 
24064 
24068 
24068 
24068 
24068 
24240 
24092 
24068 
24068 
24068 
24064 
24064 
24068 
24068 
24068 
24064 
24068 
24068 
24068 
24064 
24064 
24240 
24088 
24068 
24064 
24068 
24068 
24068 
24064 
24068 
24068 
24064 
24068 
24068 
24068 
24064 
24068 
24244 
24088 
24064 
24068 
24068 
21928 
15986 
24124 
24156 
24064 
24068 
24068 
24064 
24068 
24064 
24064 
24236 
24088 
24068 
24068 
24064 
24060 
24064 
24064 
24064 
24060 
24064 
24064 
24064 
32408 
23060 
23064 
23232 
23084 
23064 
23060 
23064 
23064 
23060 
23064 
23064 
23064 
23060 
23064 
23064 
23064 
23060 
23064 
23228 
23088 
23064 
23064 
23064 
23064 
23064 
23064 
23064 
23060 
23064 
23064 
23064 
23060 
23064 
23064 
23232 
23084 
23064 
23064 
23064 
24056 
4164 
23120 
23148 
23060 
23064 
23060 
23064 
23064 
23064 
23060 
23228 
23084 
23064 
23064 
23060 
23064 
23064 
23064 
24076 
24064 
24068 
24068 
24068 
24068 
24064 
24068 
24244 
24088 
24068 
24068 
24068 
24068 
24064 
24068 
24068 
24068 
24064 
24068 
24068 
24068 
24064 
24068 
24244 
24088 
24064 
24068 
24068 
24068 
24064 
24068 
24068 
24064 
24068 
24064 
24064 
24060 
24064 
24064 
24240 
24088 
24064 
24064 
24064 
13564 
17186 
24124 
24156 
24064 
24068 
24068 
24064 
24068 
24068 
24068 
24236 
24092 
24068 
24068 
24288 
24068 
24068 
24064 
24068 
24068 
24068 
24064 
24068 
24068 
24244 
24088 
24240 
24088 
24068 
24068 
24064 
24068 
24068 
24068 
24064 
24068 
24068 
24068 
24060 
24064 
24240 
24084 
24240 
24092 
24064 
24064 
24060 
24064 
24060 
24064 
24064 
24068 
24064 
24068 
24068 
24068 
24240 
24092 
24244 
24088 
8400 
24132 
24072 
24064 
24068 
24068 
24068 
24064 
24068 
24068 
24068 
24068 
24260 
24188 
24272 
24180 
24064 
24064 
33932 
25156 
25160 
25160 
25164 
25156 
25160 
25160 
25160 
25160 
25360 
25288 
25376 
25276 
25160 
25160 
25160 
25160 
25160 
25160 
25160 
25156 
25160 
25160 
25160 
25156 
25364 
25292 
25372 
25280 
25160 
25160 
25156 
25160 
25160 
25160 
25156 
25164 
25160 
25160 
25156 
25160 
23576 
13164 
25212 
25376 
25272 
25160 
25160 
25160 
25160 
25156 
25160 
25160 
25160 
25164 
25164 
25156 
25360 
25292 
25160 
25376 
25280 
25160 
25160 
25160 
25156 
25160 
25164 
25164 
25156 
25160 
25172 
25160 
25368 
25288 
25164 
25372 
25280 
25160 
25160 
25156 
25160 
25160 
25160 
25160 
25160 
25160 
25160 
25156 
25360 
25292 
25160 
25376 
25276 
25160 
25160 
25160 
25160 
25160 
25156 
25160 
26908 
64 
64 
64 
64 
64 
64 
25148 
25360 
33880 
24064 
24060 
24268 
24180 
24064 
24068 
24068 
24064 
24060 
24064 
24064 
24064 
24060 
24064 
24256 
24188 
24064 
24064 
24272 
24180 
24068 
24068 
24068 
24064 
24068 
24064 
24064 
24060 
24064 
24064 
24256 
24188 
24064 
24068 
24272 
24180 
24068 
24068 
24064 
24068 
24068 
20540 
26827 
24076 
24068 
24068 
24264 
24188 
24064 
24060 
24272 
24176 
24064 
24064 
24060 
24068 
24068 
24068 
24064 
24068 
24068 
24064 
24256 
24188 
24064 
24068 
24272 
24176 
24064 
24068 
24068 
24068 
24064 
24068 
24068 
24064 
24068 
24068 
24264 
24188 
24068 
24064 
24272 
24180 
24068 
24064 
24068 
24068 
24068 
24064 
24068 
24068 
24064 
24068 
24260 
24188 
24068 
24068 
24272 
24180 
24068 
24068 
24068 
24068 
23488 
7352 
24116 
24060 
24068 
24068 
24260 
24188 
24064 
24068 
24272 
24180 
24068 
24064 
24068 
24068 
24064 
24068 
24068 
24068 
24064 
32448 
23252 
23180 
23064 
23060 
23260 
23172 
23064 
23064 
23060 
23064 
23064 
23064 
23060 
23064 
23064 
23064 
23248 
23180 
23060 
23064 
23260 
23172 
23064 
23060 
23064 
23064 
23064 
23060 
23064 
23064 
23064 
23060 
23248 
23184 
23064 
23064 
23260 
23168 
23060 
23064 
23064 
23060 
32852 
1648 
26755 
24068 
24068 
24064 
24256 
24192 
24068 
24068 
24272 
24176 
24064 
24068 
24068 
24068 
24068 
24068 
24068 
24064 
24068 
24068 
24264 
24188 
24068 
24068 
24272 
24180 
24068 
24064 
24068 
24068 
24068 
24064 
24068 
24068 
24064 
24068 
24260 
24188 
24068 
24068 
24272 
24176 
24064 
24068 
24068 
24068 
24064 
24068 
24068 
24068 
24068 
24064 
24260 
24192 
24064 
24064 
24268 
24172 
24060 
24068 
24068 
24068 
6232 
24231 
