1616722 
1616682 
1616363 
1616350 
1616144 
1616095 
1616057 
1616016 
1615836 
1615835 
1615662 
1615547 
1615531 
1615378 
1615329 
1615183 
1615096 
1615051 
1615048 
1614912 
1614768 
1614714 
1614345 
1614343 
1614228 
1614225 
1614183 
1614122 
1614033 
1614004 
1613911 
1613842 
1613776 
1613566 
1613150 
1612911 
1612832 
1612026 
1611463 
1611198 
1610973 
1610956 
1610794 
1610488 
1610031 
1609886 
1609664 
1609456 
1609354 
1608885 
1608835 
1608625 
1608606 
1608578 
1608480 
1608428 
1608242 
1608206 
1608184 
1608164 
1607960 
1607919 
1607892 
1607713 
1607487 
1607252 
1607082 
1606944 
1606628 
1606607 
1606306 
1606057 
1605925 
1605902 
1605809 
1605568 
1605186 
1605125 
1605117 
1604737 
1604712 
1604614 
1604470 
1604394 
1604320 
1604292 
1603098 
1602295 
1602202 
1602077 
1601957 
1601661 
1601534 
1601234 
1600865 
1600848 
1600754 
1600715 
1600177 
1600071 
1600026 
1600005 
1599945 
1599713 
1599505 
1599406 
1599083 
1598808 
1598766 
1598404 
1598297 
1598035 
1597818 
1597541 
1597409 
1597280 
1597216 
1597135 
1596912 
1596837 
1596701 
1596613 
1596415 
1595901 
1595212 
1595186 
1594914 
1594727 
1594670 
1594155 
1594084 
1593902 
1593814 
1593721 
1593615 
1593612 
1593423 
1593237 
1593213 
1593099 
1592817 
1592743 
1592703 
1592499 
1592067 
1591808 
1591759 
1591401 
1591277 
1590790 
1590697 
1590650 
1590357 
1590249 
1589995 
1589687 
1589489 
1589066 
1588569 
1588489 
1588289 
1587980 
1585952 
1585610 
1585372 
1584972 
1584887 
1584609 
1584463 
1584352 
1583844 
1583278 
1583010 
1580939 
1580499 
1580427 
1579687 
1579168 
1578961 
1578935 
1577864 
1576888 
1575141 
1575040 
1574765 
1573957 
1573775 
1573245 
1572754 
1572023 
1571426 
1571412 
1570843 
1570462 
1570371 
1570049 
1569823 
1569805 
1569722 
1569590 
1569582 
1569578 
1569042 
1568852 
1568706 
1568640 
1568321 
1568299 
1568152 
1567788 
1567663 
1567407 
1567212 
1566929 
1566571 
1565653 
1565424 
1565384 
1564866 
1564834 
1564304 
1564081 
1563935 
1563089 
1563041 
1562789 
1562344 
1561956 
1561956 
1561557 
1561401 
1561218 
1561213 
1561189 
1561185 
1560869 
1560675 
1560524 
1560392 
1560278 
1560156 
1559844 
1559761 
1559310 
1559291 
1558980 
1558825 
1558698 
1558371 
1557876 
1557732 
1557688 
1557524 
1557514 
1557486 
1557320 
1557301 
1557247 
1557236 
1557035 
1556933 
1556928 
1556840 
1556723 
1556436 
1556355 
1556291 
1556268 
1556166 
1556080 
1555909 
1555786 
1555635 
1555588 
1555573 
1555490 
1555209 
1555179 
1555046 
1555043 
1554979 
1554958 
1554925 
1554903 
1554832 
1554782 
1554653 
1554555 
1554523 
1554421 
1554330 
1553933 
1553697 
1553624 
1553555 
1553138 
1553057 
1553030 
1553030 
1552978 
1552923 
1552910 
1552899 
1552857 
1552829 
1552676 
1552529 
1552408 
1552299 
1552047 
1552021 
1551947 
1551876 
1551875 
1551779 
1551767 
1551666 
1551587 
1551570 
1551490 
1551403 
1551379 
1551354 
1551321 
1551301 
1551050 
1550922 
1550896 
1550827 
1550817 
1550796 
1550769 
1550653 
1550634 
1550614 
1550606 
1550605 
1550593 
1550552 
1550393 
1550350 
1550252 
1550169 
1550140 
1550126 
1550084 
1549967 
1549958 
1549946 
1549944 
1549883 
1549872 
1549869 
1549795 
1549785 
1549775 
1549685 
1549619 
1549578 
1549556 
1549538 
1549511 
1549479 
1549439 
1549397 
1549363 
1549333 
1549319 
1549264 
1549227 
1549217 
1549202 
1549160 
1549103 
1549090 
1549086 
1548894 
1548880 
1548836 
1548821 
1548820 
1548816 
1548725 
1548719 
1548695 
1548621 
1548569 
1548561 
1548560 
1548479 
1548393 
1548388 
1548370 
1548318 
1548283 
1548263 
1548176 
1548168 
1548134 
1548035 
1548004 
1547974 
1547941 
1547789 
1547765 
1547738 
1547721 
1547714 
1547666 
1547616 
1547472 
1547286 
1547196 
1547113 
1546361 
1545972 
1545764 
1545737 
1545643 
1545372 
1545331 
1545259 
1545220 
1544498 
1544325 
1544194 
1544123 
1543860 
1543813 
1543381 
1543061 
1542546 
1542484 
1542209 
1541271 
1541240 
1541068 
1540635 
1540431 
1540404 
1539653 
1538947 
1538936 
1538904 
1538826 
1538702 
1538641 
1538359 
1538317 
1537991 
1537972 
1537765 
1537548 
1537435 
1537412 
1537164 
1537105 
1537080 
1536885 
1536746 
1536708 
1536512 
1536505 
1536499 
1536475 
1536398 
1536377 
1536207 
1535515 
1535220 
1535068 
1534899 
1534757 
1534350 
1534247 
1533575 
1533524 
1533442 
1533337 
1533239 
1532986 
1532975 
1531980 
1531570 
1531519 
1531245 
1531188 
1531114 
1530667 
1529297 
1529185 
1528907 
1528769 
1528428 
1527378 
1527255 
1527230 
1526841 
1526499 
1526439 
1525874 
1525743 
1525630 
1525476 
1525329 
1525155 
1524611 
1524127 
1523965 
1522086 
1522067 
1521504 
1521400 
1521101 
1519647 
1519498 
1519469 
1519120 
1518256 
1517987 
1517571 
1517433 
1517117 
1516784 
1516632 
1515610 
1515170 
1514857 
1514556 
1514474 
1514277 
1513998 
1513938 
1513917 
1513646 
1513528 
1513448 
1513403 
1512757 
1512666 
1512579 
1512546 
1512229 
1511941 
1511883 
1511881 
1511582 
1511446 
1510792 
1509928 
1509256 
1509202 
1509122 
1508522 
1508215 
1507165 
1506777 
1506564 
1505716 
1505667 
1505557 
1505217 
1505053 
1504422 
1504387 
1504035 
1503994 
1503993 
1503971 
1503914 
1503711 
1503061 
1502904 
1502882 
1502739 
1502710 
1502151 
1502057 
1501471 
1501064 
1501033 
1500072 
1499828 
1499523 
1499329 
1499049 
1498759 
1498076 
1498044 
1497994 
1497202 
1496817 
1496668 
1496613 
1496484 
1496094 
1495707 
1495249 
1495187 
1495127 
