10377743 
10103094 
14252483 
9719684 
10257178 
11001549 
9859539 
9321796 
11221001 
8850685 
9876679 
9746890 
11128653 
8708605 
13241065 
9993816 
11529833 
10383814 
8641533 
11398870 
8590134 
10195259 
9839517 
11554620 
8469007 
10910037 
10702214 
13414008 
9891952 
11544590 
10182926 
8783447 
11525924 
8695317 
10646521 
9230328 
9689360 
9793511 
9928338 
11147474 
12150194 
11392151 
9714276 
9488680 
11168538 
9031589 
9831014 
12058912 
8600463 
9746994 
10108089 
9596671 
14493082 
8850275 
10248618 
10193860 
9974039 
11470059 
8810870 
10044171 
9792456 
9755995 
11525784 
8543679 
11118872 
12127840 
11225158 
9773405 
10127980 
9378114 
11871651 
8825803 
10961725 
10190163 
8370905 
10819585 
9043993 
12920698 
11319220 
9221748 
10117013 
10238686 
9679497 
11224524 
8840781 
9788497 
11310652 
8576544 
9785695 
9878909 
13037430 
10028920 
11858388 
8960308 
10177337 
9881819 
10969151 
9120807 
9739758 
10085013 
9708957 
9777905 
9741376 
11590257 
11949851 
10079193 
11821435 
8688339 
9901813 
9771703 
11659067 
8521064 
9831001 
9935934 
9754377 
15369325 
14458117 
10691160 
10089423 
9829879 
9857595 
9119873 
11601908 
9912733 
9755524 
8357343 
11550992 
9865467 
9849143 
11843777 
10370849 
10184188 
10308666 
11639908 
8587907 
10295997 
9985351 
9744481 
11464521 
8651395 
9687627 
15103666 
8842238 
11228202 
10528261 
25929859 
10583691 
12355868 
10049561 
10207634 
8882376 
14065484 
11716032 
10358636 
10154843 
8914347 
9745030 
11742467 
8449871 
10084134 
9756841 
11448878 
10002810 
8333470 
13550353 
15450023 
13207328 
8691619 
10121588 
9809558 
11414902 
9779242 
10815673 
10156270 
9857575 
9744538 
11815803 
10097283 
12224537 
9969764 
8412842 
9896427 
9796735 
11913111 
9779850 
8394975 
11366479 
10158762 
9823210 
9804512 
11941273 
10156522 
12024759 
10096411 
9216204 
9004975 
11809582 
9916687 
9888499 
10005688 
9801891 
9774015 
11776613 
12184391 
9951512 
8712704 
11260452 
10086777 
9003115 
9737478 
9916801 
11246383 
9998340 
15013757 
13213517 
10080433 
10284066 
10184067 
9955123 
8653587 
11701797 
9950620 
9745514 
9705047 
8561836 
11575835 
9980228 
13051171 
9947038 
8880261 
12353927 
9972953 
10190194 
8794063 
9992624 
9727167 
9819653 
11730498 
9772619 
9945402 
12693179 
8883467 
12028438 
10379932 
9811141 
9822892 
9767877 
8765886 
11871136 
9582557 
8519173 
9766214 
11828500 
12924396 
9874699 
8917775 
12077546 
10018026 
9754437 
9960284 
10226745 
13596764 
11525690 
9842545 
9789159 
13452325 
9955043 
10061403 
9083944 
11823662 
9768552 
9936882 
10020923 
10152251 
9957936 
9649770 
9782192 
11617961 
12001196 
10168826 
10052934 
10013731 
11528034 
8537563 
9839408 
9750198 
8401104 
10754507 
9474672 
11422986 
13188920 
8612024 
10450433 
10009086 
11801189 
9834954 
10360745 
26219743 
20498528 
9825875 
13578112 
9379479 
12848872 
9974810 
10381122 
13835232 
9857876 
9908668 
9748883 
8691603 
11695839 
10070867 
12851251 
8798230 
12521712 
9939623 
9781543 
8353787 
10091591 
11598901 
9998788 
9747533 
9544860 
8534076 
32336352 
9043261 
12211900 
10100475 
9557125 
9498940 
9955957 
10002147 
12530390 
9824817 
11346905 
12903177 
10302838 
8974404 
9884109 
11696252 
9930980 
9907442 
8729189 
11542196 
9939303 
9925460 
8227561 
14847323 
10063473 
10316004 
9548996 
9089598 
11271020 
9461386 
11597286 
9824819 
9742932 
8550109 
11837628 
12717145 
10146598 
8803789 
13245663 
9656420 
9789922 
9568982 
8869268 
12093444 
9573083 
9559835 
9804822 
8532295 
15324360 
9816915 
10943082 
11735390 
10202324 
9529633 
9711044 
8733643 
12188762 
9642375 
9578434 
8654542 
11687624 
9746975 
13305927 
10220452 
8740842 
10261228 
9711609 
11993537 
9804206 
9858654 
9997139 
9741469 
8392469 
11786696 
13099854 
9802414 
8837282 
10136913 
11851933 
9782078 
13279606 
11594295 
9893773 
9839222 
9411037 
8726685 
15166275 
10328802 
10023226 
10061586 
8675789 
11604430 
10019528 
9817789 
9505083 
8380150 
10001058 
9751352 
9819057 
15238327 
9745750 
8882476 
11967431 
9827566 
9886740 
10257654 
9741701 
10698633 
9529915 
9765156 
32211025 
9591465 
10275938 
10695001 
13603265 
10296335 
9833289 
9783054 
8446564 
11768383 
9823107 
12612881 
10027661 
8925717 
12661406 
9928121 
9754090 
9802936 
10024319 
8597176 
12113059 
9402618 
8482661 
18700726 
10368942 
11136330 
9490540 
12117077 
9968401 
10080699 
8374036 
10000916 
10149520 
9805979 
9792726 
15046980 
9747729 
8925182 
12201678 
9787638 
9897736 
9991090 
9913535 
8514543 
11783401 
9630408 
9980113 
9347290 
13274289 
9133924 
12586084 
9522975 
9601435 
8746653 
12101016 
9654050 
9799190 
8369250 
9785403 
12081383 
9377780 
13078275 
10271593 
8905057 
10325733 
9831243 
9852808 
12286422 
8841817 
9627549 
9771603 
11941645 
9525949 
9840504 
13223537 
8814526 
12272670 
9787571 
9807932 
8363963 
10119874 
11543535 
9886461 
9754189 
9305564 
10931811 
13023964 
10037435 
10708725 
9432986 
9751291 
11971059 
9301075 
8661954 
11388827 
9930851 
9755154 
9764784 
8381905 
16077807 
9589842 
9776092 
10227477 
11140413 
9766539 
8523672 
11757053 
9723595 
9739192 
9406494 
10931584 
9428527 
12782398 
9305080 
12117901 
10246675 
9007135 
9199749 
11932841 
9481841 
9337384 
8884208 
12073148 
9524578 
9941037 
11835367 
10352023 
10168117 
9990082 
12275314 
9337189 
8753410 
11579199 
10174373 
9341659 
8691457 
11514439 
12798785 
10083957 
10310722 
10338351 
9869959 
9861900 
9022201 
12248992 
9566372 
9334938 
8580168 
11861579 
9509383 
13095416 
9745171 
9179883 
12700337 
9677001 
8538835 
11531093 
10089358 
10001671 
9675269 
9706929 
8589513 
15156334 
9673892 
9628924 
9379812 
12035272 
9543720 
9863037 
9399179 
9009156 
12320349 
9219450 
9782618 
8417036 
15907284 
9670735 
10146909 
9589003 
9229025 
12153644 
9293784 
9061442 
9798079 
9586451 
12256154 
9141896 
9746253 
8332227 
10428246 
10087849 
10202749 
8519982 
11702305 
9657788 
10011581 
9809645 
8453767 
13317574 
9153794 
9253197 
13218166 
9419879 
12528942 
9482811 
8447171 
10021238 
10037134 
12279587 
9164050 
9251278 
9406485 
9736976 
12047463 
12040002 
8984394 
12397571 
9703787 
10337804 
9865063 
9975033 
9841585 
10681578 
9218520 
9187570 
9217378 
12188925 
12263260 
8635395 
12156577 
10062422 
9862402 
9785706 
8584405 
12391043 
8997491 
8394387 
9791574 
12183534 
9265608 
13047464 
8727878 
12551752 
9833343 
9428712 
9471836 
11608730 
9805743 
9713886 
9761738 
10708511 
9220480 
9259083 
14531929 
9601076 
10455473 
10091021 
9810126 
10767484 
9369293 
8420131 
12204970 
9686253 
9760755 
9256498 
18973675 
10180822 
10255483 
10036556 
9928176 
11031431 
9754734 
9246422 
8538463 
12146475 
9298366 
9098743 
14232881 
10348246 
10084633 
11009664 
9244798 
9482087 
9952191 
11432562 
9107458 
9139941 
11458546 
9171765 
9766468 
13485737 
10341894 
9307776 
11660739 
25460691 
14468146 
9770479 
9762227 
12466554 
11484763 
12417183 
9808936 
10455311 
11325990 
9271585 
9231141 
11521653 
9462067 
9778566 
9035551 
11699629 
9141877 
9876938 
13994442 
9619311 
10090532 
8831835 
12233710 
9098177 
9456938 
10105317 
11433002 
14914327 
10285966 
10114881 
11568202 
11922396 
9545040 
10567033 
10071462 
9705759 
9360164 
11756875 
9389527 
9094742 
9773649 
11616035 
9114882 
12355299 
11850660 
9584500 
10223208 
9990600 
9749336 
11212880 
9022182 
10394941 
9513156 
9750311 
9031884 
11386245 
13353491 
9544536 
10271437 
10805486 
9860457 
10036793 
9299749 
10746533 
9321863 
9071175 
11578717 
9018902 
12969481 
10748297 
10134816 
10281347 
9834949 
10809277 
9689415 
9012184 
11601031 
9117055 
9765408 
9129558 
11435919 
12447610 
10056923 
10337933 
10238763 
11018339 
9077635 
9634953 
11603983 
9376827 
9740285 
8991290 
11868430 
9075388 
13172640 
12207923 
10710137 
9330448 
9823257 
11562673 
9389281 
9800289 
10593106 
9718354 
9279560 
9346990 
12992547 
12130670 
9235201 
10144554 
10000287 
9809320 
11193307 
9004196 
9047227 
11062247 
9713504 
9848454 
10714498 
12418074 
10746628 
9658037 
10402081 
10105257 
9760699 
10047829 
10964704 
8957115 
9970896 
9753841 
11040809 
8956018 
13034681 
10310488 
10087066 
11313760 
9016590 
10685854 
9378613 
9819138 
9155802 
11952032 
8946174 
9817274 
14069992 
9766469 
9894365 
10011622 
9820629 
11147507 
9122177 
9616449 
11667336 
10143651 
9206164 
10619478 
9072330 
13060050 
10882151 
9540367 
9920626 
9105514 
12238916 
9873772 
9208820 
9874669 
11975551 
9000199 
9193862 
11614521 
12713983 
10190549 
10283638 
9945172 
11325651 
8915728 
10125138 
9939225 
9780247 
11025135 
8847021 
10112689 
12854514 
11353774 
9234030 
10134326 
9956860 
9966284 
11008237 
9218840 
8908923 
11916910 
8841203 
9830514 
10658694 
12536255 
9219028 
10028829 
12139718 
9467036 
9681404 
9997234 
9757297 
11164793 
8939645 
9047553 
11373165 
9314103 
13104807 
10091981 
11373401 
9208945 
9066487 
11872083 
9317728 
9741025 
9117907 
11637252 
8501745 
11162005 
9493068 
12890231 
10095879 
10099130 
10520592 
11038972 
8849153 
10061093 
11018904 
8883454 
9818859 
9934725 
9765041 
11119995 
12075260 
12269016 
9273547 
11036427 
10013243 
9969265 
10007859 
11209180 
8779811 
9898657 
9887244 
9776340 
13365377 
9956578 
9486193 
12373631 
8953575 
8874099 
10174236 
12184433 
8755857 
10847825 
9031616 
8827321 
12009739 
12136619 
10224006 
11267715 
9322155 
10764781 
13781155 
10828582 
9325131 
9768367 
10971795 
8854584 
10109432 
