3422055 
3566648 
3696866 
3565193 
3661776 
6234486 
3324167 
2820994 
3510409 
3430021 
3411524 
3404311 
5312610 
3451081 
3997848 
3379610 
3629988 
3413020 
3364528 
3379815 
3397744 
3451860 
2148049 
3618249 
3411848 
5069393 
3100763 
3412749 
3434967 
2980941 
3367058 
3411188 
4676855 
3621612 
3483689 
3344587 
3402617 
3393978 
3355899 
3482953 
3428537 
3394069 
5099300 
3427024 
3399583 
3396818 
5352534 
3595355 
3451271 
3333483 
3411179 
3405920 
3386529 
2080189 
3410394 
3613270 
3414311 
3430082 
3431811 
3397570 
3686829 
3401012 
3397593 
3397496 
5421351 
3433248 
3371693 
3405659 
3626022 
3442801 
3327360 
3398584 
3366699 
3387453 
2180983 
5317782 
3416675 
8407183 
3650358 
3413068 
3636287 
3450266 
3306085 
3446199 
3400185 
3400276 
3132750 
2449727 
3436865 
3398443 
5026539 
3582847 
3441841 
3388391 
3401698 
3398018 
3398087 
3797234 
3399784 
3401483 
3396429 
2045343 
3409706 
3436111 
4998849 
3617557 
3679821 
3159583 
3408384 
3370851 
3406310 
1990001 
3406283 
3357866 
3400578 
8137908 
3629492 
3497010 
3417309 
3606304 
3494028 
3248828 
3417581 
3398041 
3370932 
2171266 
3419345 
3397307 
5068278 
3593520 
3424112 
3383760 
3648823 
3656277 
3416511 
3324540 
3350333 
3406180 
3391365 
2195472 
3343380 
3408956 
5046790 
3581283 
3420289 
3385782 
3403398 
3394860 
3369624 
1993708 
3403439 
6560913 
3549922 
3415138 
3394812 
3440018 
5076013 
3620846 
3633729 
3211513 
3401833 
3429555 
3258018 
2207169 
3402466 
3394260 
4868116 
3657628 
3476400 
3634629 
3416876 
3620152 
3449472 
3281532 
3398474 
3348954 
3351624 
2506183 
3351979 
3412272 
5069187 
3595598 
3436165 
3351927 
3665860 
3406715 
3357325 
6680247 
3447752 
3262938 
3417712 
3403471 
3403395 
3263610 
2430096 
3432391 
3398516 
5500576 
3420489 
3428865 
3149993 
3358209 
3412673 
3406250 
2239611 
3403661 
3398474 
3443045 
3530312 
3399782 
3636411 
3329493 
3412938 
3375705 
3412336 
5353907 
3463249 
3435786 
3275921 
3399015 
3402164 
3339453 
3420429 
3653243 
3397548 
6839734 
3622555 
3366321 
3406185 
3404764 
3409557 
3358512 
3359482 
3413047 
3398283 
3510293 
3675663 
3403679 
3311194 
3437367 
3356780 
3445893 
2285994 
3415926 
3357036 
3415028 
5359622 
3387925 
3427414 
3358207 
3399576 
3398542 
3428529 
3407406 
3406382 
5090915 
2856721 
3399668 
3384722 
8940159 
3652710 
3066441 
3534461 
3386063 
3471609 
4626425 
3418228 
3403126 
4716274 
3391836 
3450624 
3401233 
2580442 
3883329 
3440391 
5242192 
3446993 
3397993 
3379575 
3391164 
3405407 
3393968 
2011774 
4820394 
3625695 
3544965 
3655089 
3361699 
3411912 
3254790 
3398091 
3349454 
3326456 
2285826 
9672681 
6356977 
3400751 
3459835 
3404058 
3364723 
3409469 
2060294 
3406830 
3411346 
3377330 
5086509 
3605548 
3514673 
3319808 
3403497 
3394420 
3280684 
2444306 
3398909 
3416797 
5010059 
3623134 
3497198 
3247009 
3408231 
3398503 
3400247 
3460869 
3411783 
3627178 
3462047 
3332808 
3402112 
3409962 
3428272 
5369507 
3396189 
3408301 
5370061 
3465289 
3265155 
3666736 
3397075 
3357149 
3363628 
3401421 
3404829 
3459710 
3404598 
3400873 
3397234 
3650513 
3412971 
3397375 
3397072 
3825623 
3399767 
3396772 
3398788 
2034954 
3428515 
3398769 
5464566 
3361270 
3413575 
3223147 
3405117 
3349667 
3642697 
3383779 
3407657 
3366405 
6701606 
3418882 
3415850 
3061784 
2498711 
3446116 
3401045 
3324744 
3656975 
3401164 
3352059 
3284331 
3427815 
3397119 
5724100 
3406195 
3405341 
3148694 
3358637 
3408170 
3397008 
3699787 
3692703 
2603810 
3414364 
2908114 
3412441 
3426721 
4777375 
3414583 
3368224 
2380227 
3406153 
3399090 
3398610 
3580401 
3399513 
3398057 
3397341 
6569297 
3401146 
3399248 
5483508 
3540693 
26619032 
3155211 
3385561 
3437298 
3203940 
43061779 
3603952 
48604748 
3456610 
2299773 
3421650 
3408194 
55548288 
7064780 
3927636 
3742168 
3616457 
26076196 
3467628 
3363388 
3417273 
19410596 
3517973 
3437659 
3554211 
3428882 
3452529 
3460095 
3545310 
4460649 
10830798 
3434119 
5505292 
3533278 
3409762 
3308643 
3378395 
3452305 
3433108 
2274949 
26660402 
3498655 
3660200 
3257843 
3414845 
2313907 
16363409 
4050327 
2167943 
38555384 
3661448 
3466008 
3404493 
27962266 
3406744 
3415545 
25734987 
2139204 
3415238 
3775875 
3532074 
39048898 
3438368 
3442944 
3400610 
40147504 
3523223 
3410660 
3455480 
16685006 
3476746 
3405304 
20134225 
3609710 
3312695 
3440335 
3409539 
30898807 
3616457 
3909003 
46665367 
3418538 
18527274 
3390915 
9077023 
3424854 
25765747 
3063427 
2516210 
3423550 
3405623 
28253433 
3484304 
3430070 
3415759 
28750253 
2404940 
3464479 
40577008 
3427729 
3351204 
3411286 
26753675 
5572929 
3626758 
3168187 
3420912 
3462011 
3408728 
24241088 
3317649 
3716288 
3469909 
23403241 
3447158 
5349204 
3599063 
3703718 
3830663 
3433300 
3444573 
2295499 
3707059 
3449693 
3398474 
6643899 
3484852 
3469280 
12742437 
3212921 
3432636 
3408117 
2711408 
2680195 
3431916 
3395882 
5185500 
3603872 
3504416 
3200042 
3692279 
3887315 
3294870 
3082675 
3429714 
3451615 
3092578 
2807892 
3436537 
3398347 
5399487 
3689915 
3430662 
2908746 
3397797 
3559814 
16053992 
3465466 
3400652 
3432153 
2994102 
3417139 
3626014 
3408065 
3520655 
3398243 
3457753 
3404104 
5512177 
3593051 
3152129 
3449694 
3780484 
3412254 
3764082 
3661426 
3441840 
3302471 
3465823 
3381275 
3463967 
2034494 
9800442 
5493621 
3583866 
3428974 
3119203 
3622448 
3444375 
6434188 
3513534 
3400535 
2541879 
3421912 
3411990 
3407106 
5292507 
3616934 
3546670 
3080812 
3415491 
3400097 
3404062 
3540754 
11060326 
4061265 
3432416 
3435550 
2513120 
3489825 
3616594 
4946833 
3705939 
3553784 
3001890 
3403181 
3347237 
3412274 
3460743 
3381732 
3459355 
3421981 
2087751 
6575745 
3434989 
3424995 
3422954 
3421497 
3479832 
3422322 
3402884 
3404267 
5749618 
3437354 
3402171 
3296436 
3408105 
3403519 
2869211 
2393754 
3695161 
5157548 
3574890 
3412932 
3402713 
3415215 
3374819 
3411885 
3401006 
3510971 
3429569 
3398710 
3397463 
2094471 
3364252 
3413266 
5404618 
10889305 
3448616 
3405443 
3627837 
3048768 
3381932 
3444190 
3394460 
2503997 
3412740 
3399301 
5414311 
3616328 
3407823 
3022314 
3405834 
3723926 
3406254 
3495553 
3394138 
3426076 
3397847 
3914880 
3444370 
3401984 
5376925 
3599324 
3451013 
3084964 
3602656 
3453040 
3204915 
3119910 
3437796 
3433017 
5794379 
3438283 
3409638 
5160292 
3624837 
3502057 
3124003 
3403872 
3400967 
3464206 
3151858 
3410114 
3406145 
3400419 
4416868 
3583912 
3405877 
3035584 
3359378 
3671432 
3059898 
3419336 
3405540 
3398835 
4645454 
3579308 
3405784 
2908679 
3405941 
3379297 
3409733 
2016767 
3406511 
3652815 
3400473 
3354617 
3398151 
3396444 
9036353 
3424830 
3398117 
2891962 
3420743 
3403778 
2999105 
2834058 
3421190 
3411524 
5159443 
3608202 
2757147 
3919964 
3422739 
7782707 
3439463 
3177892 
3399598 
3404474 
3247993 
2592455 
3401782 
3483908 
5489907 
3595961 
3444107 
3483608 
3640247 
3399170 
6318955 
3403263 
3400176 
3402264 
3501529 
3409013 
3490451 
3447628 
2207122 
3685013 
3442352 
5516309 
3501734 
3435735 
2844688 
3801974 
3517507 
3400132 
3744018 
3398245 
3395672 
3475655 
2399445 
3470283 
3414141 
5693339 
3416235 
3440231 
2815228 
3353514 
3437860 
3400146 
3495551 
3427161 
3398187 
6766744 
3424479 
3350254 
2052578 
3406475 
3417503 
3352560 
5625564 
3540789 
3429616 
2976015 
3398904 
3398020 
2889549 
4452419 
3671753 
3491057 
3128573 
3396225 
3540180 
3474422 
3423018 
3397857 
3364300 
2563205 
3454742 
3629025 
3429195 
4653326 
3465046 
3349245 
2633300 
3407673 
3406475 
3350567 
4947013 
3666851 
3597363 
3939691 
3609649 
2888831 
3440256 
3400424 
3508148 
3315807 
3402013 
3405444 
3394311 
2038587 
3353637 
3408503 
3674464 
5652939 
3422121 
3394973 
3045406 
3370012 
3416987 
2885614 
2710690 
3397230 
3411038 
5332621 
3610004 
3743484 
2730191 
3408768 
3398108 
3362950 
1980856 
3406094 
3397858 
3360118 
8445567 
3655500 
3165875 
3405514 
3661538 
3449761 
3229222 
3405678 
3398484 
3342899 
2216151 
9140677 
3095200 
3366307 
3414582 
2978380 
2724611 
3649938 
3424651 
5189722 
3659127 
3497272 
2857074 
3411697 
3350320 
3410063 
3462812 
3433603 
3410168 
3588882 
3406057 
3353276 
3415346 
4319204 
3479138 
6419827 
3452204 
3400644 
3406517 
3026371 
3408905 
3686507 
3420930 
4744954 
3452308 
3457007 
2801895 
3400113 
3398017 
3178441 
3083132 
3431301 
3410023 
4749056 
3605960 
3850047 
3195126 
2943736 
3442213 
3399902 
2477852 
2984697 
3434176 
3405288 
5395367 
3605384 
3448188 
2984080 
3645162 
3429689 
3400023 
2750164 
3402806 
6201521 
3207006 
3407158 
3398037 
5722602 
3482680 
3399971 
2895654 
3418940 
3360720 
3402594 
3958170 
3611112 
3499878 
2813663 
3405178 
3397144 
3423291 
3740353 
3432764 
3398725 
3525025 
3416844 
3399842 
3403823 
4313883 
3456085 
3405272 
3399336 
2769539 
3409477 
3400823 
2863158 
2636547 
3671490 
3428171 
8657679 
3598989 
2828433 
3406485 
3357245 
3411416 
1973478 
3403318 
3383225 
3384706 
5176783 
3667054 
