5843257 
3675944 
4062578 
3494253 
3555567 
3890417 
4137466 
3616468 
3529119 
2296354 
3680482 
3935950 
5777436 
3654153 
3741004 
3190793 
3654064 
3683394 
3291860 
3658084 
3617289 
3730407 
2703509 
3911856 
3745243 
5860048 
3738335 
3809273 
3407988 
3804806 
3609420 
3216987 
3572379 
3661263 
3780816 
8159363 
3458057 
2931784 
3585313 
3682268 
3642470 
3739030 
3701807 
3576221 
2289202 
3552075 
3606320 
3865125 
5993771 
3707271 
3546432 
2957912 
3722553 
3659690 
2616276 
3592545 
3524406 
3618667 
5816695 
4260932 
3073893 
3692955 
3606617 
3678131 
3736682 
3724273 
3697516 
3895278 
3598217 
3411124 
3371342 
5555912 
3435169 
3397501 
5621403 
3400909 
3410021 
2915587 
3466784 
3630824 
2969170 
3078675 
3538757 
3528653 
5943599 
3922579 
3754176 
2971574 
3752548 
3743975 
2538302 
3363115 
3547335 
3739396 
5905888 
4032130 
3894227 
3123282 
3992974 
3592200 
5580008 
3872658 
3717686 
3136408 
6737134 
2999201 
2781387 
3913868 
3629861 
5442738 
3813787 
3799602 
3164592 
3645420 
3664559 
2873180 
3176259 
3728512 
3737018 
6029125 
3900328 
3699619 
3263371 
3733043 
3646528 
3422139 
3777747 
3768308 
4579186 
3799638 
3604569 
3267990 
4064756 
3684225 
3666826 
3402707 
3656761 
3715322 
7017189 
3532735 
3499823 
2557687 
3529544 
3826596 
5647027 
3786494 
3808719 
3067259 
3628984 
3668860 
3785340 
2451243 
3623472 
3664316 
5445761 
4094874 
4327397 
2962186 
3637788 
3733180 
4293180 
3898403 
3760587 
3089902 
3765673 
3794623 
3707145 
3766675 
3905526 
3852980 
3725776 
3621887 
3694786 
7063839 
3565709 
3495290 
2344600 
3723502 
3660908 
6232915 
3541545 
3660894 
3949567 
3690710 
3485927 
3334553 
3513889 
3797116 
3589499 
4658710 
3742753 
3960487 
2958323 
3684128 
3694974 
3049803 
5073993 
3863903 
3128201 
3862400 
3640424 
3668913 
3950659 
3759194 
4036195 
3602386 
3569975 
6802484 
3587309 
3656315 
3698481 
2424465 
3706386 
3660898 
3322308 
3970349 
3650184 
2917373 
3735543 
3818263 
3709518 
4412214 
4074874 
4041466 
3212119 
3697220 
3695713 
3543566 
3657230 
3715532 
2691011 
3841578 
3782285 
3173257 
3741573 
3876819 
3838419 
3159350 
3672884 
8218770 
3691230 
3707747 
3007538 
3637991 
3687765 
3612269 
3625164 
3759585 
3813071 
2463332 
3516177 
3788971 
3576156 
6089521 
3746405 
3650049 
3191058 
3976188 
3715461 
3219691 
3788280 
3782493 
4915550 
4112010 
3720460 
3086776 
3810916 
3758185 
3108623 
3793170 
3754819 
3680348 
2801581 
3719848 
9609246 
3712754 
3389455 
2888998 
3687204 
3668440 
3603165 
4123975 
3896257 
3795875 
3036973 
3725848 
3708673 
3952300 
3645344 
3524248 
3649259 
3725836 
3706401 
3809983 
5332988 
3706839 
3717400 
3007510 
3719375 
3893449 
3774751 
3668714 
3593358 
6684074 
3587319 
3758109 
6175895 
3837399 
3542251 
2957834 
6440458 
3608677 
3449751 
3543126 
3604592 
3848248 
3684367 
3496450 
3638335 
4680790 
3717191 
3664951 
3313826 
3685616 
3730484 
3196264 
3903916 
3557678 
5241456 
4018309 
3875467 
3200055 
3672489 
3675782 
4010031 
3700618 
3647734 
3865377 
3690764 
3653025 
3848291 
3943668 
6938221 
3242412 
3602223 
3889227 
3703892 
4837568 
3689628 
3691559 
2764424 
3556174 
3732024 
3983811 
3813265 
3776087 
3614153 
2151737 
3863605 
3777147 
6512123 
3662795 
3863493 
2885627 
3715160 
3674250 
3068373 
3683215 
3702244 
3715959 
5745020 
3753373 
3765469 
3095205 
3794408 
3786443 
7570909 
3640405 
3474844 
3295078 
3736471 
3994915 
2855780 
3705770 
3628647 
5215989 
3886709 
3761159 
3127565 
3747223 
3615083 
3614853 
3681201 
4060931 
4021279 
3721471 
3768778 
3779356 
4798538 
3756463 
3788807 
3041899 
3618964 
3696910 
4362061 
4324341 
3732158 
2986618 
3790599 
3627837 
3781246 
7602576 
3657948 
2963677 
3674764 
5583583 
4181105 
4047772 
3898154 
2959249 
3796122 
3590488 
2943737 
5265912 
3984664 
3665008 
2887199 
3743063 
4180606 
2874732 
3616790 
3857665 
5268784 
3899854 
3815300 
3107638 
3637823 
3682004 
3671708 
4403204 
3906181 
3960508 
2820401 
3529728 
3724375 
7295113 
3771400 
3214848 
3744322 
3698661 
3617141 
3612399 
3824229 
3662183 
3603712 
4762525 
3680027 
2815190 
3634931 
3778201 
3836872 
4597297 
3790372 
3585758 
3356077 
3718901 
3820607 
3120423 
3744926 
3675711 
3640413 
5459003 
3869757 
3829253 
3170286 
3654548 
3962138 
2834088 
3652817 
6306921 
3722115 
3610807 
2950660 
3705482 
3868062 
3698936 
4036956 
3754744 
3930820 
2789116 
3726839 
3677997 
3101574 
3687592 
3743675 
3791219 
5278829 
3661089 
3720602 
3130186 
4082246 
3632559 
2828584 
5036273 
3807261 
3063455 
3790408 
3798515 
3740417 
3744972 
3703909 
3737786 
7923192 
3676356 
2747768 
3528179 
3719474 
3861889 
4214108 
3710365 
3681579 
3198509 
3765071 
3536106 
3093245 
3687183 
3680479 
3841188 
5427347 
3827243 
3614253 
2805731 
3670937 
3746645 
4416856 
3924248 
4175554 
2883090 
3674436 
3726129 
3742426 
3713990 
3815528 
3714919 
4529035 
3855545 
3740003 
6650305 
3533592 
3386692 
3732690 
3583213 
3688775 
3703981 
3625417 
3633296 
4896030 
3773741 
3746965 
3072441 
3812853 
3528663 
3739697 
3988905 
3660060 
3716289 
3733240 
3743779 
3849408 
4854700 
3558733 
3645831 
3422993 
3589060 
3697305 
3546020 
2760374 
3681380 
3655443 
8793709 
3907462 
2821364 
3557005 
3794199 
3783236 
3656577 
3649099 
3701896 
4591514 
3900220 
3739425 
2902445 
3654668 
3709310 
3530031 
3698957 
4142092 
3752979 
3898586 
3619759 
3671894 
4948592 
3716547 
3748591 
3020428 
3775011 
3761405 
3256736 
3889911 
3686433 
3727752 
4968762 
7161776 
2644241 
3516758 
3609744 
3526062 
3706242 
3714400 
3901322 
3932996 
3655990 
3676464 
4795977 
3714775 
3694883 
2806675 
3886292 
3689569 
3692836 
4632971 
3818147 
4046197 
2803161 
3689038 
3746594 
4500391 
3945446 
3899060 
3040761 
3597783 
3720300 
3842649 
3799589 
4014386 
3713926 
3609288 
3831966 
7806645 
3412253 
3460654 
3722639 
3717913 
3565634 
3721590 
4614652 
3899961 
3906819 
2914438 
3606617 
3686140 
2821790 
5333963 
4071806 
3206720 
3650666 
3663805 
3939540 
2743569 
3803169 
3732805 
5386659 
3895876 
3765620 
2809104 
3702710 
3616852 
3847981 
3841926 
4036271 
3838534 
6832606 
3461313 
4645462 
3629185 
3688980 
3290926 
3442702 
3838372 
3616455 
2944240 
3827595 
3596793 
5302355 
4009115 
3805380 
2955494 
3568978 
3792960 
3349716 
3682580 
3650391 
3796626 
5195901 
4034937 
3834796 
2876114 
3710956 
3698232 
2781009 
5403647 
3990370 
3108170 
3792534 
3710615 
7478156 
3714236 
3800438 
2842025 
3838347 
3707156 
2742239 
5418921 
3937979 
2924672 
3720956 
3862663 
4018315 
3604713 
3586642 
3585868 
4955475 
4007698 
3730892 
2814236 
3710321 
3851283 
3915300 
3699575 
3977100 
3718578 
3655827 
3674076 
3766002 
3855605 
3688158 
3752169 
3790558 
8016175 
3557913 
3093085 
3715468 
3644011 
4241830 
3817473 
3670368 
2816447 
3825418 
3672332 
3701924 
3703418 
3630391 
4030896 
3742389 
3631868 
3906916 
3757117 
3798346 
3742647 
4176474 
3703777 
3683592 
3565429 
3857201 
4086128 
3802093 
3849932 
3719542 
3827887 
4974328 
3641523 
3783513 
6041633 
3413439 
3482036 
4465142 
4178428 
3745774 
2595354 
3709681 
3656898 
3720133 
4592120 
4029062 
2840229 
3697098 
3665994 
3631475 
4092473 
3919416 
3855877 
3749136 
3736849 
3691320 
3860829 
5096915 
3813180 
2896995 
3632401 
3721082 
4084287 
3547659 
3837643 
3723858 
8281320 
3654688 
2619260 
3696209 
3716547 
3654491 
4320784 
3926915 
4072461 
2889900 
3690318 
3649466 
4387863 
3886752 
3821374 
2810559 
3657668 
3863278 
4194235 
3519049 
3861288 
3849630 
3962924 
3857365 
3600559 
3659973 
3606426 
3604353 
3866989 
5155563 
3832589 
3369912 
3386188 
3767989 
3841677 
5758968 
3490062 
3650228 
5850601 
3756207 
2796229 
3705804 
3670483 
3964955 
3756987 
3713784 
3739626 
3838272 
3658391 
3716920 
3674853 
5331643 
3690305 
3244354 
3183111 
4069110 
3792404 
2800781 
3686924 
3723422 
5722779 
3936344 
3779099 
2856378 
3878977 
3666493 
3768376 
8089892 
3311354 
3600917 
3559067 
3712428 
2972646 
3775183 
3770673 
3849467 
4731911 
3682364 
3557290 
3240517 
3860200 
3620678 
2741674 
3883714 
3866292 
5602890 
3739304 
3650440 
2874158 
3758738 
3684868 
3939672 
3633739 
3865872 
3679589 
4615499 
3833051 
3778497 
2802140 
7213766 
3173955 
3516494 
3883119 
3703754 
4935224 
3940039 
3736299 
2649857 
3736500 
3788756 
3766456 
4555005 
3885615 
3747267 
2959946 
4311184 
3823078 
2814114 
3581736 
3645738 
5409427 
3967781 
3845328 
2959450 
3667359 
3715181 
3751482 
3910373 
3723041 
3878922 
3597578 
3699837 
3696382 
6940836 
3482524 
3626108 
5158546 
3782959 
3807373 
2398553 
3769454 
3772541 
4708429 
3743141 
3726184 
2639656 
3813052 
3782374 
3572951 
3880018 
4344466 
3694466 
3754234 
3711830 
3681446 
4955365 
3930047 
3776323 
2682501 
3886355 
3766859 
2917395 
3897817 
3789876 
3755997 
5559100 
3867743 
6330181 
3977136 
3662426 
2678678 
3696448 
3729749 
3717882 
3932567 
3752069 
3824259 
3676025 
3740596 
3847250 
3672820 
3712503 
3813907 
3702613 
5326709 
3690810 
3456839 
3864095 
3691371 
3776283 
5628353 
4346834 
3725265 
3255912 
3603685 
3751671 
2789063 
3479553 
3895374 
3843998 
5939566 
3918218 
3325230 
4091678 
3875522 
3704276 
3747060 
3840322 
3827400 
3822788 
3791837 
3641465 
2599682 
3783879 
3855998 
9550524 
3641687 
3482906 
2883029 
3640937 
3677810 
3822513 
3688085 
3713934 
3303026 
4038251 
4059551 
5753629 
3901048 
3677957 
3153506 
3811478 
3853756 
3636754 
3733266 
3650813 
3795430 
2977993 
4075554 
3803350 
5951131 
3747338 
3644931 
3187100 
3927324 
3750085 
3860630 
2437884 
3705455 
3710777 
3608691 
3460892 
5907770 
3659120 
3639853 
3128635 
3426904 
3592060 
2448088 
3718126 
3985723 
6297824 
3861782 
3700939 
3139372 
3852422 
3856138 
2454258 
3625993 
3711844 
3864574 
5935640 
4306155 
3007983 
3755888 
3803388 
3902321 
3807910 
3690122 
3664609 
2529679 
3806572 
3552616 
5773839 
3883468 
3705575 
3252592 
3810897 
3871455 
3243133 
3726569 
3829741 
4852473 
3917154 
3770528 
3634387 
3824672 
3720193 
3565730 
3818241 
3902862 
3363647 
3829990 
3685374 
3872068 
3278596 
3855067 
3951448 
5935604 
3781463 
3840809 
3118080 
3852380 
3818778 
7198442 
3611633 
3600808 
2267529 
3805530 
4105708 
6077360 
3703158 
3732507 
3137245 
3870906 
3699371 
3871768 
2324345 
3893366 
3315030 
4662519 
3829999 
3402595 
3556904 
3850797 
3751344 
3047140 
3707491 
3860393 
5257136 
4072287 
3728309 
3584675 
3859646 
3725387 
3554741 
3667027 
3541252 
2267923 
3837858 
3997583 
3875255 
5783070 
3906816 
3421989 
3824964 
3799193 
3952371 
3751913 
3870636 
3113841 
3696873 
3654286 
3746576 
3107774 
4101960 
3812227 
6179365 
3695204 
3802356 
3074481 
3856333 
3691233 
3771982 
2422865 
3713843 
3344986 
3939944 
4021337 
3685227 
6356365 
3515904 
4056082 
4052903 
3957430 
3290760 
3751368 
3683823 
3875315 
3983539 
3704542 
3861720 
3646744 
3732680 
3891284 
4042358 
4028417 
3711092 
3282490 
3042150 
3857124 
2676578 
3758179 
3739690 
3309360 
3744940 
3881421 
3785815 
3276018 
3693765 
3840444 
5208359 
3937557 
6472673 
3573220 
3750375 
3209253 
5056689 
3970333 
3776276 
3225079 
3816421 
3781535 
3339034 
4036218 
3762585 
4868069 
4050122 
3856792 
3348609 
3771934 
3641213 
3895591 
2482869 
3693727 
3482188 
4292068 
3938143 
4032272 
3130653 
3681680 
3645374 
3277698 
3722448 
3798589 
8378902 
3631968 
3540434 
3194557 
3795016 
3862762 
3107685 
3867085 
3668662 
4936935 
3959553 
3790648 
3378487 
4017634 
3990305 
3519524 
4118581 
3887788 
3184272 
3826092 
3755225 
3700550 
5325900 
3831718 
3817104 
3231303 
3933028 
3863316 
4293838 
4065497 
3891424 
3128043 
7107378 
3397806 
3631551 
3780954 
3801980 
4892398 
3823899 
3740091 
3008715 
3829046 
3826285 
4479935 
4180694 
3845481 
3053907 
3679235 
3721680 
4091346 
4070661 
3768061 
3723060 
4654664 
3896873 
3692255 
3217424 
3897712 
3871711 
2564953 
3609114 
4033874 
3901801 
5828428 
4112229 
6301707 
3505187 
3588969 
3788639 
3902236 
3849787 
3279536 
3067044 
3715596 
6113433 
3962278 
3681799 
3421924 
3410201 
3714700 
3812049 
3191940 
3829345 
3908723 
5182292 
4069020 
3857599 
3110561 
3714456 
3662898 
3258194 
5409728 
3986894 
2956304 
3571010 
3738166 
4260968 
3771282 
3755600 
3653384 
6858903 
3524192 
3725654 
5084334 
3833853 
4270763 
3732460 
4105465 
3025776 
5188158 
3988684 
3610214 
3152591 
3808725 
3833633 
3222128 
3826244 
3647392 
5197808 
4371172 
3734169 
2844405 
3759758 
3777284 
3933578 
3749576 
3680558 
3571601 
3649179 
3701769 
3652056 
5452842 
7048017 
3622652 
3586769 
3734595 
3059374 
3833262 
3728132 
3854984 
4723103 
3883191 
3724009 
3395397 
3841396 
3802175 
3091408 
3820436 
3989708 
5151872 
3913569 
3821430 
3488807 
3870531 
3961573 
4086256 
4057697 
4133085 
3194451 
3720992 
3822332 
3923630 
3698463 
3700270 
3826107 
7216097 
3633489 
3682086 
3876250 
3733034 
3690535 
4928614 
3838772 
3477594 
3418858 
3736960 
3827219 
3517082 
3819115 
3791740 
5772900 
3782443 
3808780 
3110736 
3797699 
3843225 
4436231 
3952661 
3810286 
3225247 
4066268 
3834977 
3116990 
3669239 
3678039 
3861937 
5247621 
7554369 
4318890 
3522319 
3874880 
2967119 
3857941 
3733749 
5331713 
3976938 
3746721 
3143475 
3805650 
3697730 
3314706 
3844057 
4088126 
3869761 
5226383 
3930053 
3823440 
3101919 
3691413 
3724700 
3166146 
3755633 
3711297 
5272723 
4001693 
3973592 
3081331 
3734218 
3860074 
3884894 
3872627 
7101027 
4375818 
3769244 
3689453 
3092699 
3706332 
3696990 
3119386 
3655004 
3877355 
4058496 
5373242 
3901341 
3852441 
3141692 
3858460 
4028138 
3360607 
3711230 
3701476 
5070756 
4075212 
3969047 
3103067 
3948031 
3898514 
3901077 
4033144 
3846073 
3740848 
3811952 
3776895 
3638997 
6809758 
3605407 
3806989 
4965213 
3866327 
3102270 
3910458 
3814175 
3819399 
3008740 
3736716 
3706698 
5682385 
3703393 
3796312 
3015209 
4018292 
3712883 
4035114 
3866428 
3716771 
3983719 
5084420 
3780853 
2948014 
3679214 
3656154 
3731694 
4432312 
4075357 
4159179 
2987139 
6984880 
2699252 
5182516 
3824586 
3120130 
3837066 
3747627 
3672464 
3747604 
4092271 
3907211 
3643958 
3828050 
3840280 
5058228 
4011905 
3574665 
3028130 
3672578 
3889439 
3559304 
4063054 
3858705 
3784931 
4719274 
3993958 
3867481 
3008310 
3765927 
3675635 
4376639 
4056659 
3983759 
6348423 
3621183 
3560328 
3806967 
3832575 
3814047 
4581086 
3941058 
3732806 
2924882 
3707220 
3961768 
3645684 
3814182 
3633402 
3712629 
3790674 
4030661 
4139553 
4955672 
3744526 
3815798 
3173899 
3866575 
3689763 
4262326 
4061379 
3797865 
2874418 
3805928 
3795271 
4109927 
3933525 
3646583 
3657092 
8046965 
3655497 
3774198 
3835184 
3876388 
3095595 
3681373 
3641787 
3727786 
2988664 
3816958 
4070318 
5577884 
3984547 
3810871 
2829362 
4113805 
3685926 
3681558 
4556329 
4039895 
3047696 
3615142 
4155835 
3806961 
2733722 
3731715 
3756738 
5590961 
4017484 
3889889 
2916897 
3735716 
3794104 
4227704 
3646819 
3584516 
2805877 
3738263 
3652701 
2869247 
3707462 
3755844 
5250723 
4092232 
3887632 
2912276 
3883027 
3807641 
4082944 
3916154 
3621789 
3564973 
4490959 
4045993 
3884668 
3038122 
3813552 
3880779 
2991369 
3716708 
3775001 
3805845 
6314033 
3656086 
6221249 
3620311 
3454264 
4261703 
4138474 
4323590 
2924944 
3656152 
3498235 
7829432 
3654545 
3744079 
2957292 
3717861 
3867947 
4463716 
4683804 
3845384 
3002436 
3834682 
3775899 
3006884 
5821613 
4054230 
2971526 
3660120 
3857803 
3946807 
3939896 
3810197 
3784086 
3582300 
3685270 
8118768 
3734442 
3752985 
2992563 
3637848 
3519764 
3953386 
3761176 
3889265 
3709736 
4907968 
3882265 
3703522 
2763657 
3815379 
3816925 
3885281 
4944406 
4062504 
2716350 
3726506 
3819534 
3864245 
3906299 
3853684 
3759608 
4793340 
3907271 
3851964 
2964395 
4099012 
3666090 
3722875 
6850943 
3580913 
4789382 
3964070 
3760708 
3061388 
3651792 
3720917 
4581587 
4124719 
4119666 
3020799 
3698494 
3728687 
3100663 
5679293 
3926696 
2979751 
2784577 
3714637 
4091404 
5285886 
4020246 
3590301 
3916399 
3828018 
3987633 
3317509 
3602107 
3768279 
4675035 
3874302 
6794343 
2931731 
3717195 
3727670 
2958638 
3881362 
3780989 
5375676 
4054731 
4004431 
3085504 
4122794 
3795412 
2737423 
5285986 
4101331 
3459562 
3828912 
3700625 
3868571 
3858614 
3809933 
3808239 
4731285 
4070246 
3929817 
2765327 
3631591 
3713900 
4405462 
4130954 
3975624 
6267367 
3514058 
3861049 
3632784 
3799560 
3864563 
3938087 
3891158 
3677933 
4986821 
3799828 
3712489 
2825629 
3866784 
4293110 
3911209 
4175010 
3661004 
3749701 
3846827 
3759949 
3835262 
4068347 
3642089 
3688729 
4923114 
4232094 
3930625 
2582195 
3760146 
3783636 
3922624 
8419881 
2999577 
3556369 
3665156 
3815371 
3845460 
3654912 
9190714 
3785993 
3754309 
2921501 
3852906 
4007834 
4047174 
3742571 
3722858 
4111831 
3890037 
3864745 
3658751 
5009211 
3922348 
3831337 
2914525 
3820457 
3778896 
4564734 
3976662 
4179140 
2952986 
3892730 
3683111 
6959594 
3596434 
3710010 
4666423 
3936199 
3862532 
3054978 
4096816 
3687742 
4229492 
4003800 
4026447 
2956685 
3832955 
3695801 
3847291 
3826073 
3781821 
4071845 
4942700 
4000018 
3784428 
2835060 
3716287 
3686061 
4471696 
4004308 
4028043 
3002038 
3813476 
3833367 
3786408 
3722229 
3747750 
7153063 
3642398 
3509460 
4975330 
4053435 
3824934 
2897138 
3782776 
4094777 
3599953 
3790148 
3805086 
3990544 
3707452 
3700679 
3636691 
5239205 
3804912 
3938590 
3117401 
4028315 
3818946 
4336970 
4098089 
3984689 
2895600 
3685728 
3787780 
4048895 
3917133 
3775369 
3704185 
8037986 
3711313 
2667120 
3725994 
3864821 
4139807 
3785151 
3720355 
3217563 
3894413 
3830143 
4014123 
5213374 
3834191 
3779395 
2871772 
3729753 
3745653 
4911756 
3970638 
3845020 
2942593 
3908862 
4083983 
3681174 
3856453 
3713295 
3526397 
3855849 
3632182 
3784177 
5252670 
3922327 
3802863 
6321928 
3435810 
3571877 
3811069 
3764137 
3694782 
4770944 
3872642 
3891490 
2932273 
3653486 
3725300 
4699575 
4074975 
3929367 
2824258 
3864486 
4039671 
