1407668 
1441494 
1491960 
1410550 
1438548 
1451039 
1432860 
1256872 
1435682 
1555699 
1429433 
1436666 
1436292 
1472430 
1369734 
1494520 
514052 
1519425 
1388634 
1523900 
1392697 
1518086 
338197 
1514164 
1396490 
1757973 
1514331 
1539031 
1413041 
1512004 
2284280 
1593563 
1564870 
1527130 
1515704 
1434677 
1520760 
847932 
1575284 
1532791 
1413914 
1445082 
1454647 
1446726 
1461458 
1456635 
947267 
1446536 
1461206 
1460063 
1449570 
1436383 
1438761 
1433455 
1547793 
1744191 
1414493 
1711938 
1431896 
1440789 
1443246 
1496879 
1452690 
1442378 
1438099 
1436049 
1434689 
1436930 
1431191 
1436879 
1430100 
1461501 
3562119 
1375534 
1486636 
1379397 
1492006 
1388233 
1483167 
559184 
1226709 
1395189 
1438602 
1436712 
1440631 
1711336 
1492267 
2339247 
1622457 
1594182 
1569483 
1484421 
1482453 
1489158 
1460730 
1340498 
1503111 
1481942 
1487351 
4905590 
1539674 
1071282 
1517364 
1504698 
1536823 
1500839 
1500598 
1489327 
1525582 
1102836 
1521515 
1506097 
1527820 
1504826 
640389 
1030402 
1459406 
1475355 
826319 
1575124 
1551845 
1578998 
1434251 
1457040 
1447137 
926504 
1452874 
1442963 
1448382 
1453258 
1444315 
1454445 
1462038 
1448926 
1339529 
918972 
1423770 
1457727 
1398759 
1490826 
1376726 
1489571 
1185787 
1499158 
2738198 
1820219 
1510307 
1499735 
1387124 
1488662 
546762 
1485111 
1395747 
1482308 
1406052 
1439163 
1430816 
1446283 
1441245 
1138682 
1384392 
1422649 
1443542 
1436063 
1443847 
1472127 
1370107 
1517545 
1134157 
1500356 
1382528 
1491604 
1390946 
1438278 
1439715 
1440238 
1739166 
3122481 
1543355 
1501084 
1439228 
1440824 
1442529 
1179285 
1493943 
1462912 
1459713 
1453480 
1467850 
1459663 
1144538 
845788 
1423620 
1577040 
1492040 
1458856 
1479366 
1455964 
2707254 
1558511 
1526935 
1459459 
1491102 
1440917 
1550841 
1808313 
59094 
1488873 
1380926 
1496795 
1394203 
1497539 
1395648 
1495452 
1400563 
1827621 
1409022 
1561800 
1474007 
1540494 
1394178 
1490474 
1505453 
599616 
1534646 
1493949 
1484851 
1380337 
1475692 
1392445 
927107 
1435784 
1439118 
1436131 
1436398 
1724983 
1419962 
1446569 
1432543 
1353971 
722875 
1430871 
1462035 
1388106 
1493285 
1379573 
1490737 
1017631 
1482253 
2992779 
1549501 
1528995 
1463058 
1440149 
1441368 
1023070 
1436821 
1442282 
1452229 
1442039 
1433153 
1436767 
1439897 
1433374 
1458852 
683723 
1465530 
1689416 
4632756 
1414884 
1511769 
557011 
1510810 
1403531 
1491141 
1400021 
1456395 
1499865 
1549690 
3886217 
1462686 
1464100 
1452291 
1464740 
1453593 
1481357 
994101 
1486168 
1486431 
1531725 
1494162 
1471093 
1446489 
1463704 
1447286 
1043126 
1300938 
1422188 
1434757 
1441113 
1455713 
1453705 
1459166 
1458984 
1507847 
1435716 
1432734 
1439058 
1442193 
1445402 
1435368 
1441454 
3726347 
1527234 
1450155 
1436411 
1433438 
1436148 
1446168 
1462005 
212598 
1503610 
1372917 
1489605 
1383620 
1489802 
1692543 
600224 
1133124 
1567438 
1541929 
1513842 
1445360 
1439020 
1498557 
1027704 
1441864 
1437923 
1440168 
1436650 
1441715 
1431068 
1438415 
1463499 
562804 
1485099 
1377887 
1486213 
1411823 
1486727 
1386502 
1438440 
1434328 
4877304 
1476407 
1851106 
1543636 
1642736 
1534435 
1414117 
1508390 
1395923 
1648127 
1457893 
1526887 
1410043 
1509468 
1556952 
1411436 
1514995 
1414822 
1515727 
1445687 
1490367 
1592074 
686587 
1469796 
1443917 
1446583 
1451538 
1440935 
1465144 
1451874 
1443438 
3874444 
1721299 
1475020 
1432256 
1436755 
1440457 
1415592 
1442185 
1460826 
1370978 
1493751 
1681665 
1384132 
1493327 
1379838 
1491112 
407089 
1360417 
1386599 
1476575 
1389069 
1432105 
1436494 
1012402 
1207290 
1440295 
1432899 
1435507 
1436656 
1432048 
1438197 
1434179 
1710652 
3443930 
1535185 
1486169 
1462086 
1479218 
1501808 
1369378 
1506244 
312425 
1272394 
1390881 
1480340 
1389523 
1435310 
1434278 
902706 
1288613 
1438460 
1437461 
1437053 
1439791 
4705650 
1485022 
2518293 
1442442 
1461678 
1461689 
1455716 
1727158 
1455116 
1350531 
1618278 
1466208 
1467578 
1464714 
1459713 
1477558 
1454314 
1610756 
1491188 
1482433 
1480791 
1485975 
1563168 
1496982 
1448393 
1444264 
2932102 
1556540 
1580029 
1473598 
1435778 
1478340 
1387534 
1505751 
230545 
1498690 
1381706 
1491243 
1700556 
1391738 
1489056 
1826156 
1230132 
1488994 
1388690 
1495690 
1398653 
1430727 
1440826 
1442978 
1484502 
2756139 
1562960 
1534181 
1488234 
1439950 
1440006 
1388895 
1444111 
1436124 
1434252 
1463325 
1399369 
1493196 
1374695 
1494572 
562201 
1488662 
1384607 
1732160 
1429700 
1444117 
1439492 
1439383 
1435316 
999251 
1448916 
1417972 
1431363 
1440032 
1437202 
1439520 
1464456 
5931904 
1579318 
1545728 
1490599 
1470064 
1485696 
182842 
1482558 
1380800 
1633762 
1420079 
1515165 
1411989 
1532667 
1407021 
1544976 
1417782 
1519003 
1418563 
1481721 
1486972 
1594671 
1475170 
598776 
1555551 
1538163 
1472829 
1438864 
1453624 
1461495 
883153 
1456989 
1450096 
1446179 
1441437 
1441669 
1436234 
1441424 
1438955 
1354505 
880048 
1429594 
1463514 
1657913 
1437233 
1474719 
1779838 
591259 
1518138 
7988846 
1593757 
1506231 
1510380 
215204 
1424061 
1385222 
1494461 
1382450 
1433085 
1433453 
2154288 
1417392 
1561311 
1402951 
1494071 
1383888 
1490429 
1388158 
1432088 
1566017 
1413080 
1432502 
1436824 
1722728 
1405049 
1442582 
1452377 
1487186 
1427926 
1440816 
1459765 
3739181 
1478396 
1460268 
756729 
1449996 
1451503 
1451448 
1574744 
1463936 
1458016 
1573462 
1471909 
3850911 
1434817 
1458096 
1473235 
1458736 
1466533 
1344044 
1484408 
1493171 
1752061 
1593560 
1472504 
1471277 
1453922 
1435357 
1452321 
1443719 
1473264 
1393741 
1494636 
1382966 
1528000 
1406085 
1489795 
429857 
1287759 
1381410 
1435434 
1442210 
1526781 
1496615 
760013 
1162827 
1433074 
1440349 
1436841 
1438392 
1438983 
1450207 
1141601 
1736353 
1432056 
1446940 
1437054 
1440810 
1438126 
1449924 
1462911 
318053 
1491831 
1371652 
1489447 
1412039 
1488629 
1389867 
1439881 
1441542 
1521522 
1406600 
1434275 
1432733 
1442538 
1439097 
1439164 
1513294 
1232984 
1436482 
1429199 
1434143 
1463520 
1394458 
1498413 
1686866 
1382438 
1607620 
1516016 
1527690 
1534317 
1408535 
1506352 
286826 
1340580 
1402065 
1656567 
1412529 
1513724 
1411317 
1503788 
2352962 
1609190 
1569128 
1558908 
1482606 
1485444 
1484921 
819579 
1626345 
1417690 
1488211 
1398300 
1750031 
1406801 
1467370 
1452070 
874187 
1405735 
1426899 
1494794 
1414640 
1433838 
1441246 
1438206 
3362921 
1535232 
1500238 
1435828 
1433620 
1435807 
1442239 
1139983 
1442557 
1437561 
1435694 
1432926 
1437212 
1465251 
1375101 
1492309 
602713 
1489101 
1444013 
1749895 
1417041 
1482760 
1390504 
1483725 
1401394 
1105373 
1440354 
1438655 
1436693 
1438180 
1435473 
1437493 
1432922 
1522167 
1434867 
1443694 
1437571 
1438405 
1438075 
1434333 
1472643 
1368661 
1486701 
6733646 
1406085 
1534453 
1402885 
1521587 
271994 
1437417 
1401254 
1590102 
1511294 
1584488 
1421205 
1545152 
2697923 
1596248 
1557713 
1508604 
1515705 
1426680 
1529124 
559585 
1618740 
1423696 
1516842 
1391827 
1484699 
1412863 
1465060 
1450972 
1054922 
1445913 
1446310 
1461757 
1450770 
1446614 
1721978 
1428192 
1337375 
1069867 
1426479 
1456524 
1394691 
1580449 
1374657 
1471068 
1377218 
1508201 
3397963 
1533719 
1490236 
1489302 
1385847 
1484992 
522651 
1485387 
1397234 
1443193 
1436216 
1438681 
1430816 
1439029 
1438141 
1118675 
1404059 
1420435 
1436497 
1692471 
1426373 
1470540 
1367403 
1501494 
874502 
1494382 
1378185 
1502710 
1386594 
1436762 
1538088 
1399773 
1498137 
3396679 
1543459 
1504459 
1443454 
1441942 
1443190 
3927329 
1660997 
1598376 
1554434 
1521713 
1474573 
1188747 
1455667 
1461201 
1726737 
1629867 
1463689 
1467860 
1467427 
1329972 
1463003 
1463750 
1464926 
1461157 
1472376 
1460768 
1505224 
1492314 
550376 
1488173 
1568405 
1470233 
1474245 
1465845 
1388959 
1501212 
1405965 
1494761 
2803138 
1557036 
1505110 
1493552 
1398442 
1464463 
794885 
1749520 
1686909 
1401562 
1435131 
1435593 
1438081 
1439484 
1479860 
993167 
1160133 
1420120 
1444385 
1442644 
1444723 
1440613 
1434325 
2872936 
1625102 
1508712 
1451790 
1463778 
1464816 
1377192 
1499174 
230275 
1481479 
1381881 
1494856 
1387428 
2363430 
1707232 
1425196 
1389896 
1187272 
1425979 
1468674 
1367037 
1492728 
1382030 
1489184 
1391702 
499313 
1596663 
1553107 
1492810 
1512054 
353014 
1499659 
1402489 
1499892 
1439923 
1578202 
1528762 
1422450 
1458487 
1225694 
1470752 
1467750 
1468935 
1740170 
1444332 
1518080 
1496265 
1228980 
1481097 
1454629 
1503155 
1423893 
1450582 
1463555 
1451296 
1512676 
3186218 
1559327 
1538658 
1477731 
1442589 
1445474 
1438548 
1475979 
74526 
1463274 
1362022 
1746356 
1383859 
1497586 
1381047 
1488809 
2350423 
1579167 
1830163 
1524918 
1479230 
1398636 
1437384 
749922 
1440795 
1436762 
1436474 
1440945 
1437082 
1434923 
1435354 
1434010 
1454453 
1412824 
1442105 
1439555 
1433694 
1435627 
2270358 
4370360 
1522867 
1410310 
1508877 
2305571 
1548571 
1105961 
1154109 
1430455 
1580485 
1467577 
2278382 
1505184 
1573210 
3713081 
1553303 
1518159 
1521934 
1436575 
2300946 
1233117 
1484291 
1451876 
1447280 
1446036 
1446244 
1445723 
1444723 
1572561 
1468608 
1473104 
1368107 
1488327 
1385382 
2293256 
1531233 
1132292 
1093637 
1717695 
1432976 
1437990 
2209899 
1732549 
1540701 
3396517 
1535332 
1487416 
1444614 
1439145 
2230665 
922830 
1553394 
1462191 
1363585 
1497078 
1383468 
1484860 
2186333 
1622205 
1427460 
1435575 
1434085 
1433629 
1461201 
1367022 
2225793 
1327598 
1431921 
1439226 
1443271 
1437753 
1703190 
1418699 
2258551 
1456290 
1415580 
1442662 
4780328 
2355876 
1454555 
1284909 
896511 
1436222 
1453317 
1447421 
1448267 
2433525 
1907518 
1385659 
1512811 
1409158 
1513598 
1419791 
2343192 
1466802 
1682610 
3738522 
1814892 
1464670 
1446796 
2282989 
1487080 
968822 
1492626 
1399693 
1484653 
1395421 
1463805 
2345458 
1400231 
1189598 
1423991 
1475338 
1449771 
1393723 
1493025 
2255651 
2068735 
604760 
1435025 
1403800 
1436774 
1439731 
2278439 
1475886 
1541867 
3651466 
1521649 
1497004 
1495509 
1389439 
2246613 
1273763 
1421069 
1426192 
1496319 
1501663 
1439066 
1443216 
1438254 
1384040 
1167260 
1429905 
1463751 
1370517 
1491324 
1381357 
1498451 
1398289 
1489716 
2429767 
1542573 
1537396 
1440701 
1442575 
1442242 
1722543 
4067475 
1456858 
1474568 
1459531 
1465864 
1463532 
1045707 
1445394 
1450971 
1464366 
1485293 
1551660 
1464719 
1458274 
1459016 
1392833 
683124 
1458993 
1463367 
1495458 
1430030 
1535476 
1430915 
1538421 
3576710 
1516996 
1500672 
1508006 
1701141 
1413053 
1503481 
836633 
1511494 
1398550 
1445026 
1511087 
1405971 
1443763 
1444074 
971475 
1446802 
1443413 
1439083 
1440983 
1439362 
1445674 
1440105 
1253750 
1086929 
1329917 
1421798 
1435648 
1434320 
1443348 
1464228 
1373674 
1500195 
3572560 
1493762 
1745975 
1387093 
1478835 
1398672 
1392404 
1475299 
1407087 
1443642 
1446793 
1435962 
1435970 
1445169 
1443667 
1235507 
1213922 
1426102 
1475437 
1440048 
1458006 
1464131 
1373159 
1498596 
1065022 
1495555 
1386304 
1490154 
1388252 
1550200 
452131 
1653256 
1403361 
1516663 
1406524 
1499330 
1414828 
1457799 
1633566 
530859 
1526015 
1505330 
1418071 
1470690 
1470521 
1477818 
985021 
1528466 
1445800 
1487607 
1570083 
1471570 
1484963 
1465436 
852041 
1100159 
2909536 
1637985 
1576691 
1556534 
1516222 
1757950 
890130 
1482315 
1398723 
1440312 
1435390 
1438370 
1721605 
1414192 
944884 
1445329 
1442240 
1450128 
1441222 
1441116 
1442223 
1438755 
1385574 
1303589 
926818 
1427652 
1440327 
1460217 
1369877 
1496822 
1379542 
1491865 
3459790 
1543678 
1491490 
1470119 
1686070 
1401889 
1438790 
862656 
1448307 
1437305 
1484425 
1422568 
1441234 
1441018 
1446059 
1364183 
1074466 
1429584 
1467336 
1377640 
1489594 
1379853 
1497582 
1390645 
1657108 
1600676 
1568017 
1507104 
1527465 
1369792 
1496266 
1407380 
1527963 
1851649 
1424185 
1527979 
1426493 
1400991 
1461605 
1522334 
1425888 
1465793 
1482972 
1492906 
1500557 
1584640 
1079004 
1467026 
1445993 
1511604 
1423770 
1451455 
1444259 
1453997 
1127711 
912121 
1456219 
1444362 
1444723 
1448198 
1436136 
1449998 
1439845 
3949303 
1489845 
1441346 
1437360 
1433330 
1463343 
1370298 
1501479 
1090145 
1442886 
1464492 
1365440 
1484764 
1381008 
1492652 
1400707 
483716 
1288766 
2957643 
1604648 
1564984 
1534757 
1499819 
1484993 
1047672 
1482742 
1397138 
1497190 
1408132 
1448648 
1438596 
1723893 
1101923 
1196909 
1418975 
1436181 
1432544 
1440090 
1462428 
1374274 
1494879 
498916 
1535775 
1377194 
1490436 
1385482 
1484404 
1387609 
1438932 
1433739 
766666 
1593455 
1549784 
1485920 
1462180 
1054278 
1493796 
1415877 
1451111 
1465068 
1881404 
1456361 
1490675 
928611 
1470834 
1474066 
1536117 
1444515 
1470937 
1500106 
1491503 
1514537 
1013576 
1229847 
1450203 
1446510 
1456241 
1466054 
1463051 
1448013 
3552330 
1552543 
1535718 
1469608 
1450794 
1437429 
1469109 
1450337 
1052217 
1466370 
1371483 
1752786 
1382342 
1755754 
1393388 
1502567 
820291 
1496648 
1388350 
1480142 
1385328 
1439014 
1441684 
1441515 
1283706 
1437529 
1438558 
1505617 
1412323 
1438420 
1443591 
1445267 
1439621 
1366055 
1016357 
1436796 
1461801 
1377229 
1497378 
1379467 
1491953 
1311545 
4081275 
1395476 
1490747 
1392999 
1486436 
1407919 
1439363 
861851 
1450394 
1410826 
1439073 
1437226 
1433934 
1436709 
1435197 
1649853 
1586669 
1568164 
1494217 
1458350 
1485474 
1342760 
829660 
1333389 
1013437 
1462379 
1461841 
1451418 
1729045 
1487709 
372916 
1508906 
1476462 
1484538 
1494096 
1492770 
1577476 
959533 
1452639 
1454885 
1450265 
1452958 
1444640 
1451615 
1441913 
1197431 
1308350 
1443706 
1436991 
1434842 
1434072 
1462884 
1371908 
1493808 
324665 
1536253 
1491560 
1493124 
1390951 
1740811 
1485241 
1317615 
1493577 
1388463 
1442480 
1441436 
1484450 
1400556 
1444707 
1456373 
947152 
1443746 
1435834 
1437496 
1442968 
1440661 
1442774 
1440933 
1444832 
1105101 
1469394 
1359838 
1498277 
1378105 
1492688 
1389359 
1488376 
1703691 
563354 
1368727 
1691347 
1395840 
1436637 
1438744 
1444751 
1296454 
3840001 
1427806 
1443137 
1435511 
1439615 
1564616 
1450309 
4103738 
1516517 
1434128 
1453652 
1460962 
1469139 
1426566 
1454769 
1454366 
1456079 
1608078 
1467287 
1467468 
1496577 
1463500 
2969412 
1561279 
1503474 
1475515 
1482905 
1485404 
1488492 
1316390 
1187214 
1438292 
1462773 
1446757 
1452996 
1450454 
1483578 
858975 
1468827 
572215 
1513462 
1374723 
1483393 
1384795 
1507342 
1396598 
1202404 
1538707 
1527964 
1507430 
1392019 
1484798 
1403431 
1756033 
737884 
1440597 
1438273 
1439262 
1445487 
1467224 
1508541 
1441624 
1108988 
1240083 
1427291 
1442712 
1434518 
1438243 
1462296 
1372744 
1498513 
312422 
1541720 
1526964 
1454365 
1491844 
1392544 
1479312 
1402639 
982114 
1448711 
1444120 
1444044 
1441583 
1724074 
1418065 
1441384 
1196438 
1128245 
1425402 
4696360 
1491886 
1476332 
1482101 
2791139 
1558021 
1522147 
1457002 
1456005 
1450276 
1630023 
1305479 
1142431 
1457804 
1463410 
1457734 
1460077 
1492893 
1406529 
1532741 
999572 
1541777 
1499024 
1786782 
1400607 
1491662 
1397416 
1502027 
690433 
3432218 
1535714 
1473638 
1500686 
1409805 
1453440 
1369447 
1432898 
1433439 
1448646 
1515458 
1412096 
1444433 
1439784 
1450700 
1225063 
1452806 
1442716 
1440585 
1439638 
1437483 
1441129 
1439717 
1533241 
1721633 
1424319 
1447903 
1433971 
1467183 
1371973 
1493091 
1374604 
1501544 
2506668 
1493657 
1390849 
1437331 
1437366 
1436875 
1439841 
848596 
1446740 
1435182 
1441352 
1440005 
1437652 
1435936 
1449181 
1384979 
1067204 
1431885 
1463442 
1395393 
1497456 
1378884 
1494485 
1688957 
4727535 
1423534 
1506918 
1410359 
1518050 
1426809 
1136227 
1456521 
1455893 
1471918 
1608854 
1464582 
1474353 
1475424 
1464932 
1055392 
1465233 
1469623 
1470689 
1482084 
1491284 
1500106 
1559386 
3868435 
1431067 
1455146 
1452507 
1717879 
1444050 
1483292 
1307069 
924917 
1449261 
1487099 
1438921 
1463265 
1372097 
1501297 
966313 
1485487 
2485069 
1540681 
1526790 
1493071 
1384318 
1495127 
1152946 
1483191 
1391152 
1431771 
1441612 
1437845 
1441837 
1447888 
1442608 
1176828 
1440689 
1438383 
1712798 
1424725 
1447752 
1435340 
1464987 
987290 
1455336 
2355491 
1595608 
1545131 
1534595 
1374329 
1574154 
995859 
1512766 
1377653 
1500180 
1423819 
1487901 
1388711 
1445248 
1438678 
1366528 
1438321 
1432639 
1445902 
1438452 
1502254 
1538491 
2360520 
1563086 
1527231 
1457490 
1454129 
1468486 
1450716 
1126628 
1297371 
1433690 
1463943 
1469175 
1478835 
1475475 
1473893 
1325030 
1132874 
1471788 
1486837 
1571626 
1475767 
1462661 
1464849 
1473393 
120727 
1563734 
1492478 
1447301 
1496886 
1382351 
1520706 
1710376 
692407 
1490919 
1391696 
1483190 
1396340 
1437877 
1731519 
1280122 
677507 
1436658 
1436980 
1442293 
1443790 
1437007 
1440491 
1440501 
1429250 
1189409 
1327986 
1421343 
1437915 
1445448 
1460328 
1385537 
1497132 
1257985 
1482655 
1493073 
1392662 
1482643 
1694812 
1403537 
1486839 
664369 
1483506 
1397282 
1438273 
1443571 
1446073 
1442912 
1441305 
1074667 
1619236 
1376597 
1503215 
1386325 
1494558 
1397865 
1445963 
1628692 
1584393 
1557643 
1461900 
1524333 
1310623 
1501430 
1398676 
1463939 
1900529 
1434374 
1466364 
1474437 
1413128 
1459375 
1468545 
1464476 
1468821 
1489650 
1471213 
1471838 
1502535 
1011654 
1496942 
1511828 
1645551 
1447595 
1476426 
1449332 
1469550 
1023104 
3140985 
1511358 
1445032 
1456505 
1449903 
1463332 
1451268 
1048428 
1739173 
1452775 
1442675 
1438093 
1437324 
1437832 
1441877 
1434941 
1098826 
1428743 
1432488 
1434718 
1438176 
1460079 
1371142 
1494735 
377584 
1537372 
1517248 
1492142 
1391940 
1440712 
1446868 
1442791 
899913 
1445166 
1449996 
1506032 
