1729336 
1750505 
1595902 
3201214 
1670512 
1647713 
1571035 
1554674 
1558436 
1598626 
1729022 
1642862 
1738667 
1594008 
1678382 
1602224 
1616987 
1414105 
1675222 
1662212 
1542834 
1624772 
1562512 
1708717 
1662695 
1527752 
833883 
1595528 
1623769 
1663988 
1687418 
1995847 
654055 
1757198 
1617453 
1584844 
1616898 
1625950 
1617465 
1711025 
1564445 
1617411 
1646289 
1568980 
1665910 
1532078 
1676305 
144338 
1691054 
1670843 
1690503 
1663339 
1616320 
1587770 
1655706 
477996 
1994944 
1545328 
1556955 
1601011 
1620749 
1640459 
1689110 
1734612 
1635978 
1773953 
1595009 
1791962 
1551946 
1549635 
1540709 
1550536 
1607954 
1618676 
1233841 
1695085 
1659301 
1565696 
1656852 
1565937 
1690184 
1559022 
1640092 
959237 
1885175 
1577141 
1548072 
1530227 
1553982 
1532988 
1685296 
1539499 
1661125 
1562833 
1680110 
1859966 
1592087 
1310441 
1631959 
1617434 
1619648 
1617507 
1605228 
1669163 
1573256 
1628320 
3708067 
1633730 
1684328 
1656491 
1615882 
1107709 
1987084 
1590219 
1676689 
1533210 
1675999 
1533476 
1671270 
663224 
1689541 
1688724 
1618080 
1615728 
1550637 
1586219 
1616394 
1668253 
2981353 
1719279 
1749971 
1634896 
1568421 
1583485 
1491981 
1520240 
1552851 
1585160 
1906172 
1624284 
1736421 
2914410 
1859598 
1689129 
1719978 
1647802 
1755759 
1602785 
1620335 
1612628 
1617450 
1610012 
1553023 
1669204 
1682918 
1567863 
1663142 
1638586 
1612741 
1611654 
1629200 
1105722 
1691843 
1726809 
1637167 
1749208 
1880257 
1604794 
1550591 
1418268 
970892 
1466478 
1533907 
1540598 
1564060 
1620037 
1619573 
3492293 
1578392 
1678930 
1572068 
1759912 
1660495 
1709305 
1594070 
1617655 
1620205 
1570231 
1614513 
1613266 
1608158 
593438 
1704981 
1628093 
2015999 
1688970 
1675643 
1616332 
1598064 
1041174 
1573570 
1512996 
1564664 
1658063 
1591202 
1742158 
1225169 
1626506 
1524594 
1491318 
1528104 
1555174 
1588727 
3840698 
1614143 
1618011 
1644451 
1669772 
1547724 
1664702 
344576 
1482746 
1610699 
1614902 
1623944 
1589682 
1926003 
1734506 
1660742 
1690555 
1671488 
1499986 
1644549 
1563000 
1659510 
1722632 
1620873 
1591354 
1592568 
1617148 
1589326 
1622184 
872874 
1733850 
1654501 
1701675 
1688988 
1899461 
1526924 
1552716 
1604388 
1662024 
1631882 
1748581 
1646642 
1780207 
1646073 
1617634 
1576637 
1551308 
1512174 
1553510 
1550499 
1017510 
1678312 
1647926 
1737561 
1586548 
1634271 
1610233 
1616468 
1314908 
1412318 
1596040 
1583101 
1911153 
1623497 
1736310 
1098140 
1676656 
7007615 
1507637 
1565533 
1618917 
1599820 
1646563 
1689919 
1787194 
1710946 
1779179 
1385792 
1619169 
1612668 
1551930 
1610958 
1617300 
1678830 
1570202 
1746579 
784078 
1873810 
1668254 
1569079 
1621362 
1621537 
1229441 
1654415 
3312487 
1665018 
1629468 
1628717 
1560388 
1773351 
1686589 
1658555 
1616315 
1687624 
1991728 
1578396 
1666869 
108500 
1603790 
1616690 
1678196 
1686451 
1672420 
1688015 
1655556 
1746266 
1527425 
1647727 
1556160 
1658307 
1576878 
1675516 
1382401 
1618992 
1608327 
1618634 
1663038 
1742430 
1588494 
1677812 
504631 
1705367 
1655297 
1686856 
1655342 
1615329 
1691709 
1565538 
1667775 
1629347 
1750828 
5213754 
1551277 
1516137 
1550764 
1554554 
1547405 
1551461 
1621151 
1778043 
1557652 
1688754 
1590937 
1751072 
1668511 
1619995 
1398796 
1607112 
1617967 
1586737 
1621863 
1696243 
1640405 
1752675 
647854 
1602712 
1620292 
1639056 
1983581 
1667470 
1692134 
1723861 
1523347 
1654550 
1602515 
1616911 
1683902 
1688729 
1627012 
1945344 
1521607 
1632054 
1572409 
1720019 
1661030 
1646977 
1548187 
1690383 
1669314 
1615818 
1682543 
1741102 
1583436 
1679102 
466914 
1873533 
1615518 
1568926 
1617665 
1611245 
1569493 
1642957 
1688763 
1723360 
1563813 
1652523 
1556430 
1678990 
1652013 
1620330 
1616614 
1617522 
1620330 
1615994 
1605347 
923824 
1681761 
1452666 
1545959 
1475250 
1612033 
1072760 
1617925 
1620077 
1623319 
1700252 
1708772 
1654485 
1684787 
1422707 
1611167 
1475760 
1610262 
1527735 
1681357 
1642984 
1751590 
1651850 
1689864 
1682318 
1664676 
1652835 
1535015 
1679332 
3661480 
1685966 
1643508 
1642757 
1688744 
1989484 
1484418 
1655781 
1487731 
1587927 
1484842 
1612027 
1831808 
1752210 
1671766 
1665800 
1690184 
1639495 
1722265 
1557354 
1651138 
335390 
1625156 
1622553 
1588597 
1617400 
1614313 
1615728 
1646976 
718426 
1718036 
1707991 
1928942 
1656255 
1615225 
1502510 
1552238 
1623829 
1624335 
1632138 
1577294 
1703863 
1636292 
1710425 
440678 
1675107 
1670615 
1614864 
1594700 
1550462 
976891 
1719372 
1547835 
1576933 
1494326 
1648027 
1694527 
1665758 
1967854 
1698717 
1638163 
1593651 
1577169 
1693220 
6387217 
1540794 
1521027 
1478181 
1558000 
315140 
1553456 
1608939 
1622094 
1678542 
1700275 
2101271 
1968838 
1676815 
1632286 
1601187 
1554210 
1552825 
1551381 
1880908 
1581694 
1658080 
1551876 
1753334 
1621345 
1647492 
1179821 
1666727 
1641717 
1741371 
1618050 
1680283 
1503403 
1552356 
1619206 
1617256 
1595102 
1614713 
1592977 
1615716 
867216 
1738516 
1621415 
1676867 
1541332 
1653302 
1875981 
1614794 
1325896 
1373845 
1639967 
1616174 
1637703 
1531205 
1703111 
1068361 
1718808 
1648079 
4706738 
1591109 
1579521 
1493976 
1552567 
1576402 
1619361 
1643129 
1553677 
1672679 
360089 
1655983 
1616520 
1618379 
1882633 
1574823 
1618992 
1665113 
1441100 
1694873 
1576638 
1687889 
1566993 
1667602 
1583378 
1634427 
1582362 
1621935 
1627600 
1604858 
1619921 
1682091 
1568705 
1644746 
3763442 
1650114 
1610609 
1903829 
1567076 
1714823 
1628120 
1734579 
2013694 
1792271 
1707544 
1762591 
1722603 
1736230 
1621606 
1673206 
1531989 
1611106 
1462168 
1592192 
1617505 
1652801 
1619015 
1684082 
1688312 
1630099 
1621782 
803182 
1668678 
1560171 
1678479 
1554121 
1641742 
1615213 
1577819 
1372704 
1528885 
1526333 
1617659 
1625847 
1734345 
6993608 
1574227 
1567691 
1491191 
1518504 
1554537 
1561968 
1619715 
1591799 
1684584 
1654284 
1617570 
1663235 
1522818 
1783937 
1578223 
1680261 
1668983 
1683131 
1660724 
1895244 
1778899 
1659710 
1672188 
1556262 
1610097 
1494283 
1621628 
1497473 
1575582 
228831 
1586497 
1618260 
1619288 
1619263 
1651517 
1176890 
1697968 
3995144 
1662550 
1673822 
1653103 
1688084 
1747716 
1587355 
1618039 
1514005 
1672989 
1903532 
1632717 
1733379 
1587677 
1678386 
1681676 
1668946 
1576426 
1551540 
1612867 
1695987 
386548 
1586443 
1595190 
1566522 
1615587 
1628065 
1483095 
1209399 
1732793 
1608306 
1669385 
1522689 
1682563 
1524441 
1851194 
1512853 
1525004 
1550955 
1592344 
1550330 
1633167 
1616810 
1656698 
1582952 
1723523 
1632821 
1738087 
1615023 
1582548 
1590329 
1617521 
1616217 
1616889 
1703993 
775396 
1715970 
1580844 
1729627 
1673949 
1620220 
1599754 
1610155 
1328638 
1557854 
1567633 
1618182 
1686730 
1645441 
1729467 
1434561 
3971095 
1556474 
1617206 
1615968 
1620187 
1627445 
1641857 
1741560 
1661270 
1687495 
1616407 
1619766 
1551394 
1663128 
1527695 
1566313 
1615968 
1634556 
1742661 
1626820 
1936312 
1648963 
1607229 
1617191 
1619931 
1614626 
1681140 
1687967 
741499 
1744400 
1604459 
1676552 
1561160 
1617141 
1618585 
1619914 
1314352 
1689505 
1678729 
1693588 
1474139 
1546812 
1382731 
1604903 
1560606 
1801777 
1604028 
1619901 
1724837 
1833794 
3862218 
1573479 
1682838 
1562364 
1635085 
1350864 
1619855 
1556260 
1620431 
1617251 
1610022 
1620403 
1677953 
745926 
1691977 
1570803 
1656890 
1597423 
1593447 
1631578 
1622769 
1320595 
1619079 
1878565 
1660034 
1605228 
1737164 
1917298 
1497224 
1479982 
1656675 
1614997 
1601491 
1584561 
1615510 
1674117 
1668445 
3959668 
1630176 
1647752 
1688235 
1662539 
1684768 
1736639 
1567240 
1692958 
1639068 
1708534 
1615264 
1698278 
1857766 
1597923 
1669083 
1687498 
1640467 
1670751 
1519955 
1629592 
1479988 
1608376 
1533855 
1664075 
1673691 
1689115 
1242318 
1663481 
1443465 
1554166 
1505265 
1624322 
937959 
1661442 
1555330 
1617295 
1714901 
1695879 
1893605 
1582628 
1263394 
1662644 
1581452 
1670562 
1567811 
1680261 
1555561 
1613022 
1570732 
1594152 
1621702 
1575099 
1577306 
1623832 
1614482 
1628511 
3914028 
1621485 
1724945 
1638011 
1617340 
1606115 
1618678 
1885441 
1517995 
1606291 
1815943 
1533774 
1673916 
1441496 
1593625 
1616288 
1717846 
1695583 
1615946 
1615383 
1622932 
710104 
1354716 
1513272 
1673156 
1581353 
1734460 
1668415 
3364311 
1713937 
1655350 
1653969 
1688125 
1709129 
1563942 
1660810 
1560483 
1874487 
1642655 
1617543 
1678128 
1686981 
1556270 
1704095 
1640607 
1708090 
4841844 
1628502 
1489121 
1553914 
1551642 
1558451 
1551979 
1562036 
1556944 
1222723 
1635734 
1580544 
1661408 
1588407 
1744147 
1616506 
1654971 
1508176 
995051 
1600116 
1618583 
1693838 
1708324 
1669094 
1311793 
1663220 
3929697 
1625235 
1571779 
1621388 
1614430 
1536002 
1619653 
1550596 
1563512 
1550588 
1564418 
1661648 
1912204 
393706 
1649313 
1632371 
1687460 
1689642 
1687560 
1992426 
1563589 
496856 
1625160 
1595768 
1556870 
1546770 
1432284 
1611414 
373774 
1595393 
1483806 
1688751 
1618962 
1589019 
1618002 
1889057 
1181087 
1587985 
1617738 
1610546 
1616939 
1670659 
1566288 
1672535 
1478456 
1679907 
1617576 
1604957 
1609800 
1617232 
1685407 
1918610 
1725635 
1629433 
1556291 
1555929 
1456560 
616922 
1608438 
1620876 
1719317 
1951881 
3128314 
3086084 
1709537 
1683538 
1687220 
1659515 
1677061 
400878 
1704865 
1693912 
1690687 
1690394 
1672406 
1621257 
1596349 
1472199 
1687021 
1629863 
1722542 
1654988 
1686599 
1688787 
964892 
1769772 
1744610 
2012750 
1699504 
1679499 
2003072 
1597646 
1652510 
1569186 
1727457 
1627907 
1798807 
1338276 
1690962 
1674118 
1689125 
1679509 
1729449 
1668877 
1692423 
1322180 
1253914 
1651842 
1737962 
1689291 
1833021 
1696732 
1382244 
1564529 
1613958 
1687086 
1743685 
1639520 
1799416 
4185143 
1702480 
1733518 
1766768 
1780251 
1633593 
1705081 
4985586 
1498582 
1560638 
1565140 
1620020 
986636 
1735578 
1654868 
1749670 
1724958 
1694888 
1718780 
2072837 
929214 
1749872 
1581229 
1657846 
1615598 
1621096 
1684637 
3483856 
1614316 
1738308 
1652412 
1749899 
1711092 
1486820 
1723952 
1692728 
1641517 
1737945 
1639299 
1761692 
1660296 
1422952 
1059368 
1736727 
2056287 
1943111 
1655272 
1629235 
1674724 
1363624 
1822321 
1761171 
1691615 
1607538 
1681834 
1473031 
1769614 
1806401 
1631327 
1701436 
1696330 
1687924 
1652465 
4100564 
1670435 
1741119 
1629970 
1763191 
1735261 
1320364 
877016 
1730315 
2091416 
1758839 
1688557 
1767296 
1634514 
1690391 
1744045 
4927904 
1585950 
1764026 
1622172 
1608109 
1618555 
1691153 
1702897 
1824282 
1709052 
3429581 
1754652 
1646663 
1610051 
1617343 
1667788 
1739148 
701976 
1689054 
1694764 
1689466 
1698264 
1694171 
1838122 
1655867 
1679333 
1689373 
1739279 
1769458 
1769329 
1653955 
1751891 
3066211 
1819555 
1741173 
1684348 
1688873 
1806323 
766381 
1683844 
1752302 
1772151 
1755349 
1634521 
1942106 
2663722 
1832743 
1801285 
1762279 
1636512 
1673000 
1775008 
6325272 
1678317 
1607868 
1222320 
1694128 
1683884 
1730902 
1635987 
1719429 
1664050 
2114679 
1771714 
1746685 
1629251 
1751516 
1935395 
1678226 
1520314 
1700423 
1737513 
1655346 
1677868 
1606828 
1753456 
970644 
1676939 
1645154 
1713995 
1699963 
1668089 
1187733 
3924257 
1689690 
1672788 
1683884 
1698065 
1768471 
1815127 
384926 
1671856 
1966216 
1701045 
1832075 
1790190 
1872165 
1751210 
1698764 
1657430 
1647717 
1735681 
1635520 
1752739 
3336845 
1907090 
1824762 
1724295 
1677019 
1618606 
1471388 
627229 
1616723 
1689116 
1691053 
1739209 
1636758 
1979066 
2020183 
1746346 
1715108 
1735076 
1578539 
1802183 
1523889 
1686751 
1690921 
1771900 
1762877 
1740390 
1615083 
1756130 
3239442 
1761577 
1783271 
1734644 
1816318 
1672025 
1726374 
355014 
1671871 
1707616 
1594927 
1840649 
1531991 
1643006 
1555211 
1697071 
1690115 
1748824 
1829205 
1752670 
3042639 
1889393 
1817297 
1804876 
1744932 
773096 
1718653 
1634495 
1753490 
1767089 
1744432 
1693572 
1697293 
1836228 
1663973 
1716875 
1778749 
2032461 
1655925 
1694645 
1062049 
1757244 
1693135 
1667006 
1688681 
1993933 
1482191 
1770954 
3452759 
1850493 
1824676 
1716240 
1740644 
339716 
1730167 
1691022 
1688836 
1768301 
1764107 
1737071 
1623629 
1711944 
1689282 
1974182 
1669416 
1639019 
1676077 
1687884 
1626848 
1739396 
1692940 
1698064 
1687917 
1715919 
1767292 
1874052 
3325975 
1785420 
1749777 
1694567 
1681424 
1736522 
3673681 
1687114 
1617772 
1611683 
1619156 
856029 
1912398 
1609626 
1747164 
1645233 
1704354 
1684358 
1693375 
3673604 
1916802 
1843607 
1790425 
1673039 
1815227 
1739435 
1770840 
1758476 
1748446 
1765676 
1712011 
1135632 
1688970 
1737934 
1578564 
1742686 
1669706 
1765749 
2048444 
958984 
1643687 
1977957 
1688953 
1626344 
1618596 
1531432 
908215 
1796678 
1750275 
1768096 
1723457 
1688833 
1759393 
1657276 
1789100 
1746608 
1759607 
1807301 
1727110 
765861 
1840504 
1663794 
1676790 
1617916 
1898966 
1596423 
1646308 
1164079 
1752928 
1633664 
1728403 
1688627 
1695825 
1687755 
780768 
1855604 
1635547 
1564899 
1717909 
1634084 
1689326 
1730660 
1815836 
1673832 
1747436 
1457584 
1695903 
1701789 
1688422 
1981711 
1635073 
1788355 
2054857 
1727125 
1766295 
1774015 
1642619 
1721485 
1666704 
1527526 
1669527 
1691785 
1644722 
1732057 
1644959 
1812741 
1756569 
1272232 
1069553 
1660405 
1733955 
1954341 
1681672 
1664279 
3468504 
1944904 
1651245 
1788575 
1711352 
1765539 
1695575 
1773584 
1772103 
1822775 
1667060 
1727061 
1666468 
1879247 
1635001 
1682862 
1738969 
1630475 
1751878 
1637829 
1586179 
1704147 
1687897 
1686245 
1739762 
1689413 
1807491 
1977770 
1216164 
943287 
1651938 
1739580 
1634959 
3556001 
1570576 
1618213 
1647175 
1688715 
1664659 
1690650 
1812176 
1762235 
1765138 
1694757 
1650381 
1683652 
1694849 
1830067 
498430 
1770498 
1750523 
1688027 
2074537 
1713229 
1838821 
1659462 
1688129 
1562113 
1635548 
1589026 
1672358 
1745340 
1883907 
1768813 
1749085 
1769147 
1706605 
1737677 
1944136 
3579912 
1759972 
1747277 
1688478 
1727798 
1634704 
1834158 
1689794 
1726337 
2064018 
1692053 
1819885 
1612802 
1690871 
1666596 
1669839 
1688022 
1639374 
1696675 
1761861 
1864444 
1747156 
1767598 
1752711 
1734858 
1709066 
1813388 
1499540 
806655 
1655547 
1705470 
1603566 
1744551 
1600446 
5512574 
1539413 
1550856 
1580417 
1620027 
1720348 
1459183 
1813272 
1747419 
1890517 
1849087 
1771436 
1782277 
1856488 
1634368 
1689629 
1679834 
1690636 
1738757 
1654564 
1754022 
3794025 
1704360 
1695478 
1725588 
1820045 
1880758 
1686101 
1689837 
1689095 
1767992 
1766715 
1737562 
1870679 
1560402 
1692127 
1690531 
1690195 
1725750 
1822794 
262743 
1691027 
1633426 
1635827 
1688817 
1725138 
1817025 
1702784 
3349924 
1848863 
1729063 
1637740 
1954288 
1642543 
1610363 
1721311 
1740940 
1774605 
1750693 
1688374 
1810991 
1853743 
1689516 
1683272 
1616979 
1687338 
1697150 
1692272 
1759087 
600168 
1730921 
1689068 
1651227 
1670345 
3147146 
1651722 
1607888 
1927232 
1664939 
1681261 
1739846 
1769547 
1767975 
1714289 
1813889 
1688881 
1680458 
1751651 
1662134 
1743664 
1643398 
1762637 
1651819 
1683278 
1337711 
1693770 
1657354 
1674129 
1641781 
1766111 
1677657 
1676218 
1281360 
1618732 
1719860 
1821213 
1641443 
1722292 
1927746 
3370743 
1623447 
1732297 
1647991 
1743184 
1661359 
1692604 
1690625 
1673491 
1688976 
1661297 
1723533 
453862 
1620167 
1737335 
1599614 
1677360 
1579044 
1657242 
1962774 
1500888 
1770115 
1745191 
1813907 
1753601 
1694983 
1681176 
1688963 
3602266 
1805990 
1729265 
1763007 
1747100 
5066013 
1659797 
1582535 
1593622 
1573813 
1669751 
368272 
1754387 
1768588 
1734336 
1710210 
1982559 
1643139 
1755267 
1491755 
1749747 
1679652 
1648392 
1689129 
1741597 
1620667 
3400444 
1818819 
1792925 
1661509 
1652684 
1691604 
1860836 
1766156 
1700011 
1716317 
1766244 
1740607 
1738536 
381152 
1707136 
1688335 
1992871 
1663652 
1616423 
1728839 
1429206 
1803362 
1779810 
1767277 
1737019 
1802056 
1712737 
1743534 
1684887 
1617852 
1611872 
1619697 
1634886 
1734501 
1686048 
1909757 
1836296 
1861357 
1766570 
1805595 
1629358 
1698756 
3705253 
1625450 
1616911 
1680084 
1689689 
1773115 
1679408 
1733413 
1674766 
1689674 
1692588 
1705817 
1583271 
1678488 
1550720 
1678940 
1564295 
1669207 
1578609 
1651059 
1689723 
1689324 
1716168 
1644184 
1823082 
2002364 
1355984 
765787 
1612916 
1689880 
1726395 
1640033 
2087988 
1788954 
1742500 
1695819 
1715422 
1637897 
1744129 
1674654 
1833151 
3492455 
1585680 
1622216 
1637667 
1980147 
1759317 
1766654 
1751263 
1767205 
1777273 
1649074 
2068988 
1715914 
1691920 
1654198 
1716876 
1655649 
1750917 
1630533 
1815618 
1688049 
1689808 
1689435 
1724053 
1817817 
1675551 
1749210 
1462776 
909258 
1655697 
1647307 
1730803 
1632286 
1732006 
3477485 
1621402 
1658792 
1981701 
1633900 
1687471 
1715006 
1584052 
1617956 
1660596 
1689492 
1750305 
1767984 
1805595 
1892993 
1775596 
1738612 
1734642 
1593265 
1673292 
1723506 
1595933 
1605885 
1618274 
1632134 
1621418 
1638987 
1127084 
2031784 
1719912 
1770860 
1700453 
1619099 
1517652 
1617342 
1619146 
1671677 
1570469 
1742246 
1640802 
2148351 
1761695 
1813828 
1680881 
1752332 
1623920 
1683598 
1473433 
1690317 
1729317 
1822205 
1768904 
1670937 
1687648 
1969130 
1067056 
1196168 
1638845 
1684399 
1641159 
1734256 
1688718 
3634425 
1672257 
1695998 
1649709 
1735055 
1686889 
1793339 
1713741 
1693400 
1670143 
1687831 
1739651 
1639745 
1827394 
5098001 
1621334 
1598495 
1852980 
1582800 
1738702 
1646055 
1724928 
1674996 
1717271 
1694140 
1692380 
893583 
1728418 
1636477 
1806465 
1767224 
1689678 
1692176 
1690981 
1248780 
1756548 
1647434 
1638017 
1688899 
1730475 
1769490 
718108 
1756221 
1862376 
1630071 
1691758 
1681479 
1488844 
1601715 
1619103 
1700762 
1629703 
1651908 
1670095 
1857062 
1758484 
