24068 
24068 
24068 
24068 
24068 
24068 
24068 
24068 
24068 
24068 
24068 
24064 
24064 
24064 
24064 
24064 
24064 
24064 
24064 
24064 
24064 
24064 
24064 
24064 
24064 
24064 
24064 
24064 
24064 
24064 
24064 
24064 
24064 
24064 
24064 
24064 
24064 
24064 
24064 
24064 
24064 
24064 
24064 
24064 
24064 
24064 
24064 
24064 
24064 
24064 
24064 
24064 
24064 
24064 
24064 
24064 
24064 
24064 
24064 
24064 
24064 
24064 
24064 
24064 
24064 
24064 
24064 
24064 
24064 
24064 
24064 
24064 
24064 
24064 
24064 
24064 
24064 
24064 
24064 
24064 
24064 
24064 
24064 
24064 
24064 
24064 
24064 
24060 
24060 
24060 
24060 
24060 
24060 
24060 
24060 
24060 
24060 
24060 
24060 
24060 
24060 
24060 
24060 
24060 
24060 
24056 
24056 
24056 
24048 
24044 
24044 
24044 
24040 
24040 
24040 
24040 
24012 
23670 
23532 
22851 
22833 
22806 
22758 
22662 
22659 
22623 
22587 
22563 
22548 
22536 
22536 
22503 
22470 
22467 
22419 
22419 
22413 
22410 
22398 
22395 
22395 
22386 
22383 
22380 
22377 
22368 
22359 
22356 
22347 
22344 
22344 
22344 
22344 
22344 
22344 
22344 
22344 
22344 
22344 
22344 
22344 
22341 
22341 
22341 
22338 
22335 
22335 
22335 
22335 
22335 
22335 
22335 
22335 
22335 
22335 
22335 
22335 
22335 
22335 
22335 
22335 
22335 
22332 
22332 
22332 
22332 
22332 
22332 
22329 
22326 
22326 
22323 
22323 
22320 
22320 
22317 
22317 
22317 
22317 
22314 
22314 
22314 
22314 
22314 
22314 
22314 
22314 
22314 
22314 
22314 
22314 
22314 
22311 
22311 
22311 
22308 
22299 
22296 
22296 
22296 
22293 
22293 
22293 
22293 
22293 
22293 
22290 
22284 
22281 
22281 
22275 
22275 
22275 
22275 
22269 
22269 
22266 
22266 
22266 
22266 
22266 
22263 
22263 
22263 
22263 
22260 
22260 
22260 
22260 
22260 
22257 
22257 
22257 
22257 
22257 
22257 
22257 
22257 
22257 
22257 
22257 
22257 
22254 
22254 
22254 
22254 
22254 
22254 
22254 
22254 
22254 
22254 
22254 
22254 
22254 
22254 
22254 
22251 
22251 
22248 
22248 
22236 
22236 
22236 
22236 
22233 
22233 
22233 
22233 
22227 
22218 
22215 
22212 
22209 
22197 
22194 
22191 
22191 
22188 
22170 
22167 
22167 
22164 
22164 
22164 
22164 
22164 
22161 
22161 
22161 
22161 
22158 
22158 
22158 
22158 
22155 
22155 
22155 
22155 
22155 
22155 
22155 
22155 
22155 
22155 
22155 
22155 
22155 
22155 
22155 
22155 
22152 
22152 
22152 
22152 
22152 
22152 
22152 
22152 
22152 
22152 
22152 
22152 
22152 
22152 
22152 
22152 
22152 
22152 
22152 
22152 
22149 
22149 
22149 
22149 
22149 
22149 
22149 
22149 
22149 
22149 
22149 
22149 
22149 
22149 
22149 
22149 
22149 
22149 
22149 
22149 
22149 
22149 
22149 
22149 
22149 
22149 
22149 
22149 
22149 
22149 
22149 
22149 
22149 
22149 
22149 
22149 
22149 
22149 
22149 
22149 
22149 
22149 
22149 
22149 
22149 
22149 
22149 
22149 
22149 
22149 
22149 
22149 
22149 
22149 
22149 
22149 
22149 
22149 
22149 
22149 
22149 
22149 
22149 
22149 
22149 
22149 
22149 
22149 
22149 
22149 
22149 
22149 
22149 
22149 
22149 
22149 
22149 
22149 
22149 
22149 
22149 
22149 
22149 
22149 
22149 
22149 
22149 
22149 
22149 
22149 
22149 
22149 
22149 
22149 
22149 
22149 
22149 
22149 
22149 
22149 
22149 
22149 
22149 
22149 
22149 
22149 
22149 
22149 
22149 
22149 
22149 
22149 
22149 
22149 
22149 
22149 
22149 
22149 
22149 
22149 
22149 
22149 
22149 
22149 
22149 
22149 
22149 
22149 
22149 
22149 
22149 
22149 
22149 
22149 
22149 
22149 
22149 
22149 
22149 
22149 
22149 
22149 
22149 
22149 
22149 
22149 
22149 
22149 
22149 
22149 
22149 
22149 
22149 
22149 
22149 
22149 
22149 
22149 
22149 
22149 
22149 
22149 
22149 
22149 
22149 
22149 
22149 
22149 
22149 
22149 
22149 
22149 
22149 
22149 
22149 
22149 
22149 
22149 
22149 
22149 
22149 
22149 
22149 
22149 
22149 
22146 
22146 
22146 
22146 
22146 
22146 
22146 
22146 
22146 
22146 
22146 
22146 
22146 
22146 
22146 
22146 
22146 
22146 
22146 
22146 
22146 
22146 
22146 
22146 
22146 
22146 
22146 
22146 
22146 
22146 
22146 
22146 
22146 
22146 
22146 
22146 
22146 
22146 
22146 
22146 
22146 
22146 
22146 
22146 
22146 
22146 
22146 
22146 
22146 
22146 
22146 
22146 
22146 
22146 
22143 
22143 
22143 
22143 
22143 
22143 
22143 
22140 
22137 
22137 
