246339 
226074 
201614 
227556 
225795 
225810 
225663 
225735 
225705 
14726 
64 
96609 
225696 
225582 
238108 
232257 
225609 
225723 
225621 
225636 
225681 
203583 
230853 
225702 
225576 
225582 
225528 
225612 
201332 
229506 
225585 
225579 
225642 
225591 
225639 
198192 
228366 
225612 
225657 
225600 
225654 
225579 
465157 
227253 
225672 
225624 
225561 
225654 
225699 
192801 
226815 
225573 
225693 
225615 
225675 
223260 
234018 
225549 
225681 
225540 
225666 
225624 
173228 
64 
64 
45908 
225654 
225537 
241902 
229578 
225600 
225612 
225642 
225675 
225615 
195116 
228720 
225684 
225600 
225621 
225675 
225648 
205718 
228240 
225546 
225600 
225561 
225648 
225561 
208716 
226872 
225627 
225648 
225573 
225597 
219522 
231978 
225594 
225462 
225627 
225609 
225666 
196732 
229968 
225624 
225606 
225678 
225636 
225681 
196901 
229041 
225561 
225543 
225594 
225687 
225582 
226972 
228552 
225600 
225561 
225615 
225507 
2263794 
251192 
240046 
236169 
233936 
227430 
266127 
228111 
225642 
225702 
225621 
225633 
225627 
194253 
227592 
225576 
225660 
225621 
225603 
225585 
200456 
226677 
225636 
225648 
225678 
225621 
220527 
234221 
225765 
225603 
225570 
225627 
225582 
195503 
230127 
225684 
225690 
225615 
225603 
225681 
211207 
229527 
225606 
225666 
225624 
225528 
225579 
84170 
64 
64 
64 
64 
225723 
263207 
226083 
225654 
225597 
225606 
225516 
212541 
234068 
225531 
225483 
225609 
225660 
225654 
197450 
229764 
225660 
225615 
225573 
225567 
225522 
197535 
228894 
225567 
225627 
225642 
225561 
225624 
198704 
228057 
225567 
225618 
225663 
225612 
225660 
199981 
227079 
225576 
225639 
225573 
225585 
225537 
200813 
226260 
225654 
225681 
225645 
225663 
4488864 
279267 
256348 
242251 
237678 
547193 
222262 
225702 
225624 
225588 
225660 
216744 
230586 
225669 
225684 
225606 
225684 
225621 
196676 
229464 
225705 
225642 
225675 
225705 
225801 
197490 
228747 
225687 
225876 
225660 
225618 
225633 
198450 
227598 
225657 
225687 
225609 
225573 
225585 
40238 
64 
64 
64 
64 
219818 
231021 
225615 
225675 
225621 
225609 
225609 
195168 
230031 
225615 
225624 
225624 
225678 
225630 
202045 
229155 
225669 
225684 
226071 
226809 
227973 
200191 
232734 
226011 
225567 
225606 
225642 
225618 
202062 
226053 
225594 
225606 
225579 
225597 
206206 
231246 
225603 
225615 
225600 
225657 
225570 
196640 
229689 
225684 
225894 
225804 
225627 
225600 
1104257 
274291 
256751 
247390 
241222 
237287 
284351 
229641 
225876 
225618 
225537 
225591 
215998 
231114 
225672 
225612 
225639 
225591 
225618 
196346 
229953 
225591 
225513 
225651 
225993 
225750 
196806 
229146 
225639 
225597 
225618 
225642 
225636 
197339 
228189 
225543 
225798 
225699 
225636 
225720 
199689 
227517 
225675 
225687 
225615 
225657 
225618 
208797 
226497 
225609 
225870 
225894 
225615 
203354 
64 
64 
64 
64 
181797 
263109 
228927 
225861 
226452 
226068 
225678 
225666 
193319 
228237 
225708 
225654 
225714 
225636 
225732 
200634 
227457 
225726 
225555 
225780 
225603 
225540 
201213 
226479 
225630 
225597 
225684 
225648 
208902 
231756 
225528 
225513 
225570 
225768 
225651 
196371 
230103 
225624 
225570 
225723 
225642 
225630 
201737 
229113 
225573 
225609 
225654 
225603 
225522 
90893 
64 
64 
64 
113402 
225708 
529363 
226857 
225543 
225750 
225639 
225600 
225630 
194158 
226110 
225609 
225651 
225543 
225672 
205559 
230934 
225639 
225558 
225624 
225642 
225585 
197157 
229941 
225585 
225678 
225717 
225639 
225615 
197083 
228762 
225561 
225648 
225999 
225723 
225579 
198213 
228180 
225651 
225597 
225519 
225663 
225576 
206278 
227040 
225573 
225597 
225639 
225585 
225705 
2380116 
246851 
240431 
236714 
234315 
270953 
230484 
225636 
225609 
225630 
225657 
225624 
198046 
229317 
225582 
225633 
225663 
225600 
225618 
487970 
228531 
225582 
225561 
225537 
223605 
232434 
225618 
225573 
225606 
225648 
225648 
197034 
230124 
225624 
225651 
225567 
225621 
225588 
197032 
229263 
225576 
225534 
225651 
225549 
225600 
198070 
228201 
226074 
225675 
225717 
225612 
152174 
64 
64 
64 
64 
121129 
267114 
227721 
225654 
225627 
225663 
225669 
225651 
193761 
227031 
225654 
225618 
225636 
225609 
225621 
204621 
226134 
225621 
225549 
225645 
225621 
205404 
231084 
225603 
225552 
225618 
225588 
225603 
196716 
229638 
225600 
225591 
225582 
225651 
225606 
197384 
232260 
225639 
225642 
225681 
225648 
225666 
200726 
227058 
225579 
225639 
225603 
225609 
225540 
1168031 
263206 
251568 
243843 
238872 
280699 
238370 
222124 
225744 
225597 
225519 
225636 
219973 
228432 
225540 
225642 
225603 
225639 
225627 
199823 
227325 
225612 
225522 
225585 
225609 
225669 
200524 
226527 
225606 
225609 
225657 
225627 
216813 
231798 
225741 
225597 
225627 
225615 
225591 
196141 
229959 
225657 
225570 
225600 
225603 
225609 
457045 
229044 
225621 
225597 
225672 
225690 
225606 
106496 
64 
64 
64 
64 
55313 
269510 
226785 
225585 
225630 
225639 
225636 
225609 
193348 
226218 
225630 
225669 
225594 
225642 
205101 
231243 
225669 
225612 
225669 
225621 
225567 
196037 
229929 
225630 
225630 
225639 
225636 
225651 
196673 
229125 
225648 
225585 
225522 
225612 
225597 
198054 
228279 
225651 
225603 
225561 
225546 
225576 
203006 
227466 
225591 
225588 
225606 
225609 
225597 
1168260 
269887 
255892 
246833 
240818 
282241 
239667 
227482 
225759 
225612 
225648 
225645 
219725 
232497 
225687 
225612 
225651 
225624 
225585 
201602 
226815 
225639 
225696 
225669 
225651 
224403 
225736 
225831 
225564 
225615 
225660 
225594 
206626 
229791 
225666 
225681 
225636 
225585 
225618 
196532 
228984 
225573 
225606 
225630 
225675 
225618 
197811 
228210 
225543 
225612 
225612 
225603 
225633 
63674 
64 
64 
64 
8816 
225699 
260954 
226113 
225663 
225591 
225597 
225606 
217746 
222913 
225837 
225558 
225588 
225696 
225645 
3502483 
238755 
225696 
225603 
225720 
225804 
219792 
228474 
225606 
225714 
225756 
225612 
225672 
201222 
226998 
225603 
225651 
225651 
225561 
225579 
1151836 
262700 
251014 
243710 
238784 
282750 
237280 
221566 
226188 
225591 
225552 
225675 
221006 
227751 
225588 
225690 
225603 
225588 
225618 
204078 
226677 
225588 
225624 
225648 
225696 
218694 
231789 
225591 
225549 
225738 
225702 
225651 
448421 
229845 
225702 
225597 
225624 
225810 
225678 
205742 
229767 
225612 
225681 
225891 
226494 
229446 
201579 
228360 
226026 
225795 
225852 
225597 
225621 
43988 
64 
64 
64 
64 
182437 
231159 
225597 
225678 
225597 
225696 
225519 
195366 
230160 
225597 
225633 
225744 
225600 
225645 
203436 
229317 
225672 
225621 
225600 
225666 
225642 
198902 
228627 
225594 
225654 
225663 
225594 
225699 
200031 
227235 
225663 
225807 
225702 
225657 
225603 
200430 
226416 
225696 
225621 
226203 
225735 
209202 
231342 
225621 
225609 
225675 
225846 
225702 
1167891 
273478 
255501 
246820 
242047 
236751 
282538 
229022 
225783 
225558 
226176 
225915 
225900 
211835 
232641 
225540 
225792 
225549 
225603 
208161 
229821 
225645 
225621 
225753 
225714 
225609 
197270 
229029 
225714 
225651 
225627 
225612 
225690 
198096 
227931 
225684 
225738 
225654 
225744 
226188 
200768 
227034 
225549 
225642 
226140 
225564 
225615 
206586 
226140 
225699 
225549 
225765 
226155 
197834 
64 
64 
64 
64 
132628 
262782 
229023 
225669 
225600 
225984 
225603 
225636 
193676 
228405 
225612 
225624 
225558 
225531 
225585 
199386 
227376 
225588 
225597 
225570 
225636 
225588 
200324 
226470 
225543 
225597 
225591 
225609 
216981 
231801 
225690 
225567 
225690 
225747 
225543 
197187 
229896 
225663 
225627 
225567 
225645 
225681 
197041 
229044 
225648 
225627 
225606 
225603 
225642 
1119666 
264570 
250681 
243402 
238537 
235331 
283242 
221428 
245679 
134753 
64 
64 
64 
38297 
225819 
263863 
227721 
225591 
225636 
225549 
225582 
225603 
196655 
226974 
225621 
225543 
225579 
225579 
219831 
232053 
225501 
225645 
225654 
225537 
225645 
198661 
230535 
225711 
225588 
225627 
225609 
225588 
200138 
229452 
225606 
225579 
225561 
225561 
225645 
201182 
228294 
225567 
225600 
225540 
225537 
225585 
202374 
227022 
225624 
225564 
225588 
225540 
225600 
2476732 
225804 
225579 
225609 
225525 
225612 
205711 
226050 
225588 
225552 
225570 
225600 
209079 
231285 
225621 
225654 
225579 
225618 
225579 
203045 
229971 
225738 
225633 
225528 
225588 
225642 
295983 
229008 
225678 
225558 
225585 
225534 
205332 
231243 
225603 
225603 
225519 
225585 
225579 
199252 
230646 
225582 
225609 
225573 
225546 
225618 
122375 
74497 
225720 
225510 
225570 
225630 
224789 
229008 
225648 
225621 
225528 
225528 
225612 
202859 
227466 
225597 
225612 
225555 
225597 
225555 
203077 
232533 
225630 
225612 
225609 
225570 
208782 
230610 
225708 
225624 
225588 
225672 
225573 
457691 
229350 
225657 
225561 
225555 
225606 
225603 
199702 
228306 
225621 
225504 
225573 
225642 
225603 
202391 
227097 
225597 
225549 
225657 
225663 
225621 
6095 
113466 
225888 
225570 
225624 
233510 
230679 
225603 
225684 
225555 
225576 
225597 
203580 
229389 
225567 
225624 
225651 
225600 
225552 
3507828 
236283 
225840 
225558 
225690 
225531 
218834 
226011 
225678 
225624 
225597 
225567 
216617 
231216 
225552 
225657 
225561 
225633 
225564 
294216 
229686 
225651 
225618 
225624 
225693 
210824 
64 
64 
64 
17220 
225780 
256510 
229584 
225729 
225726 
225642 
225681 
225639 
196782 
228471 
225645 
225648 
225612 
225588 
225561 
203059 
227109 
225594 
225600 
225681 
225621 
225642 
203818 
226086 
225540 
225750 
225690 
225636 
207598 
231531 
225597 
225783 
225666 
225606 
225582 
199731 
230436 
225663 
225570 
225687 
227628 
226680 
204927 
233214 
225564 
225612 
225624 
225591 
225525 
2238484 
246161 
239861 
236363 
234170 
276379 
230985 
225714 
225678 
225594 
225630 
225753 
201256 
229443 
225705 
225633 
225564 
225564 
225597 
201843 
228252 
225567 
225639 
225606 
225597 
225651 
202725 
226944 
225678 
225633 
225537 
225558 
228150 
224455 
225930 
225681 
225615 
225618 
225678 
209641 
230667 
225681 
225612 
225783 
225621 
225690 
129923 
82716 
225885 
225534 
225603 
225567 
223612 
229716 
225669 
225690 
225648 
225618 
225609 
201960 
228597 
225714 
225639 
225594 
225609 
225576 
470818 
227076 
225708 
225609 
225708 
225918 
225597 
197098 
226098 
225648 
226278 
226071 
225717 
208989 
231204 
225636 
225645 
225549 
225594 
225714 
199449 
230343 
225777 
225741 
225744 
225648 
225564 
200889 
229254 
225843 
225561 
225576 
225591 
225573 
68861 
8784 
225804 
225495 
225738 
225759 
225685 
227943 
225570 
225540 
225522 
225555 
225603 
203658 
226503 
225732 
225519 
225594 
225516 
210147 
231606 
225591 
225612 
225594 
225636 
225768 
198804 
230394 
225630 
225618 
225534 
225540 
225552 
200097 
232779 
225792 
225615 
225585 
225663 
225606 
207658 
227067 
225666 
225645 
225819 
225642 
225216 
234738 
225594 
225594 
225576 
225588 
225507 
223084 
230892 
225633 
225600 
225588 
225870 
225819 
32543 
64 
64 
64 
123928 
259299 
231408 
225546 
225549 
225615 
225582 
225591 
238106 
230850 
225690 
225612 
225585 
225597 
225585 
202072 
228438 
225645 
225648 
225519 
225525 
225567 
203074 
227070 
225579 
225510 
225591 
225537 
225549 
203911 
226101 
225549 
225660 
225594 
225528 
207735 
231372 
225510 
225540 
225597 
225588 
225573 
447264 
230595 
225618 
225615 
225600 
225513 
2229978 
250768 
241807 
237610 
234832 
232098 
274139 
226116 
225597 
225552 
225540 
225558 
207132 
231426 
225576 
225591 
225531 
225621 
225525 
201391 
230439 
225606 
225573 
225561 
225627 
225522 
200439 
229410 
225546 
225591 
225573 
225606 
225540 
201701 
228195 
225624 
225585 
225600 
225510 
225600 
202797 
226866 
225609 
225513 
225558 
225534 
224354 
12261 
225834 
225540 
225540 
225537 
225558 
232911 
225609 
225648 
225558 
225564 
225528 
210713 
227448 
225609 
225594 
225549 
225555 
225615 
204896 
226245 
225540 
225621 
225627 
225606 
208526 
231426 
225657 
225657 
225531 
225624 
225606 
199132 
230319 
225504 
225582 
225612 
225594 
225519 
200122 
229107 
225561 
225591 
225630 
225579 
225612 
201916 
228093 
225642 
225615 
225585 
225549 
225564 
32603 
39894 
225747 
225588 
225573 
225648 
228831 
227070 
225546 
225531 
225537 
225546 
220389 
232011 
225684 
225501 
225612 
225588 
225576 
198743 
230661 
225612 
225597 
225543 
225555 
225513 
200488 
232599 
225594 
225540 
225516 
225609 
225528 
203283 
227100 
225525 
225582 
225588 
225597 
225588 
203607 
226077 
225591 
225555 
225582 
225555 
207626 
231276 
225498 
225582 
225603 
225552 
225639 
203262 
230454 
225624 
225612 
225600 
225552 
225561 
21179 
64 
64 
64 
116344 
259485 
231384 
225507 
225552 
225531 
225684 
225573 
197450 
230649 
225666 
225561 
225612 
225708 
225609 
200171 
229590 
225603 
225582 
225564 
225591 
225600 
201345 
228435 
225531 
225501 
225576 
225573 
225531 
206005 
227271 
225585 
225663 
225585 
225603 
227064 
232236 
225591 
225597 
225546 
225546 
225558 
199279 
230892 
225588 
225558 
225507 
225558 
225531 
2224215 
252486 
242161 
237936 
234906 
232948 
269852 
227556 
225588 
225594 
225513 
225570 
225501 
225253 
226917 
225513 
225603 
225591 
225537 
209452 
231213 
225534 
225630 
225564 
225621 
225612 
199620 
229890 
225594 
225615 
225582 
225588 
225516 
200613 
228723 
225678 
225606 
225510 
225603 
225555 
467256 
227529 
225687 
225645 
225558 
225609 
225543 
3041423 
227751 
225747 
225600 
225480 
217128 
226854 
225675 
225606 
225516 
225609 
212559 
231855 
225627 
225642 
225621 
225576 
225720 
198862 
230838 
225582 
225630 
225528 
225636 
225633 
207767 
229359 
225723 
225774 
225609 
225516 
225588 
204002 
227952 
225711 
225579 
225519 
225576 
225618 
33528 
233133 
225639 
225603 
225591 
225546 
213551 
228237 
225618 
225534 
225528 
225603 
225678 
207832 
226866 
225603 
225600 
225684 
225594 
215445 
232086 
225600 
225606 
225582 
225537 
225705 
198660 
230724 
226743 
227517 
227436 
226347 
225663 
209303 
229689 
225597 
225627 
225675 
225735 
225642 
203988 
228021 
225651 
225546 
225639 
225636 
225552 
203369 
226857 
225585 
225630 
225546 
225618 
213747 
231840 
225729 
225564 
225570 
225561 
225597 
169739 
64 
64 
64 
64 
122645 
266636 
228651 
225633 
225618 
225603 
225588 
225543 
196942 
227673 
225669 
225702 
225540 
225681 
225609 
203620 
226479 
225594 
225612 
225615 
225687 
209652 
231741 
225603 
225567 
225603 
225606 
225594 
198799 
230463 
225678 
225666 
225636 
225552 
225594 
200684 
232785 
225561 
225579 
225612 
225615 
225654 
204069 
227166 
225588 
225771 
225579 
225732 
4274126 
232875 
225570 
225627 
225648 
210079 
230577 
225753 
225546 
225660 
225783 
225756 
202682 
228450 
225570 
225591 
225567 
225558 
225594 
467558 
227091 
225714 
225597 
225582 
225642 
225609 
200977 
226173 
225636 
225630 
225498 
225534 
208230 
231462 
225768 
225753 
225546 
225555 
225636 
149978 
64 
80351 
225855 
225522 
225648 
241408 
229788 
225594 
225552 
225579 
225738 
225546 
202651 
228378 
225798 
225753 
225564 
225603 
225600 
248593 
226983 
225594 
225666 
225600 
225672 
208608 
231321 
225510 
225627 
225588 
225663 
225645 
200949 
230172 
225705 
225615 
225696 
225732 
225588 
200882 
228831 
225762 
225714 
225696 
225522 
225540 
202703 
227430 
225504 
225675 
225591 
225654 
225657 
24044 
77633 
225798 
225600 
225504 
225564 
226474 
226803 
225600 
225582 
225501 
225567 
214047 
231921 
225672 
225594 
225627 
225528 
225582 
198500 
230679 
225639 
225600 
225561 
225513 
225567 
451303 
229509 
225678 
225597 
