15708 
10587 
12852 
12795 
12795 
12777 
12870 
12777 
13347 
12765 
13095 
12765 
12813 
12765 
13101 
12834 
12813 
12969 
12765 
12693 
12783 
13287 
12804 
13620 
12777 
13461 
12978 
13146 
13062 
13146 
13068 
13101 
13260 
13107 
12792 
13194 
12786 
13719 
12777 
13215 
12783 
13239 
12810 
13248 
12840 
13140 
13182 
13101 
12858 
13101 
13086 
13134 
12783 
13128 
12819 
13425 
12786 
13347 
12783 
13035 
11526 
13623 
12813 
13644 
12813 
12843 
12795 
13092 
13086 
13302 
13155 
13176 
12786 
13014 
12924 
13104 
12777 
13248 
12786 
13461 
12933 
13452 
12777 
12738 
13041 
13437 
12786 
13449 
13017 
13113 
13347 
13137 
12825 
13176 
12804 
13137 
12783 
13101 
12792 
13434 
12855 
12675 
12891 
13158 
13137 
13092 
13095 
13137 
13131 
13095 
12471 
13116 
12795 
13506 
12780 
13314 
12780 
13278 
12861 
12687 
12921 
13101 
12948 
13266 
13152 
13263 
13296 
13095 
12930 
12807 
12816 
13134 
12768 
13635 
12786 
13650 
12786 
12879 
12822 
13266 
12873 
13158 
12813 
13116 
13149 
13125 
12813 
13146 
12879 
13101 
12855 
13191 
12885 
13599 
12783 
13257 
12789 
13332 
12819 
13302 
12831 
13221 
12978 
13272 
12777 
13119 
12804 
13422 
12864 
13113 
12939 
13338 
12165 
64 
10461 
13188 
12816 
13164 
12897 
12852 
13029 
12825 
12936 
12834 
12951 
12783 
13155 
12858 
13110 
12918 
12828 
12807 
12804 
12933 
12840 
12927 
12834 
13122 
12813 
13200 
12795 
12834 
12855 
12798 
13191 
12840 
12879 
12867 
13104 
12831 
12792 
12843 
12810 
12831 
12897 
13167 
12867 
12990 
12822 
13311 
12834 
12822 
12807 
12858 
12819 
13011 
12855 
12816 
12981 
13173 
12885 
12891 
12954 
12855 
12840 
13005 
12879 
12834 
12849 
12612 
12795 
12834 
12855 
12813 
13119 
12783 
12831 
12855 
12798 
12843 
12834 
13017 
12786 
12987 
13008 
13137 
13029 
12876 
12804 
13173 
12813 
12804 
12849 
12822 
12813 
12810 
12882 
12852 
13155 
12978 
12813 
12978 
12807 
13539 
12816 
12843 
12840 
13344 
12942 
12792 
12825 
12804 
13023 
12855 
12585 
12816 
13191 
6738 
64 
10761 
12828 
13179 
12843 
12867 
12456 
12873 
12834 
12966 
13494 
12831 
12843 
12798 
13191 
12855 
12792 
12795 
12777 
13029 
12927 
12858 
12924 
13032 
12447 
12948 
12840 
12780 
12873 
12789 
12780 
12804 
13119 
12900 
12813 
12780 
12777 
12813 
12918 
13392 
12837 
12795 
12969 
12567 
12972 
12891 
12795 
12780 
12990 
12792 
12795 
12822 
12792 
12912 
12984 
12966 
12780 
12795 
12801 
12834 
12993 
13353 
10446 
13053 
13350 
13155 
12828 
13017 
13119 
13209 
12591 
12825 
13149 
12795 
12927 
12771 
12957 
12900 
12789 
12447 
12912 
13122 
12792 
13551 
12774 
13044 
12774 
12810 
12450 
12933 
12780 
12738 
12930 
12804 
12972 
12765 
12927 
13257 
12825 
12777 
12813 
13143 
12810 
12771 
12774 
13113 
12858 
13185 
12960 
13326 
13962 
12798 
13218 
13485 
8927 
64 
64 
64 
1464 
10563 
12867 
12840 
13161 
12858 
12849 
12903 
12828 
12681 
12852 
13026 
12852 
12966 
12936 
13155 
13581 
12837 
12999 
12798 
12891 
12798 
13218 
12834 
13011 
12816 
12837 
12654 
12825 
12855 
12798 
13149 
12807 
12945 
12825 
12945 
12840 
12954 
12798 
12966 
12960 
12843 
13329 
12807 
12858 
12564 
12876 
12894 
12834 
12840 
12810 
13143 
12930 
12960 
12504 
13173 
12840 
13023 
12813 
12951 
12918 
12831 
13410 
12564 
12873 
13383 
12828 
12912 
13296 
12864 
12861 
12927 
13023 
12609 
13344 
12840 
12876 
13137 
13146 
12960 
13398 
12864 
12873 
12900 
12825 
12858 
13275 
13356 
12810 
13524 
12852 
12648 
13083 
12837 
9990 
11222 
10467 
13272 
12852 
13542 
12564 
12807 
12822 
12936 
12837 
13638 
12840 
12813 
13416 
12528 
13143 
13143 
12837 
12873 
13602 
12924 
12831 
12891 
12540 
12969 
12768 
13173 
12795 
13194 
12783 
13065 
13443 
12897 
12855 
13182 
13008 
12795 
13275 
12795 
12894 
13263 
12948 
12813 
13110 
13119 
12834 
12786 
12906 
13218 
12714 
12954 
12597 
13152 
12873 
12966 
13389 
12918 
12831 
12858 
12795 
12834 
12732 
13311 
12792 
13275 
12807 
13068 
12708 
12807 
12543 
13251 
12966 
12795 
13605 
12825 
12816 
13242 
12891 
12483 
12906 
12864 
12858 
13152 
12819 
13269 
12954 
12801 
10758 
12864 
13071 
12795 
12789 
13080 
12957 
13083 
12972 
13101 
13011 
13104 
12873 
13248 
12780 
13626 
12765 
13413 
12771 
13185 
12774 
13275 
12801 
11301 
1540 
10680 
13401 
13344 
13149 
13143 
12969 
12876 
13203 
12870 
13833 
12855 
13161 
12537 
13275 
12849 
13125 
12834 
13215 
13149 
13314 
12831 
13080 
12912 
13149 
12810 
13143 
12816 
13506 
12816 
13449 
12480 
13206 
12834 
13143 
12798 
13233 
13128 
13119 
12795 
13233 
12897 
13575 
12789 
13557 
12804 
13371 
12798 
13446 
13065 
13299 
12900 
13143 
12873 
13119 
13161 
13140 
13314 
13845 
12588 
13131 
12816 
13539 
12804 
13389 
12795 
13347 
12858 
12804 
12927 
13299 
13221 
13146 
13239 
13146 
12825 
13314 
12903 
13428 
12858 
13152 
12834 
13338 
12846 
13209 
12786 
12771 
12819 
13581 
12813 
13125 
13125 
13107 
12816 
13035 
12459 
13152 
12807 
13488 
12936 
13113 
12936 
13125 
12819 
13002 
12558 
13140 
12798 
13197 
12795 
13416 
12870 
13260 
3537 
64 
10470 
12867 
12894 
12822 
13317 
12861 
13299 
12831 
13293 
12873 
13179 
12840 
13200 
12837 
13257 
12840 
13155 
12933 
12852 
13146 
13179 
12882 
13068 
12936 
13263 
12843 
13269 
12585 
13449 
12849 
13149 
12828 
13398 
12807 
13152 
12957 
12798 
13209 
13275 
13134 
13530 
12954 
13416 
13047 
13458 
12849 
13431 
12828 
13689 
12828 
13176 
12807 
13467 
13113 
12729 
13155 
13149 
13011 
13302 
13044 
13320 
12822 
13152 
12561 
13185 
12858 
13296 
12840 
13308 
13053 
13527 
12837 
13179 
13086 
13242 
12849 
12987 
12912 
13434 
12870 
13452 
12945 
13140 
12912 
13149 
12807 
12900 
13134 
13152 
12807 
13227 
12876 
13218 
12819 
13509 
12837 
13239 
12807 
13458 
12897 
12840 
12861 
13149 
12897 
13155 
13185 
13143 
13287 
13149 
13338 
13149 
12804 
5982 
64 
10641 
12825 
12840 
13164 
12849 
13449 
12873 
13317 
12837 
13197 
12816 
13143 
12837 
13143 
12909 
13155 
12990 
13143 
13011 
13500 
12999 
12957 
12900 
13362 
12849 
13437 
12822 
13308 
12912 
13320 
13122 
13140 
13200 
13266 
13152 
13158 
12816 
13347 
12882 
13140 
12951 
12807 
12843 
13329 
12861 
13143 
12810 
13128 
12831 
13119 
12486 
13182 
13206 
13179 
12795 
13218 
12816 
13143 
12870 
13449 
12858 
13629 
12966 
13146 
12906 
13146 
12930 
12927 
13110 
13329 
13167 
13149 
12789 
13251 
12804 
13524 
12816 
13005 
12612 
13680 
13065 
13140 
12984 
13125 
13140 
13119 
13218 
13146 
12810 
13170 
12960 
13443 
12822 
13143 
12798 
13638 
12861 
13212 
12795 
13293 
13065 
13119 
13311 
13146 
13200 
12693 
12939 
13155 
12939 
13299 
12930 
13311 
2664 
10839 
13059 
12612 
12855 
12939 
12774 
13218 
12771 
12804 
12759 
12903 
13128 
12912 
12804 
12777 
13065 
12792 
12774 
12744 
12774 
12906 
12726 
12777 
12855 
12816 
12777 
13026 
12816 
12777 
12849 
12729 
12852 
12774 
12855 
12762 
13218 
12795 
12774 
12819 
12768 
12855 
12783 
12984 
12777 
13164 
12771 
