48477319 
48460457 
48451413 
48432815 
48408847 
48408492 
48402922 
48378234 
48375831 
48373942 
48372095 
48370221 
48339354 
48338379 
48333220 
48331810 
48331373 
48331205 
48324035 
48320129 
48315192 
48311160 
48296733 
48292712 
48291953 
48287851 
48286320 
48282580 
48280642 
48280272 
48258436 
48253230 
48244685 
48236052 
48225702 
48216948 
48214008 
48210718 
48208488 
48203950 
48184420 
48180601 
48177444 
48175229 
48173858 
48168293 
48164107 
48163900 
48155517 
48154282 
48136467 
48125999 
48125911 
48125195 
48124347 
48107215 
48106508 
48105266 
48101974 
48094506 
48090872 
48087870 
48087863 
48084636 
48080897 
48080881 
48074932 
48057192 
48056166 
48051766 
48040943 
48040430 
48039927 
48038436 
48036901 
48034269 
48030659 
48030407 
48029390 
48008004 
48005666 
48004979 
47994322 
47991746 
47989083 
47986062 
47985726 
47980043 
47979456 
47970809 
47963097 
47949567 
47949377 
47948655 
47946138 
47934909 
47934193 
47930847 
47929130 
47927754 
47923438 
47917435 
47916780 
47915256 
47913402 
47912431 
47909697 
47908293 
47904999 
47901688 
47900668 
47899024 
47896312 
47882785 
47880480 
47877644 
47877363 
47875521 
47872239 
47855408 
47850514 
47849865 
47847282 
47847154 
47836667 
47825232 
47823176 
47821605 
47811631 
47810464 
47803832 
47792599 
47790958 
47775146 
47773225 
47771621 
47768430 
47764510 
47764215 
47762108 
47756413 
47745984 
47745602 
47743628 
47735371 
47729958 
47727806 
47723207 
47720644 
47709492 
47704654 
47695808 
47690292 
47689817 
47681444 
47680043 
47678002 
47671241 
47670042 
47668557 
47666748 
47665130 
47663880 
47656155 
47654400 
47653095 
47651600 
47643664 
47640605 
47635166 
47629626 
47623215 
47615177 
47614309 
47612638 
47611187 
47611129 
47608659 
47605465 
47602233 
47589362 
47586500 
47578322 
47577184 
47572050 
47566549 
47560991 
47559272 
47556363 
47552361 
47552199 
47551072 
47550096 
47548166 
47543512 
47543340 
47536068 
47525490 
47512851 
47507915 
47506643 
47502189 
47502184 
47499710 
47499235 
47488301 
47486511 
47477095 
47474402 
47468845 
47461533 
47459317 
47457951 
47454025 
47421256 
47418103 
47416591 
47412650 
47411648 
47406127 
47398310 
47391848 
47388149 
47387355 
47386688 
47385336 
47384206 
47383407 
47382482 
47382105 
47378616 
47375278 
47375059 
47374546 
47372047 
47370335 
47359682 
47353765 
47349860 
47338712 
47338653 
47337763 
47334495 
47332235 
47322749 
47319543 
47315970 
47315569 
47315004 
47314375 
47310232 
47308216 
47307790 
47306157 
47305276 
47302128 
47297104 
47297034 
47296604 
47292615 
47291910 
47290982 
47284499 
47278257 
47278019 
47277957 
47275231 
47274905 
47274171 
47272181 
47260289 
47256912 
47253526 
47250301 
47248239 
47242469 
47241551 
47238261 
47235953 
47233572 
47222049 
47217725 
47213809 
47209704 
47208271 
47206958 
47205116 
47202801 
47197681 
47196191 
47193066 
47193012 
47190505 
47190072 
47187363 
47185398 
47184856 
47179034 
47174966 
47173980 
47173383 
47173309 
47172070 
47171272 
47170119 
47166531 
47166034 
47165863 
47164024 
47161860 
47160196 
47160090 
47159421 
47155595 
47148873 
47147756 
47146818 
47137300 
47134779 
47127338 
47124969 
47117463 
47116974 
47113092 
47113016 
47112020 
47108237 
47105717 
47087360 
47085513 
47084250 
47063109 
47062232 
47060045 
47056905 
47050569 
47049014 
47048373 
47044095 
47040987 
47037040 
47036282 
47030890 
47020709 
47020533 
47019585 
47012295 
47011590 
47006851 
47002006 
47001409 
46998787 
46991698 
46991284 
46987984 
46985356 
46979331 
46978714 
46978326 
46977117 
46977007 
46970234 
46964577 
46961795 
46961175 
46960843 
46958727 
46957028 
46953920 
46951981 
46948851 
46948453 
46940139 
46938036 
46937461 
46936657 
46935879 
46932088 
46926138 
46926048 
46923988 
46922293 
46920567 
46917535 
46908766 
46905778 
46905512 
46904067 
46902139 
46900830 
46897828 
46895928 
46894894 
46894873 
46893377 
46892371 
46888375 
46887993 
46887470 
46887151 
46884391 
46883420 
46883351 
46883181 
46876971 
46875216 
46870991 
46870101 
46864495 
46860850 
46855178 
46854988 
46851231 
46847962 
46846346 
46845819 
46843398 
46837400 
46834589 
46832443 
46830950 
46830213 
46829288 
46827694 
46825703 
46824265 
46821148 
46817003 
46816842 
46814675 
46809996 
46802621 
46802477 
46787406 
46785953 
46782623 
46782187 
46780403 
46775689 
46774724 
46774651 
46771586 
46767682 
46765359 
46760061 
46759222 
46758152 
46757378 
46754493 
46754001 
46752687 
46748926 
46748454 
46747725 
46745169 
46745073 
46738067 
46738036 
46734201 
46732138 
46728081 
46725020 
46718957 
46714868 
46712923 
46711393 
46703543 
46700549 
46694632 
46689666 
46688557 
46681268 
46678587 
46677738 
46677402 
46677266 
46675996 
46672706 
46672229 
46670448 
46670046 
46667408 
46667344 
46664892 
46664874 
46662082 
46658640 
46653462 
46649024 
46647520 
46647456 
46647123 
46644375 
46640109 
46635833 
46630529 
46628289 
46618915 
46614610 
46608050 
46607039 
46601085 
46601045 
46596310 
46591203 
46587428 
46581735 
46579839 
46579779 
46579106 
46578675 
46577554 
46575769 
46570706 
46570565 
46569422 
46568519 
46565814 
46565130 
46562779 
46558389 
46551505 
46551311 
46550668 
46550316 
46547448 
46545606 
46537971 
46536922 
46536333 
46536305 
46528829 
46523129 
46522481 
46520465 
46514409 
46513963 
46508447 
46507284 
46506443 
46504529 
46500302 
46496236 
46490791 
46483871 
46481132 
46479506 
46478759 
46475860 
46469660 
46468967 
46466961 
46466401 
46464808 
46462490 
46459754 
46459039 
46457342 
46454626 
46452043 
46450468 
46446069 
46443133 
46432862 
46429714 
46426493 
46424686 
46422392 
46421125 
46417999 
46415584 
46415245 
46412803 
46411336 
46411012 
46410733 
46407250 
46402822 
46399635 
46397597 
46390735 
46387261 
46383133 
46381771 
46380350 
46373563 
46365449 
46362496 
46354211 
46349112 
46348828 
46347078 
46346809 
46341219 
46341000 
46340552 
46336374 
46335045 
46331759 
46328364 
46320467 
46309926 
46307104 
46301689 
46299778 
46294651 
46293399 
46293102 
46292431 
46286239 
46284829 
46283726 
46280685 
46273071 
46272929 
46269115 
46266687 
46266659 
46263967 
46261297 
46259590 
46259275 
46258105 
46258011 
46257915 
46257803 
46257112 
46250698 
46249796 
46246556 
46245755 
46240609 
46240557 
46240193 
46231342 
46229581 
46227921 
46225807 
46223574 
46221543 
46220046 
46210184 
46207001 
46204408 
46201078 
46197989 
46196712 
46196511 
46196489 
46196476 
46192467 
46189021 
46183028 
46181949 
46179519 
46177506 
46176698 
46176450 
46174966 
46172928 
46168909 
46168395 
46164619 
46162618 
46161166 
46160480 
46156154 
46154521 
46142397 
46142373 
46139103 
46134185 
46131499 
46130916 
46130774 
46127197 
46126141 
46125620 
46124773 
46122430 
46119659 
46117755 
46115918 
46115853 
46113459 
46112552 
46109724 
46109635 
46106923 
46100303 
46094593 
46093982 
46091760 
46085060 
46084510 
46081133 
46080603 
46079433 
46059769 
46059014 
46056246 
46053651 
46053410 
46050368 
46050291 
46049533 
46048466 
46047773 
46047170 
46044382 
46037450 
46037118 
46035971 
46035531 
46030039 
46028492 
46026060 
46025575 
46018508 
46017990 
46016440 
46015105 
46015104 
46014292 
46009840 
45995724 
45993088 
45991014 
45989011 
45987102 
45979963 
45971519 
45969343 
45965610 
45964894 
45961403 
45960723 
45959739 
45955839 
45954515 
45953250 
45947433 
45942436 
45937362 
45935702 
45932610 
45932504 
45931533 
45931457 
45930463 
45928755 
45928723 
45918226 
45911542 
45911170 
45909344 
45908025 
45900554 
45895515 
45893019 
45889353 
45884671 
45882405 
45876028 
45873824 
45872121 
45870730 
45868182 
45868107 
45865798 
45863814 
45863545 
45862541 
45861491 
45859262 
45859173 
45858646 
45854044 
45849352 
45845912 
45843244 
45833150 
45832074 
45829873 
45828287 
45828223 
45826632 
45825318 
45818378 
45816001 
45815118 
45815106 
45809248 
45798824 
45796858 
45795942 
45795863 
45794939 
45794570 
45791947 
45789841 
45787019 
45783093 
45780123 
45776491 
45776037 
45773281 
45772087 
45768320 
45767166 
45765337 
45765038 
45764892 
45764793 
45764299 
45757686 
45757501 
45757191 
45751471 
45750924 
45749758 
45748972 
45748854 
45746474 
45741094 
45740706 
45734042 
45730195 
45725141 
45723974 
45723807 
45722955 
45714833 
45710973 
45709222 
45702016 
45700263 
45698899 
45695083 
45694702 
45693565 
45682709 
45676999 
45675948 
45674522 
45674149 
45672178 
45671361 
45667814 
45658306 
45657578 
45650897 
45647181 
45643338 
45640017 
45639235 
45634970 
45634423 
45631219 
45626754 
45625651 
45620749 
45619118 
45617649 
45616644 
45614470 
45614373 
45608028 
45604122 
45600445 
45598229 
45595028 
45593094 
45591698 
45586560 
45584696 
45581243 
45579404 
45577755 
45575800 
45572552 
45572507 
45572357 
45569886 
45566505 
45565610 
45558942 
45556489 
45556144 
45555336 
45555303 
45551983 
45551298 
45541092 
45537999 
45536560 
45533245 
45531617 
45530278 
45524617 
45523073 
45520902 
45518108 
45517321 
45513996 
45511249 
45510143 
45506579 
45504302 
45502739 
45488105 
45481651 
45481529 
45479762 
45478688 
45478391 
45478020 
45474605 
45474506 
45472255 
45471848 
45471461 
45470101 
45469259 
45462940 
45458725 
45455776 
45455076 
45453906 
45446255 
45443633 
45442256 
45438972 
45436815 
45432051 
45429071 
45428699 
45427108 
45426634 
45425062 
45420213 
45419960 
45416921 
45414736 
45411665 
45411514 
45405195 
45403034 
45402789 
45400813 
45397976 
45397421 
45396271 
45389994 
45385462 
45383707 
45382388 
45382354 
45376692 
45374338 
45373370 
45371518 
45368011 
45360645 
45359843 
45353775 
45353687 
45353482 
45349750 
45348882 
45347923 
45345323 
45341786 
45341063 
45339243 
45336850 
45336285 
45334409 
45334002 
45332721 
45332455 
45331478 
45326395 
45323765 
45321664 
45318792 
45318216 
45315029 
45308424 
45307384 
45306966 
45300335 
45299878 
45298304 
45296663 
45296243 
45295289 
45295250 
45293737 
45292096 
45291579 
45289657 
45287107 
45283387 
45281542 
45280352 
45277495 
45277053 
45275106 
45272579 
45272459 
45267666 
45267409 
45264926 
45262662 
45260966 
45260222 
45257600 
45257132 
45256791 
45252867 
45252855 
45252834 
45248242 
45244873 
45240587 
45239555 
45238935 
45236199 
45235474 
45233133 
45231003 
45227712 
45226733 
45221830 
45218239 
45218165 
45217142 
45214362 
45212875 
45212633 
45210785 
45209701 
45208949 
45207079 
45204612 
45202416 
45193412 
45184914 
45180910 
45179313 
45175175 
45174354 
45172580 
45171699 
45165624 
45160848 
45159211 
45158959 
45155415 
45154062 
45153142 
45151711 
45149723 
45148048 
45148018 
45145667 
45143940 
45142347 
45139552 
45137617 
45137041 
45132702 
45130656 
45127385 
45123877 
45123738 
45123117 
45123025 
45121753 
45119355 
45117568 
45116486 
45110685 
45110272 
45107155 
45104288 
45104062 
45102900 
45098103 
45094431 
45093319 
45092022 
45085696 
45085277 
45075051 
45069371 
45068601 
45068021 
45064989 
45062045 
45060298 
45059880 
45056817 
45055674 
45055231 
45050810 
45050251 
45047150 
45041023 
45038861 
45037726 
45037355 
45036259 
45035887 
45032891 
45031563 
45027292 
45026379 
45025057 
45021979 
45021541 
45018307 
45015140 
45014989 
45011306 
45010695 
45009986 
45009870 
45005406 
45003374 
45001197 
44999691 
44996577 
44996105 
44995622 
44994278 
44993574 
44992497 
44986579 
44982475 
44978844 
44977557 
44976156 
44974569 
44970017 
44969190 
44969087 
44966193 
44965737 
44964657 
44961524 
44960649 
44957338 
44955620 
44954177 
44953414 
44952212 
44951706 
44950536 
44950062 
44949256 
44948326 
44947874 
44939876 
44937956 
44937463 
44937399 
44937192 
44931497 
44930922 
44929052 
44928934 
44921078 
44917435 
44913076 
44911992 
44910633 
44908870 
44906072 
44902218 
44901187 
44900997 
44900104 
44896788 
44893899 
44893750 
44891821 
44889587 
44884521 
44884428 
44882498 
44879037 
44877057 
44874387 
44873837 
44871018 
44870829 
44870170 
44866007 
44865703 
44860649 
44859693 
44859570 
44859335 
44855721 
44855031 
44854009 
44853425 
44853035 
44850929 
44849981 
44849473 
44848249 
44846938 
44844953 
44842554 
44839004 
44838945 
44836405 
44828902 
44828717 
44823902 
44823677 
44821758 
44820508 
44818242 
44817218 
44816500 
44816075 
44814757 
44814187 
44814008 
44802782 
44789603 
44788431 
44786749 
44783997 
44782054 
44781092 
44779641 
44776357 
44773450 
44772763 
44772591 
44770781 
44769432 
44769237 
44769141 
44766381 
44765424 
44760388 
44759738 
44754712 
44752148 
44752113 
44750790 
44748840 
44747527 
44745956 
44743320 
44743091 
44741866 
44738752 
44738446 
44735150 
44735015 
44732328 
44725744 
44722646 
44721673 
44719747 
44718645 
44717378 
44716764 
44714805 
44714545 
44714120 
44713675 
44713534 
44712359 
44708458 
44707620 
44704316 
44703441 
44701682 
44699243 
44694291 
44693901 
44692939 
44692899 
44692430 
44691306 
44688358 
44685785 
44685395 
44685074 
44682727 
44680828 
44679956 
44679917 
44678410 
44676067 
44671084 
44670805 
44664635 
44663777 
44661211 
44660435 
44659721 
44657353 
44657115 
44656959 
44656016 
44653321 
44652546 
44652335 
44647408 
44645471 
44641257 
44636478 
44635821 
44634230 
44631276 
44629610 
44628037 
44626886 
44624213 
44623675 
44622374 
44616157 
44615282 
44614047 
44613805 
44610401 
44609517 
44609224 
44607676 
44606470 
44605642 
44603005 
44597314 
44593332 
44593072 
44591727 
44579124 
44577481 
44576241 
44575048 
44574896 
44572605 
44566528 
44565477 
44564550 
44563711 
44560023 
44555196 
44552213 
44550820 
44548890 
44548691 
44542219 
44540418 
44536810 
44534097 
44532818 
44531262 
44530868 
44529921 
44526698 
44525645 
44524554 
44524041 
44522381 
44522107 
44519001 
44515860 
44515009 
44514121 
44510731 
44505399 
44504969 
44504057 
44503513 
44502120 
44500631 
44500178 
44499874 
44498398 
44497068 
44495320 
44490238 
44490132 
44490101 
44486728 
44486529 
44485876 
44484467 
44482754 
44477738 
44470067 
44468036 
44466356 
44461671 
44461476 
44460922 
44460516 
44458480 
44457354 
44450443 
44445203 
44443203 
44442280 
44440782 
44437498 
44437045 
44433213 
44432787 
44432398 
44431852 
44431435 
44428833 
44427780 
44420814 
44420383 
44415714 
44410105 
44410070 
44409361 
44408580 
44407808 
44403521 
44403085 
44394480 
44393677 
44392056 
44390277 
44390034 
44388496 
44386369 
44383075 
44383019 
44382145 
44381852 
44380822 
44380775 
44380751 
44376056 
44375961 
44375588 
44373960 
44373853 
44373022 
44371881 
44367602 
44365173 
44361713 
44360730 
44360174 
44360050 
44355965 
44352606 
44351265 
44346572 
44346280 
44341853 
44336846 
44335758 
44333673 
44332663 
44330256 
44328738 
44326342 
44326284 
44325514 
44322337 
44321321 
44318581 
44316671 
44313655 
44313133 
44310314 
44308207 
44303954 
44300335 
44296458 
44296417 
44295950 
44294719 
44293419 
44292038 
44291774 
44286638 
44285185 
44281824 
44281061 
44280384 
44279578 
44277979 
44277025 
44275846 
44274292 
44273823 
44272479 
44269978 
44269930 
44269678 
44268450 
44267798 
44264028 
44263949 
44261715 
44261376 
44261226 
44259326 
44259130 
44258932 
44253474 
44244982 
44241076 
44240080 
44237117 
44236316 
44236253 
44235991 
44235903 
44231754 
44231012 
44230200 
44229567 
44229439 
44227751 
44224536 
44218844 
44214569 
44213659 
44212561 
44211576 
44211570 
44211496 
44210914 
44206239 
44206136 
44201147 
44200674 
44196674 
44195243 
44194518 
44189964 
44189093 
44186810 
44185821 
44185788 
44181006 
44177140 
44174045 
44171799 
44170634 
44170362 
44167213 
44166800 
44165915 
44164618 
44163767 
44163700 
44162923 
44162699 
44158805 
44157607 
44157427 
44157354 
44156497 
44155981 
44151271 
44150791 
44144612 
44143049 
44137134 
44133060 
44131301 
44130682 
44129777 
44128110 
44126676 
44126603 
44124565 
44123386 
44121979 
44121536 
44116630 
44114871 
44111149 
44109617 
44107988 
44106938 
44105348 
44102508 
44102503 
44097481 
44095201 
44094659 
44094257 
44093192 
44090812 
44090399 
44089211 
44084171 
44082362 
44081777 
44081755 
44079146 
44077062 
44076663 
44076051 
44072920 
44072496 
44070422 
44069340 
44069211 
44068210 
44064931 
44064280 
44060884 
44060170 
44059063 
44058539 
44058531 
44057427 
44056706 
44056251 
44055673 
44048627 
44047415 
44046828 
44044991 
44042567 
44040811 
44040514 
44037623 
44037081 
44036114 
44035836 
44033587 
44033130 
44030616 
44030475 
44028514 
44027122 
44026564 
44023736 
44023227 
44021543 
44021538 
44012574 
44011923 
44010505 
44010271 
44007331 
44006317 
44006218 
44004440 
44003991 
44001191 
43997858 
43996917 
43996428 
43995677 
43990510 
43989816 
43989764 
43988631 
43988555 
43988276 
43986721 
43984055 
43983054 
43981307 
43981258 
43981184 
43980301 
43978008 
43977180 
43975534 
43972322 
43971967 
43970063 
43969298 
43966949 
43965138 
43965092 
43964036 
43963448 
43962142 
43961614 
43956874 
43956080 
43952506 
43951892 
43949102 
43947678 
43947296 
43944170 
43943132 
43942024 
43940271 
43937938 
43936063 
43933049 
43932747 
43929007 
43928449 
43926023 
43923388 
43922459 
43921967 
43920765 
43919081 
43917748 
43915855 
43914830 
43913904 
43913609 
43911011 
43909888 
43909777 
43906269 
43905776 
43904999 
43904670 
43902572 
43900867 
43899891 
43895391 
43894944 
43892309 
43891623 
43891451 
43889545 
43888942 
43887905 
43887112 
43885130 
43883524 
43883286 
43880813 
43879789 
43879659 
43877189 
43876669 
43875586 
43873182 
43872601 
43872446 
43871906 
43869963 
43869570 
43868274 
43867530 
43865004 
43864255 
43864106 
43863664 
43856811 
43856486 
43856325 
43855422 
43854025 
43845051 
43844921 
43844477 
43842032 
43840588 
43839438 
43836816 
43835897 
43835734 
43833629 
43827956 
43826975 
43825154 
43824804 
43817454 
43817106 
43811383 
43810633 
43808855 
43808177 
43807926 
43806634 
43806007 
43802558 
43798447 
43795982 
43794381 
43793032 
43792984 
43791095 
43790691 
43789226 
43788902 
43788764 
43787852 
43785379 
43785126 
43784295 
43783985 
43783197 
43779705 
43779564 
43778256 
43775808 
43772387 
43770931 
43770146 
43768872 
43767160 
43765108 
43764852 
43764816 
43762953 
43760750 
43757788 
43757198 
43756919 
43756203 
43753521 
43748583 
43748509 
43741117 
43739128 
43738158 
43730524 
43729189 
43727922 
43727878 
43725812 
43724642 
43724093 
43724047 
43721862 
43719320 
43717357 
43715805 
43715415 
43712907 
43711224 
43710748 
43710312 
43710242 
43710157 
43709873 
43708418 
43706380 
43706222 
43705071 
43704349 
43702938 
43701503 
43700463 
43698598 
43697897 
43696879 
43696615 
43686950 
43685910 
43683848 
43681449 
43681405 
43679839 
43677962 
43674646 
43672215 
43671594 
43671480 
43671442 
43669540 
43669492 
43665177 
43663379 
43662218 
43659836 
43658312 
43657155 
43657108 
43655647 
43651142 
43650103 
43649829 
43649564 
43643952 
43643820 
43641495 
43638843 
43638427 
43636892 
43628135 
43628073 
43625799 
43625469 
43624683 
43624018 
43623768 
43622374 
43621709 
43618950 
43618839 
43617634 
43615010 
43614282 
43613299 
43610324 
43608749 
43607001 
43605409 
43603951 
43603650 
43602683 
43602060 
43598147 
43589860 
43589820 
43588721 
43588096 
43582895 
43582215 
43581676 
43581131 
43579372 
43578953 
43578899 
43574031 
43570468 
43568934 
43564542 
43560956 
43558021 
43557957 
43556821 
43556000 
43555966 
43554440 
43552912 
43551238 
43550549 
43546938 
43545843 
43545293 
43543199 
43540084 
43539838 
43537261 
43537204 
43531545 
43531089 
43530460 
43530048 
43526578 
43523406 
43520316 
43520050 
43516549 
43514616 
43510447 
43510045 
43509677 
43504497 
43504319 
43499056 
43498759 
43497996 
43497952 
43495763 
43495060 
43491937 
43489834 
43487815 
43485942 
43482988 
43480843 
43478574 
43476526 
43474884 
43473584 
43469258 
43468128 
43464912 
43464198 
43464173 
43459870 
43459221 
43455810 
43453838 
43453705 
43448805 
43447869 
43447118 
43445137 
43444363 
43443412 
43442354 
43436403 
43434530 
43432914 
43432894 
43431671 
43428985 
43427064 
43424406 
43423989 
43419719 
43418491 
43418224 
43410503 
43409474 
43408855 
43407747 
43406385 
43405544 
43405041 
43402968 
43400729 
43399214 
43397507 
43396556 
43396172 
43393364 
43393255 
43392448 
43390980 
43390151 
43389652 
43388578 
43388517 
43388262 
43388097 
43381874 
43380103 
43379358 
43376627 
43373740 
43370491 
43370331 
43370166 
43368045 
43367133 
43363971 
43363300 
43361246 
43361040 
43354812 
43351615 
43348956 
43346395 
43335179 
43335143 
43333323 
43331816 
43331212 
43330914 
43330482 
43321142 
43318549 
43318332 
43316255 
43314446 
43312958 
43312354 
43310272 
43309946 
43309063 
43308473 
43306470 
43303613 
43303374 
43303150 
43300891 
43299892 
43298907 
43297028 
43295432 
43291968 
43291841 
43290734 
43288759 
43286745 
43279312 
43278186 
43265655 
43260104 
43257761 
43252676 
43249914 
43249140 
43248949 
43245842 
43244611 
43243584 
43241863 
43241563 
43237734 
43236211 
43232900 
43225901 
43223475 
43221200 
43220672 
43217234 
43214511 
43209752 
43209163 
43204014 
43203207 
43202695 
43198761 
43198035 
43192552 
43191560 
43190991 
43190210 
43189320 
43189139 
43187870 
43185853 
43185106 
43184892 
43184343 
43182269 
43181763 
43181035 
43180749 
43179102 
43177728 
43176745 
43174134 
43172458 
43171669 
43170994 
43167572 
43166017 
43165664 
43165395 
43162524 
43161565 
43161428 
43149293 
43144822 
43141609 
43138587 
43138561 
43137548 
43135445 
43134178 
43132320 
43126563 
43123585 
43123212 
43118054 
43113829 
43108251 
43107006 
43102273 
43097898 
43097733 
43096563 
43093423 
43092746 
43092352 
43091980 
43088809 
43076812 
43076270 
43076128 
43073455 
43070014 
43069461 
43067832 
43067125 
43066501 
43055086 
43053737 
43053329 
43052471 
43052119 
43051837 
43049307 
43047640 
43045316 
43044097 
43040924 
43040009 
43039661 
43031529 
43028864 
43025483 
43020932 
43020929 
43016608 
43014315 
43013847 
43008824 
43008700 
43007043 
43002437 
42999223 
42992978 
42990621 
42988277 
42985410 
42983665 
42980395 
42980214 
42980021 
42978639 
42974244 
42973559 
42970290 
42969858 
42967081 
42966506 
42961363 
42960863 
42957894 
42953292 
42951285 
42951006 
42948363 
42946753 
42945301 
42940870 
42936127 
42935834 
42934402 
42929772 
42924688 
42919180 
42917313 
42916160 
42912762 
42910933 
42898522 
42896298 
42896008 
42894522 
42893094 
42892625 
42890021 
42889742 
42889115 
42884718 
42882189 
42879829 
42876442 
42874449 
42874323 
42872233 
42871041 
42870677 
42870388 
42869304 
42865854 
42865440 
42863316 
42853586 
42852901 
42851655 
42851448 
42843860 
42842880 
42841899 
42838689 
42837803 
42832583 
42828631 
42827845 
42827403 
42820037 
42810772 
42809287 
42806433 
42803346 
42803178 
42799847 
42798869 
42791979 
42789875 
42788634 
42785597 
42783762 
42776003 
42772014 
42771586 
42768417 
42768011 
42767903 
42766355 
42759846 
42759426 
42755632 
42753383 
42751674 
42750915 
42748899 
42747764 
42745194 
42742840 
42740630 
42736711 
42730734 
42729273 
42712123 
42710751 
42708355 
42702805 
42698832 
42695864 
42694809 
42691703 
42689150 
42688478 
42681013 
42679980 
42678529 
42676579 
42672087 
42671577 
42665905 
42658686 
42658523 
42658321 
42656318 
42655641 
42655596 
42650190 
42649766 
42648149 
42643476 
42643204 
42643054 
42642467 
42636679 
42636649 
42635627 
42635126 
42631949 
42631124 
42631061 
42627410 
42625020 
42623256 
42623062 
42622651 
42622020 
42616234 
42615654 
42613327 
42610457 
42609909 
42608239 
42606786 
42604166 
42603505 
42601672 
42597945 
42596385 
42592929 
42591040 
42585680 
42583213 
42582896 
42579250 
42570172 
42568994 
42568958 
42564659 
42563127 
42562983 
42562787 
42562205 
42561794 
42560190 
42558940 
42558701 
42557160 
42556434 
42555595 
42546208 
42543572 
42542560 
42540462 
42539974 
42536714 
42533710 
42533302 
42523335 
42519299 
42514165 
42509953 
42507479 
42499765 
42494149 
42490363 
42489724 
42489116 
42489016 
42486554 
42482143 
42481859 
42481435 
42481433 
42478384 
42478082 
42477198 
42477103 
42475317 
42475062 
42471477 
42464250 
42459497 
42457818 
42451633 
42451426 
42448253 
42446227 
42445628 
42444669 
42443618 
42441808 
42439401 
42437253 
42437186 
42436049 
42435578 
42435048 
42427798 
42410240 
42410221 
42408185 
42399271 
42397479 
42394443 
42392638 
42387222 
42386538 
42382614 
42381311 
42380260 
42379775 
42374204 
42373305 
42367278 
42361299 
42361044 
42358152 
42355774 
42354941 
42349979 
42348407 
42344351 
42340326 
42337768 
42336216 
42334385 
42331697 
42330579 
42323615 
42323075 
42320529 
42317141 
42315732 
42315704 
42310057 
42308533 
42305400 
42305078 
42301499 
42299449 
42299331 
42299052 
42293247 
42291058 
42289809 
42283520 
42280931 
42270903 
42269587 
42266581 
42263501 
42259826 
42259611 
42257919 
42253456 
42252980 
42252081 
42250147 
42248733 
42248422 
42246684 
42243290 
42241463 
42240533 
42240048 
42239627 
42239247 
42235877 
42234760 
42234349 
42232671 
42229877 
42227285 
42227068 
42226169 
42221427 
42219300 
42214164 
42211031 
42209434 
42196028 
42191921 
42191005 
42188921 
42188669 
42187807 
42180977 
42180093 
42178696 
42174448 
42172346 
42171956 
42170808 
42160279 
42159007 
42158859 
42157344 
42145076 
42144686 
42134739 
42128324 
42126836 
42125234 
42124033 
42121268 
42118942 
42117801 
42117713 
42112087 
42108137 
42104308 
42103436 
42095494 
42094976 
42076969 
42074079 
42067376 
42055649 
42053890 
42046025 
42045645 
42041447 
42041033 
42039555 
42039376 
42039164 
42034776 
42028468 
42017462 
42014269 
42012034 
42011938 
42007335 
42007302 
42004687 
42002262 
42001824 
42000351 
41998227 
41997779 
41993607 
41977293 
41975010 
41972796 
41964492 
41962155 
41955358 
41955345 
41950354 
41943077 
41941397 
41932864 
41918468 
41904918 
41901808 
41901786 
41901700 
41898367 
41887449 
41883519 
41877039 
41876049 
41868949 
41863464 
