59126227 
59118624 
59101675 
59032924 
59028026 
59000347 
58993495 
58990600 
58985604 
58950686 
58944030 
58931822 
58927842 
58911111 
58892199 
58816476 
58795531 
58783859 
58749811 
58736871 
58706704 
58701769 
58693416 
58646335 
58644666 
58631484 
58623489 
58622161 
58585062 
58576077 
58550608 
58494425 
58409518 
58374503 
58372075 
58362225 
58360491 
58340656 
58337877 
58317651 
58299435 
58291373 
58285518 
58285140 
58274455 
58264994 
58225419 
58224529 
58218064 
58205729 
58199269 
58195531 
58188868 
58177546 
58177039 
58169652 
58167027 
58165671 
58155341 
58143838 
58134050 
58128121 
58109882 
58067287 
58057011 
58043126 
58036292 
58022415 
58013578 
58005814 
57987343 
57978068 
57974573 
57971491 
57935451 
57924545 
57901866 
57898486 
57897492 
57876390 
57872236 
57856943 
57843332 
57833285 
57832372 
57830125 
57806295 
57795636 
57781852 
57781187 
57779164 
57768811 
57750061 
57740498 
57732256 
57709705 
57709630 
57682748 
57668998 
57658682 
57654699 
57650841 
57643782 
57624902 
57623171 
57616623 
57611002 
57609775 
57603315 
57595540 
57590122 
57583833 
57574708 
57571052 
57541802 
57536494 
57523123 
57519573 
57517126 
57507001 
57495140 
57493190 
57473554 
57454400 
57446499 
57440023 
57430776 
57426171 
57395593 
57384779 
57370794 
57360658 
57359434 
57355923 
57345603 
57324940 
57311741 
57298779 
57292210 
57277685 
57268392 
57268105 
57240237 
57232483 
57222919 
57216562 
57212487 
57191782 
57182065 
57167164 
57162798 
57138331 
57119449 
57114431 
57105109 
57103758 
57096242 
57093078 
57089732 
57070086 
57065186 
57063059 
57058296 
57055298 
57055023 
57046903 
57044170 
57040358 
57029188 
57024707 
57004329 
56980905 
56932164 
56928100 
56924031 
56921627 
56912214 
56912154 
56890280 
56868985 
56866667 
56865898 
56860071 
56843215 
56840655 
56838636 
56838484 
56838023 
56836164 
56809579 
56798296 
56786121 
56782377 
56772393 
56771622 
56766429 
56760198 
56746099 
56737412 
56709657 
56702385 
56687967 
56668842 
56660206 
56649546 
56633289 
56615843 
56609250 
56591219 
56590068 
56586854 
56584305 
56584022 
56563292 
56539355 
56522668 
56500876 
56477011 
56475472 
56457435 
56452495 
56447886 
56437541 
56435236 
56420106 
56407695 
56401701 
56400300 
56400278 
56397213 
56395559 
56379675 
56375981 
56358267 
56356322 
56347669 
56329935 
56323620 
56322429 
56318765 
56262574 
56260194 
56251086 
56240823 
56213219 
56213216 
56205349 
56204267 
56200255 
56195566 
56174332 
56155061 
56141768 
56125658 
56122974 
56121435 
56107104 
56102095 
56092261 
56087703 
56087019 
56085823 
56066868 
56066633 
56060246 
56047280 
56043899 
56039827 
56034792 
56022362 
56001387 
55994093 
55989059 
55956524 
55940063 
55935961 
55935736 
55932896 
55932834 
55919448 
55899434 
55893127 
55884885 
55884333 
55883293 
55883152 
55870475 
55862851 
55853037 
55845285 
55843563 
55839425 
55837778 
55834551 
55812153 
55796765 
55786788 
55786786 
55777717 
55777414 
55777033 
55775710 
55762856 
55758071 
55736182 
55734839 
55708802 
55706866 
55687988 
55685644 
55679728 
55673173 
55661755 
55633284 
55616921 
55614781 
55614190 
55576676 
55565904 
55560138 
55541322 
55541298 
55535684 
55531271 
55530487 
55521931 
55500908 
55497247 
55497048 
55496044 
55490151 
55486770 
55484831 
55483855 
55465474 
55465419 
55457602 
55443416 
55440268 
55430264 
55426609 
55425667 
55421961 
55419904 
55395008 
55392323 
55388552 
55385225 
55381029 
55380097 
55376789 
55373110 
55366822 
55365584 
55355775 
55344152 
55339211 
55327454 
55316275 
55301131 
55288453 
55286119 
55275589 
55261731 
55251163 
55249547 
55242020 
55240200 
55234025 
55233873 
55227580 
55222116 
55221421 
55218670 
55208483 
55206501 
55197615 
55189663 
55176709 
55163970 
55147268 
55146704 
55127697 
55122496 
55113889 
55108834 
55105318 
55105181 
55102620 
55101255 
55097658 
55079515 
55057833 
55053841 
55053224 
55048103 
55048008 
55040185 
55025497 
55014543 
55011534 
55004635 
55001891 
55001628 
55000609 
54992574 
54987815 
54986713 
54979088 
54978543 
54976506 
54966618 
54960440 
54956477 
54941662 
54941109 
54937928 
54924388 
54921977 
54919945 
54919826 
54918934 
54918764 
54912443 
54909481 
54908580 
54903415 
54902080 
54890623 
54890622 
54890436 
54885601 
54882758 
54880374 
54879373 
54876002 
54862617 
54843197 
54838128 
54826630 
54807169 
54805615 
54804936 
54801172 
54795060 
54794157 
54788721 
54779695 
54779414 
54777848 
54767940 
54758512 
54756138 
54748084 
54746576 
54733186 
54727065 
54724225 
54721632 
54721430 
54716472 
54711560 
54704581 
54703780 
54700056 
54699490 
54692799 
54686691 
54679500 
54670532 
54668290 
54647400 
54643869 
54640956 
54639664 
54593671 
54585466 
54569930 
54564720 
54561366 
54558412 
54555961 
54550071 
54547403 
54544626 
54540658 
54535018 
54519012 
54499408 
54490387 
54488840 
54470040 
54460965 
54459145 
54458803 
54418039 
54417063 
54410567 
54406502 
54403535 
54400709 
54399132 
54364697 
54356288 
54355773 
54348616 
54345111 
54339206 
54327181 
54311025 
54303216 
54292076 
54290707 
54276920 
54270344 
54269592 
54268264 
54262715 
54260713 
54258865 
54257466 
54251253 
54238936 
54237282 
54233075 
54231849 
54226778 
54220714 
54198045 
54174053 
54169419 
54168422 
54163884 
54151552 
54140318 
54140087 
54138961 
54127662 
54093574 
54060829 
54043281 
54033879 
54028162 
54021933 
54011872 
54011593 
53991603 
53959841 
53957784 
53940316 
53929178 
53925323 
53921607 
53920455 
53911594 
53909003 
53907419 
53906289 
53905958 
53902246 
53896169 
53888125 
53882870 
53882843 
53880227 
53863323 
53835465 
53821247 
53815169 
53808670 
53800924 
53800781 
53793051 
53792380 
53784322 
53783403 
53780143 
53778492 
53777883 
53768859 
53759125 
53752690 
53750870 
53743104 
53728118 
53715869 
53714933 
53697488 
53696347 
53694361 
53686972 
53686850 
53651865 
53650939 
53637907 
53635078 
53632349 
53627451 
53615257 
53600255 
