74965096 
74959727 
74955609 
74949508 
74931988 
74925096 
74914962 
74911133 
74909609 
74895151 
74875301 
74868390 
74860755 
74859341 
74853672 
74844751 
74836179 
74816422 
74815549 
74804764 
74803451 
74791548 
74776161 
74765782 
74741873 
74740468 
74722445 
74719392 
74718104 
74673773 
74668592 
74662181 
74659597 
74654014 
74650687 
74634368 
74631609 
74629875 
74621088 
74611646 
74602896 
74601169 
74595990 
74594227 
74592259 
74556608 
74551689 
74551532 
74546741 
74542633 
74538091 
74536934 
74523484 
74520011 
74519270 
74514701 
74513156 
74510023 
74508637 
74507945 
74507091 
74500795 
74492984 
74492787 
74489656 
74485839 
74478395 
74476854 
74463327 
74450685 
74445649 
74432643 
74422800 
74422319 
74418755 
74408056 
74403441 
74388221 
74387257 
74376421 
74375757 
74362266 
74360146 
74354738 
74348873 
74338732 
74338413 
74327910 
74323638 
74316747 
74316369 
74316138 
74316104 
74314623 
74308804 
74296715 
74295709 
74285961 
74282971 
74273868 
74269237 
74262029 
74256848 
74243806 
74232318 
74223488 
74213609 
74209797 
74208112 
74207445 
74205650 
74202528 
74195838 
74170783 
74164935 
74155840 
74152064 
74141899 
74141131 
74139054 
74137947 
74136881 
74134334 
74132770 
74130966 
74127409 
74120748 
74118709 
74100242 
74097173 
74083848 
74080868 
74065408 
74061698 
74054813 
74047022 
74046119 
74044255 
74041940 
74027974 
74025877 
74012819 
74011037 
74002740 
73998983 
73998109 
73996634 
73995745 
73994272 
73988945 
73985921 
73984997 
73966906 
73957590 
73947896 
73943919 
73940384 
73939194 
73938471 
73936678 
73932117 
73925028 
73914041 
73904317 
73891099 
73889841 
73885465 
73883494 
73877564 
73876700 
73856197 
73847938 
73838187 
73833233 
73829027 
73813053 
73806342 
73805158 
73801526 
73795601 
73790984 
73768298 
73754859 
73753262 
73735713 
73732285 
73731563 
73730541 
73725875 
73715302 
73714655 
73709191 
73700575 
73697213 
73694077 
73693725 
73690424 
73683855 
73683141 
73677587 
73673822 
73672830 
73671558 
73669250 
73663054 
73654414 
73654027 
73652126 
73650306 
73648558 
73647520 
73641432 
73637767 
73634245 
73634147 
73633228 
73630704 
73622432 
73617383 
73613478 
73607403 
73604399 
73599021 
73597253 
73592742 
73591353 
73582789 
73573544 
73572687 
73559670 
73552549 
73551974 
73550075 
73545513 
73542400 
73523196 
73518308 
73510667 
73510062 
73506699 
73497406 
73493473 
73476492 
73471146 
73470508 
73469522 
73466745 
73453661 
73452960 
73446974 
73445153 
73442050 
73435167 
73429574 
73419215 
73410228 
73405500 
73387474 
73379044 
73370033 
73369193 
73367347 
73364978 
73360001 
73352924 
73352624 
73350057 
73346232 
73344866 
73321417 
73315073 
73311216 
73307915 
73304663 
73299431 
73297982 
73279285 
73271224 
73270831 
73261329 
73257916 
73253521 
73251952 
73243392 
73243152 
73235342 
73233236 
73226835 
73224601 
73217345 
73205172 
73193589 
73190546 
73186694 
73182345 
73181855 
73167537 
73159733 
73155471 
73155252 
73151527 
73145984 
73132677 
73130170 
73123355 
73121006 
73118044 
73116154 
73104396 
73101944 
73093014 
73084873 
73084661 
73084259 
73079101 
73075941 
73075665 
73074497 
73071068 
73070939 
73066976 
73060906 
73060848 
73058692 
73053941 
73050039 
73032535 
73029991 
73025581 
73024318 
73023817 
73021370 
73021352 
73019615 
73017893 
73016227 
73014559 
73012817 
73008963 
73007152 
73006611 
73004715 
73003948 
73002585 
73001786 
73001609 
72992981 
72992046 
72992034 
72968586 
72968529 
72960099 
72959195 
72954314 
72952877 
72937440 
72935887 
72933692 
72933464 
72928153 
72922160 
72922003 
72918572 
72917479 
72916974 
72914547 
72910337 
72909413 
72905695 
72892218 
72889938 
72886084 
72884037 
72883169 
72878347 
72876633 
72875022 
72874060 
72866059 
72858959 
72852666 
72845511 
72839075 
72837270 
72835829 
72834987 
72833553 
72832652 
72826919 
72826701 
72826367 
72826009 
72825581 
72823354 
72809042 
72798709 
72793648 
72788217 
72785042 
72781429 
72774856 
72774655 
72773692 
72771917 
72769947 
72768170 
72765465 
72764394 
72761112 
72754806 
72749825 
72740338 
72738332 
72736833 
72732963 
72730210 
72729400 
72723763 
72723570 
72720698 
72719796 
72719366 
72711927 
72711467 
72706968 
72698849 
72698770 
72694590 
72689802 
72685865 
72676376 
72675985 
72668256 
72667386 
72666734 
72665460 
72656787 
72653501 
72652810 
72650265 
72649911 
72649448 
72647929 
72646625 
72645849 
72644725 
72642776 
72641445 
72640481 
72637404 
72636005 
72634261 
72623887 
72623460 
72617994 
72616821 
72609309 
72604945 
72602070 
72599669 
72596751 
72593627 
72593015 
72592927 
72592764 
72591898 
72591757 
72587926 
72586551 
72583628 
72582131 
72581658 
72581100 
72580737 
72579221 
72576166 
72575325 
72571727 
72569243 
72568006 
72563238 
72563081 
72561538 
72560294 
72557027 
72553915 
72548711 
72541807 
72540847 
72537499 
72528172 
72528057 
72521971 
72519406 
72514322 
72511435 
72508518 
72502039 
72497906 
72494438 
72490611 
72484781 
72480673 
72475242 
72471927 
72471716 
72471388 
72467742 
72464313 
72459250 
72458929 
72451690 
72451324 
72451247 
72443995 
72443701 
72441335 
72436396 
72434678 
72432047 
72428869 
72427824 
72426042 
72417661 
72417205 
72411534 
72404056 
72402345 
72401631 
72400019 
72398156 
72397318 
72397000 
72395305 
72390812 
72390614 
72385724 
72383170 
72378660 
72376603 
72374220 
72372156 
72366742 
72365947 
72365636 
72363254 
72362955 
72361515 
72356803 
72353540 
72349497 
72345329 
72345120 
72343920 
72343133 
72342270 
72336920 
72335401 
72335201 
72329731 
72329158 
72328336 
72325081 
72324467 
72323008 
72319584 
72312885 
72307735 
72302252 
72299359 
72296502 
72291156 
72289421 
72286517 
72285383 
72284317 
72282556 
72279486 
72278915 
72270834 
72270421 
72270014 
72267533 
72264404 
72254420 
72253416 
72251989 
72244972 
72243480 
72239082 
72238424 
72232442 
72230999 
72230549 
72228181 
72227769 
72225416 
72224609 
72224335 
72223271 
72220492 
72217528 
72217158 
72214388 
72214123 
72213286 
72209348 
72209186 
72207492 
72202544 
72200702 
72200594 
72199225 
72189845 
72179269 
72170694 
72169792 
72154460 
72153756 
72152848 
72152601 
72150775 
72144066 
72135703 
72135323 
72126176 
72121807 
72115840 
72109978 
72109347 
72106291 
72106160 
72105811 
72101676 
72101010 
72097093 
72094446 
72087835 
72083478 
72083176 
72082492 
72078905 
72076391 
72073061 
72066656 
72066504 
72064633 
72063998 
72062724 
72062623 
72061792 
72056978 
72054469 
72054410 
72051386 
72050846 
72050454 
72047367 
72045672 
72045130 
72040918 
72038070 
72037755 
72036891 
72033722 
72020869 
72020715 
72019917 
72018691 
72017821 
72012034 
72008325 
72007164 
72001074 
71999690 
71999047 
71998329 
71998184 
71997777 
71989945 
71986631 
71985014 
71977109 
71974005 
71973734 
71971832 
71965676 
71963468 
71962577 
71953309 
71950589 
71949026 
71947347 
71941648 
71931369 
71927973 
71925462 
71919187 
71918941 
71916294 
71906378 
71903644 
71898775 
71898404 
71896563 
71893842 
71886897 
71883415 
71881864 
71880940 
71880219 
71877525 
71867474 
71867163 
71866688 
71865772 
71863759 
71860652 
71860177 
71859872 
71856040 
71855942 
71854974 
71854075 
71853185 
71850497 
71846967 
71846624 
71844557 
71844232 
71841730 
71841535 
71837826 
71836011 
71831389 
71830246 
71828982 
71827501 
71825617 
71816910 
71814568 
71812908 
71810636 
71808764 
71805292 
71804813 
71802856 
71801197 
71797622 
71793931 
71790109 
71786919 
71786817 
71782996 
71779595 
71774107 
71773198 
71772096 
71769201 
71759564 
71758289 
71756783 
71756022 
71752922 
71751824 
71750393 
71750317 
71748839 
71740801 
71733815 
71733236 
71730887 
71726603 
71723765 
71721752 
71721435 
71712309 
71711639 
71708869 
71705012 
71704169 
71700257 
71699109 
71698233 
71695380 
71690691 
71690158 
71688594 
71687214 
71685285 
71684441 
71683250 
71682453 
71681365 
71677927 
71676667 
71672512 
71669832 
71666128 
71660905 
71655941 
71649059 
71648477 
71642719 
71640574 
71640283 
71638479 
71630952 
71629898 
71620464 
71616439 
71614540 
71614405 
71610414 
71608110 
71607098 
71605552 
71603976 
71599274 
71596528 
71592795 
71589722 
71588126 
71587784 
71587683 
71584656 
71583915 
71582924 
71582070 
71581911 
71574855 
71573254 
71572460 
71572150 
71568996 
71563785 
71561813 
71559893 
71548084 
71548021 
71543714 
71539878 
71537766 
71537561 
71535886 
71527322 
71526764 
71526497 
71515647 
71514419 
71508416 
71499679 
71498170 
71497109 
71495622 
71493845 
71492876 
71487597 
71485494 
71482681 
71479645 
71477777 
71476440 
71472719 
71468653 
71468261 
71468104 
71467300 
71462784 
71458769 
71457659 
71454198 
71450520 
71448809 
71447292 
71446480 
71446172 
71446039 
71445341 
71441002 
71437803 
71431029 
71425303 
71423131 
71421138 
71418081 
71417488 
71417453 
71416998 
71410543 
71408000 
71407761 
71402046 
71400983 
71400466 
71398018 
71394648 
71392772 
71384848 
71384656 
71381655 
71379705 
71374725 
71369804 
71361505 
71360400 
71358456 
71357187 
71350901 
71350569 
71347919 
71346092 
71343528 
71342264 
71337398 
71337271 
71335933 
71329120 
71329091 
71321447 
71318959 
71316001 
71313996 
71311638 
71310303 
71309779 
71309777 
71306915 
71303144 
71302750 
71302081 
71299624 
71291981 
71290378 
71289696 
71284533 
71282831 
71280790 
71276768 
71275539 
71273114 
71272010 
71269902 
71269760 
71269350 
71268287 
71268264 
71267890 
71267696 
71266718 
71263951 
71259298 
71259144 
71256172 
71253593 
71252219 
71251730 
71248254 
71246689 
71245990 
71244201 
71242830 
71242289 
71241391 
71239849 
71228609 
71228386 
71227870 
71227127 
71222588 
71220877 
71220308 
71217093 
71213266 
71212950 
71212233 
71211983 
71207199 
71207016 
71206319 
71194091 
71193965 
71192404 
71190929 
71188809 
71187140 
71185806 
71185421 
71183317 
71182186 
71178823 
71172756 
71168828 
71162448 
71162298 
71159975 
71159070 
71156665 
71155420 
71153062 
71150854 
71150349 
71147053 
71146669 
71145770 
71145464 
71134498 
71133413 
71131968 
71131548 
71130146 
71126986 
71125921 
71124734 
71121598 
71119079 
71116888 
71116218 
71115915 
71115113 
71114838 
71112083 
71108653 
71108392 
71100686 
71094591 
71094320 
71093448 
71092817 
71091529 
71086684 
71086010 
71085260 
71082244 
71079939 
71078752 
71078555 
71077490 
71076837 
71075675 
71074842 
71070015 
71066090 
71064234 
71059838 
71052557 
71043238 
71041403 
71040641 
71039163 
71037155 
71035601 
71031765 
71031390 
71030935 
71030159 
71028851 
71024284 
71023422 
71023359 
71022673 
71021258 
71016923 
71016708 
71011048 
71001797 
70999437 
70998824 
70998797 
70995923 
70995520 
70989832 
70988086 
70986489 
70986090 
70985693 
70985509 
70981814 
70980705 
70977914 
70974604 
70974177 
70972643 
70972453 
70971988 
70971908 
70969099 
70967011 
70965217 
70964174 
70963174 
70963119 
70963055 
70961844 
70960798 
70959459 
70959342 
70956868 
70953557 
70949887 
70948255 
70947768 
70946848 
70945435 
70944456 
70942765 
70941585 
70941310 
70937546 
70937501 
70937258 
70935378 
70930999 
70930913 
70922204 
70922032 
70921143 
70920923 
70915821 
70914597 
70908419 
70905871 
70905812 
70899253 
70897659 
70896888 
70896165 
70893950 
70889425 
70888887 
70887690 
70887006 
70886998 
70882151 
70881000 
70879254 
70874648 
70866964 
70866005 
70858375 
70858229 
70855836 
70854396 
70851053 
70848656 
70847600 
70847012 
70844986 
70843873 
70843313 
70837162 
70836249 
70836080 
70835402 
70831623 
70830020 
70829797 
70828524 
70828167 
70825443 
70820532 
70819256 
70819122 
70817941 
70816651 
70810809 
70806745 
70806214 
70805596 
70804544 
70804394 
70803496 
70801367 
70798387 
70798119 
70797831 
70794147 
70794140 
70793167 
70791279 
70790147 
70787534 
70787091 
70783805 
70783667 
70783020 
70782916 
70782421 
70781944 
70781026 
70777034 
70774422 
70770091 
70768307 
70767588 
70763014 
70759746 
70756558 
70756296 
70754880 
70749241 
70745236 
70743957 
70743018 
70741594 
70739352 
70736458 
70722170 
70716617 
70713979 
70713292 
70712737 
70707620 
70706368 
70704788 
70701117 
70699847 
70697847 
70697614 
70694440 
70692562 
70688980 
70688607 
70685898 
70684116 
70683647 
70680060 
70676528 
70676387 
70674947 
70673102 
70673034 
70671728 
70669180 
70669071 
70666063 
70664383 
70662058 
70656486 
70655596 
70653320 
70652991 
70649952 
70637436 
70635028 
70634276 
70634216 
70634147 
70634089 
70627327 
70626640 
70625709 
70623658 
70621489 
70617287 
70615795 
70614847 
70612001 
70606504 
70602685 
70600158 
70595342 
70594403 
70589796 
70589456 
70588699 
70588399 
70580159 
70579078 
70578561 
70575345 
70571603 
70571290 
70571026 
70568262 
70564757 
70561533 
70560460 
70559300 
70553212 
70552419 
70550837 
70550780 
70549986 
70547231 
70546505 
70545814 
70545019 
70544545 
70535417 
70533446 
70531933 
70529952 
70528150 
70524400 
70521747 
70520466 
70516776 
70515910 
70512834 
70511435 
70511244 
70508590 
70507621 
70498759 
70498191 
70496845 
70496319 
70494420 
70494072 
70493833 
70489510 
70488110 
70486330 
70483088 
70477597 
70469445 
70466969 
70466215 
70465810 
70465670 
70461957 
70461214 
70460950 
70459441 
70458180 
70451428 
70448796 
70448761 
70448162 
70447413 
70444749 
70442904 
70431450 
70431429 
70426110 
70422500 
70418199 
70416754 
70415751 
70414472 
70413372 
70412539 
70412485 
70409503 
70406532 
70406451 
70400945 
70397589 
70396743 
70395540 
70395536 
70395457 
70393360 
70392862 
70392821 
70389104 
70388000 
70387841 
70385432 
70384512 
70379739 
70375147 
70371867 
70368777 
70362693 
70360044 
70359787 
70358004 
70357774 
70355830 
70353942 
70353935 
70353761 
70353641 
70353357 
70347085 
70345723 
70340099 
70338663 
70338539 
70336992 
70325719 
70323907 
70323513 
70322863 
70320685 
70320045 
70314652 
70311923 
70311817 
70309487 
70308545 
70306169 
70305789 
70305526 
70300873 
70300660 
70298149 
70297671 
70292209 
70291086 
70290277 
70288547 
70284887 
70284383 
70283011 
70282771 
70281596 
70281274 
70279262 
70279084 
70269588 
70267898 
70264493 
70262148 
70261951 
70261714 
70260427 
70257092 
70252217 
70250728 
70249581 
70249307 
70248523 
70245432 
70242423 
70240844 
70236214 
70234597 
70234177 
70233631 
70231884 
70229409 
70229079 
70226912 
70223338 
70223099 
70214112 
70213595 
70212597 
70212365 
70209427 
70208362 
70206608 
70203149 
70202988 
70202315 
70200929 
70200311 
70192205 
70189044 
70188801 
70184483 
70184314 
70184006 
70174891 
70174413 
70173935 
70173929 
70170285 
70164421 
70162076 
70161516 
70160321 
70156678 
70156605 
70156325 
70154521 
70153045 
70150545 
70150223 
70147822 
70146444 
70143660 
70143067 
70142172 
70140837 
70140836 
70139575 
70139176 
70134296 
70130976 
70129806 
70128841 
70125709 
70123007 
70121521 
70117877 
70117083 
70114688 
70106668 
70103651 
70103384 
70101674 
70100888 
70100752 
70098102 
70092226 
70091077 
70090181 
70084041 
70083210 
70075401 
70075148 
70074557 
70071964 
70068545 
70065733 
70065475 
70063230 
70059308 
70059292 
70058991 
70056231 
70055036 
70045642 
70044993 
70044378 
70042828 
70041790 
70038093 
70036222 
70035736 
70035681 
70035237 
70034632 
70025865 
70023503 
70023280 
70022263 
70017884 
70015862 
70007306 
70000827 
69998032 
69991991 
69982107 
69981527 
69978207 
69974989 
69974196 
69974193 
69972738 
69969735 
69963364 
69962745 
69960251 
69957739 
69957229 
69956558 
69951312 
69943594 
69941957 
69941123 
69939814 
69939066 
69938550 
69936081 
69934232 
69931067 
69930704 
69924771 
69918892 
69917510 
69917032 
69915796 
69913089 
69911325 
69910670 
69909763 
69907911 
69907383 
69905252 
69905239 
69898721 
69898196 
69897727 
69896738 
69893681 
69893544 
69889484 
69886942 
69886209 
69886141 
69882754 
69881582 
69881240 
69878011 
69877052 
69869589 
69868476 
69867705 
69864854 
69862108 
69861716 
69861679 
69858291 
69856292 
69855598 
69854405 
69853843 
69853717 
69853700 
69852229 
69851895 
69844356 
69838846 
69838083 
69835942 
69833332 
69829073 
69826775 
69824998 
69823905 
69822534 
69820403 
69819787 
69818279 
69817491 
69813932 
69808893 
69808770 
69808395 
69800337 
69794597 
69792926 
69790469 
69787462 
69783494 
69778453 
69771274 
69770817 
69770355 
69769197 
69763429 
69762795 
69762333 
69760696 
69758166 
69757625 
69755340 
69754445 
69753220 
69751833 
69751104 
69747218 
69736931 
69731036 
69727024 
69725625 
69725079 
69721329 
69721324 
69716897 
69716422 
69712366 
69708188 
69707455 
69706311 
69706260 
69705295 
69696959 
69690266 
69689957 
69689158 
69686317 
69685444 
69683673 
69683434 
69677843 
69675955 
69671140 
69668671 
69667431 
69666875 
69666638 
69662016 
69658157 
69651490 
69644939 
69641206 
69639907 
69638655 
69637176 
69628796 
69626896 
69625151 
69624126 
69614077 
69612727 
69603160 
69600750 
69599095 
69596665 
69596425 
69592705 
69592403 
69591065 
69590437 
69580895 
69580118 
69579121 
69573202 
69572718 
69571402 
69566099 
69565739 
69562509 
69561957 
69559658 
69557326 
69555879 
69555297 
69554912 
69551064 
69550452 
69546732 
69544514 
69543980 
69538693 
69535897 
69534837 
69531142 
69523610 
69518677 
69514258 
69512194 
69510728 
69509162 
69506837 
69506370 
69506028 
69504102 
69502874 
69498306 
69491617 
69483077 
69482167 
69480699 
69478975 
69478258 
69475059 
69472412 
69470852 
69467235 
69466752 
69461805 
69461127 
69456911 
69456751 
69455331 
69452896 
69450020 
69446399 
69444936 
69444188 
69440492 
69438361 
69434998 
69432455 
69431439 
69430657 
69429493 
69425379 
69423993 
69422161 
69421551 
69421015 
69421001 
69420410 
69417441 
69415391 
69410349 
69410165 
69409371 
69408859 
69405498 
69401659 
69399476 
69399265 
69396505 
69390271 
69388144 
69387281 
69385476 
69376290 
69374786 
69364959 
69362072 
69359926 
69357716 
69356024 
69354756 
69353615 
69352047 
69351892 
69351747 
69350436 
69345309 
69343083 
69336401 
69332275 
69328868 
69324081 
69315928 
69314829 
69314771 
69313432 
69309397 
69309111 
69299603 
69297893 
69297698 
69295718 
69292116 
69292075 
69291957 
69291174 
69290026 
69288002 
69285597 
69282717 
69282593 
69282062 
69280465 
69280434 
69276034 
69272295 
69268836 
69268075 
69262053 
69260673 
69258896 
69255456 
69244071 
69242806 
69242038 
69241691 
69238629 
69236649 
69233721 
69230241 
69229196 
69229194 
69226602 
69225437 
69222398 
69220025 
69217288 
69216941 
69215646 
69215546 
69213204 
69211331 
69207385 
69207180 
69206447 
69205036 
69203932 
69201311 
69200403 
69197038 
69195062 
69194724 
69192971 
69190607 
69184976 
69177128 
69172182 
69169353 
69167863 
69167762 
69166010 
69164594 
69164365 
69161794 
69159477 
69158385 
69156292 
69153397 
69149047 
69144803 
69143515 
69142364 
69142142 
69142109 
69140550 
69136985 
69133941 
69131627 
69129838 
69126651 
69122028 
69105464 
69105323 
69105053 
69102966 
69099693 
69096605 
69095476 
69094907 
69088975 
69088144 
69083388 
69083341 
69079654 
69078534 
69075968 
69075338 
69074533 
69074433 
69073809 
69071531 
69068328 
69060592 
69057823 
69055792 
69051903 
69049559 
69045442 
69045238 
69044336 
69040999 
69035373 
69033583 
69031582 
69031472 
69030128 
69026660 
69022927 
69020668 
69020308 
69017667 
69014804 
69009065 
69006558 
69005907 
69005419 
69003371 
69003044 
69002763 
69001808 
68997516 
68996801 
68991234 
68989704 
68988782 
68986809 
68981938 
68975400 
68968155 
68966877 
68961803 
68961385 
68960376 
68959928 
68954643 
68948186 
68944022 
68943900 
68943888 
68937785 
68937374 
68933326 
68931672 
68931215 
68925857 
68924319 
68916410 
68913619 
68909712 
68905134 
68904376 
68901169 
68898473 
68896761 
68891477 
68885382 
68885071 
68884104 
68883067 
68875844 
68874096 
68873314 
68868240 
68867133 
68862937 
68859282 
68858489 
68849157 
68848029 
68845727 
68844367 
68840061 
68839879 
68839382 
68832067 
68830734 
68825648 
68824212 
68812264 
68803478 
68802762 
68789967 
68789162 
68786834 
68778918 
68778569 
68777628 
68772944 
68771937 
68766275 
68763818 
68761441 
68750614 
68744229 
68743794 
68741098 
68735103 
68734568 
68732822 
68730668 
68727251 
68722273 
68719248 
68714650 
68713334 
68711050 
68697034 
68694471 
68687936 
68687036 
68686605 
68681470 
68678962 
68678703 
68676731 
68668129 
68666195 
68664142 
68654456 
68652964 
68652152 
68651715 
68650490 
68649592 
68645041 
68642897 
68642424 
68641615 
68637272 
68635284 
68634009 
68630440 
68627646 
68627244 
68624571 
68622471 
68621649 
68618716 
68615141 
68614030 
68611989 
68611240 
68602343 
68599728 
68599207 
68598290 
68597968 
68597428 
68593295 
68589766 
68589635 
68589581 
68583439 
68582740 
68575520 
68571191 
68568841 
68565944 
68565277 
68563353 
68558513 
68554950 
68547184 
68544468 
68541353 
68534341 
68533235 
68532220 
68531657 
68530598 
68529338 
68526442 
68522830 
68522101 
68521971 
68518907 
68513878 
68509274 
68509103 
68505362 
68500225 
68497990 
68495338 
68489438 
68488225 
68487816 
68484900 
68480455 
68479441 
68472445 
68472030 
68467268 
68464797 
68464530 
68441054 
68436011 
68432274 
68429675 
68429466 
68428824 
68425334 
68417018 
68413804 
68411369 
68403510 
68397154 
68393855 
68386181 
68384606 
68379123 
68373594 
68365430 
68362574 
68362404 
68360884 
68352494 
68348813 
68347172 
68335311 
68329171 
68327362 
68321892 
68319278 
68317372 
68306338 
68305682 
68303640 
68299394 
68294348 
68285039 
68279784 
68279594 
68277045 
68276394 
68269396 
68266552 
68263199 
68261529 
68260523 
68255729 
68254276 
68249544 
68248675 
68243916 
68243566 
68236377 
68236048 
68235377 
68234070 
68233814 
68231992 
68231114 
68230356 
68228649 
68228179 
68227289 
68221111 
68217270 
68216688 
68213622 
68205242 
68204523 
68201456 
68200425 
68194892 
68192933 
68184854 
68184178 
68180706 
68179012 
68175983 
68173097 
68172107 
68171254 
68170314 
68168594 
68162955 
68156347 
68154374 
68144540 
68133955 
68133821 
68132738 
68131685 
68129012 
68128982 
68123412 
68120377 
68119661 
68118991 
68117285 
68114640 
68113131 
68109213 
68104814 
68104485 
68103983 
68102231 
68097778 
68095705 
68090557 
68090167 
68088434 
68065554 
68064861 
68043549 
68028905 
68028095 
68026734 
68026612 
68023119 
68021773 
68016772 
68016510 
68015148 
68014882 
68005210 
68003086 
68001361 
67989617 
67988639 
67981733 
67975600 
67971232 
67968704 
67967681 
67965876 
67964054 
67957345 
67950694 
67948145 
67947101 
67946994 
67945991 
67944270 
67937968 
67935826 
67932573 
67930165 
67925049 
67923687 
67921430 
67921192 
67920919 
67916718 
67914887 
67912752 
67904704 
67901414 
67901088 
67892688 
67891961 
67891899 
67890404 
67885559 
67879908 
67878947 
67877403 
67875965 
67869154 
67859958 
67857092 
67856481 
67853131 
67853097 
67851373 
67847122 
67841227 
67836055 
67835541 
67831710 
67826205 
67821753 
67820505 
67809097 
67803588 
67800299 
67799063 
67797288 
67794375 
67793231 
67792558 
67791782 
67781475 
67777602 
67776819 
67776357 
67768597 
67768542 
67759461 
67758057 
67754533 
67753869 
67750072 
67747215 
67739283 
67737305 
67730347 
67726244 
67725579 
67724456 
67722776 
67722193 
67714805 
67713856 
67709621 
67709090 
67705974 
67700719 
67694925 
67686045 
67685079 
67681114 
67676533 
67675648 
67670739 
67667096 
67662818 
67660622 
67660590 
67659434 
67654688 
67646818 
67646753 
67641187 
67633174 
67633033 
67630685 
67630144 
67626077 
67623792 
67618492 
67618171 
67616980 
67611651 
67610948 
67607304 
67591931 
67587847 
67586811 
67585756 
67581194 
67580182 
67580140 
67578072 
67569539 
67556517 
67548938 
67546539 
67545182 
67544538 
67541865 
67537226 
67536770 
67535058 
67531693 
67528742 
67527086 
67525070 
67523726 
67514838 
67511605 
67509579 
67497064 
67496685 
67492848 
67491106 
67488022 
67487562 
67484652 
67482270 
67481396 
67480619 
67476583 
67471630 
67466467 
67456549 
67450455 
67449911 
67444005 
67442919 
67439744 
67427874 
67426569 
67425785 
67425447 
67423127 
67405085 
67404799 
67403096 
67398896 
67382105 
67380785 
67376510 
67375008 
67374989 
67374236 
67373561 
67366475 
67362516 
67362204 
67360471 
67350977 
67350697 
67350584 
67347100 
67344699 
67344037 
67340040 
67339968 
67334048 
67332521 
67330649 
67327276 
67324487 
67321831 
67314666 
67312972 
67311466 
67310753 
67309892 
67308056 
67305774 
67292674 
67284550 
67283687 
67276339 
67273519 
67271992 
67267511 
67265100 
67262728 
67260621 
67258219 
67256450 
67256344 
67256304 
67251134 
67245148 
67244005 
67242410 
67236193 
67230664 
67226474 
67226265 
67226114 
67223657 
67222711 
67219737 
67217177 
67207154 
67201523 
67200964 
67198739 
67196015 
67194274 
67193142 
67184557 
67182659 
67179922 
67170906 
67170785 
67163564 
67160282 
67157814 
67154488 
67134537 
67132203 
67131276 
67119904 
67117602 
67111159 
67110627 
67108235 
67101936 
67100043 
67085791 
67081678 
67074490 
67072510 
67072343 
67063279 
67061682 
67058181 
67056184 
67046806 
67043336 
67042879 
67038161 
67036835 
67028627 
67022234 
67021518 
67019925 
67018131 
67014764 
67009974 
67009782 
66999963 
66997168 
66991288 
66990173 
66987028 
66976201 
66964092 
66960498 
66953096 
66946744 
66942835 
66938215 
66937682 
66936091 
66934738 
66933871 
66933655 
66925766 
66920190 
66918648 
66910946 
66904693 
66903597 
66900700 
66894375 
66890027 
66888319 
66888084 
66875240 
66872617 
66853395 
66853268 
66851668 
66850437 
66848364 
66844767 
66841834 
66837937 
66837637 
66836419 
66833173 
66817255 
66811326 
66803988 
66799430 
66793949 
66781902 
66773390 
66772232 
66765739 
66763306 
66755495 
66754033 
66749849 
66747727 
66747625 
66744704 
66738768 
66738415 
66734034 
66732887 
66724309 
66723306 
66715044 
66713830 
66713321 
66712576 
66708490 
66701740 
66699490 
66698695 
66697957 
66692063 
66691608 
66684492 
66682998 
66662780 
66656145 
66641283 
