58043107 
58037845 
58036665 
58035288 
58018901 
58013161 
58007027 
57993446 
57974469 
57974214 
57972116 
57966203 
57958184 
57952062 
57948202 
57932475 
57932346 
57917803 
57915449 
57904219 
57902489 
57900915 
57900675 
57889798 
57879791 
57872364 
57864840 
57863681 
57842823 
57840017 
57830469 
57823260 
57818620 
57806683 
57793822 
57775679 
57774959 
57752928 
57749750 
57740426 
57735266 
57728109 
57727736 
57713737 
57713233 
57676585 
57671255 
57655314 
57652988 
57645842 
57645096 
57642916 
57625030 
57617728 
57616039 
57577865 
57572444 
57572304 
57558891 
57552249 
57543371 
57506067 
57504410 
57498307 
57487399 
57484550 
57479179 
57460993 
57454644 
57451295 
57449174 
57449088 
57437932 
57432583 
57423468 
57422017 
57418277 
57416908 
57397411 
57380576 
57366419 
57363966 
57363404 
57360430 
57355509 
57350219 
57340200 
57335261 
57323266 
57305748 
57301728 
57300067 
57290252 
57279494 
57274688 
57271976 
57270193 
57253157 
57252392 
57250498 
57242379 
57228443 
57223978 
57203496 
57196748 
57185705 
57179658 
57178193 
57168397 
57164171 
57159653 
57142458 
57137784 
57134967 
57116437 
57100772 
57098945 
57091468 
57088480 
57083218 
57076435 
57064868 
57044441 
57039799 
57026975 
57021642 
57007712 
57007627 
57004740 
57000735 
56995543 
56992378 
56960692 
56950733 
56949610 
56943174 
56942104 
56932229 
56911729 
56900196 
56890117 
56877003 
56870179 
56868041 
56866965 
56866328 
56863270 
56849990 
56829710 
56825683 
56823394 
56823301 
56819040 
56818781 
56812184 
56800023 
56793316 
56791185 
56783630 
56783417 
56781014 
56772516 
56762658 
56757160 
56752376 
56741732 
56736184 
56730102 
56723583 
56719135 
56717941 
56711777 
56697787 
56697088 
56695697 
56682851 
56669224 
56668141 
56662790 
56655958 
56649706 
56636643 
56636588 
56632258 
56622727 
56621252 
56621018 
56616358 
56611339 
56603338 
56603179 
56602859 
56600979 
56599582 
56597690 
56590781 
56584917 
56582779 
56574881 
56564746 
56554568 
56552637 
56544558 
56541340 
56540559 
56539629 
56538095 
56536551 
56535885 
56534474 
56526226 
56519975 
56515721 
56492502 
56491625 
56488678 
56484784 
56469200 
56469096 
56459573 
56458270 
56454668 
56454223 
56447668 
56443341 
56436456 
56433406 
56397253 
56396868 
56395755 
56391311 
56390776 
56390097 
56386952 
56385683 
56382878 
56372617 
56368063 
56362972 
56362735 
56360147 
56359403 
56349192 
56345008 
56325822 
56315672 
56311006 
56301489 
56301241 
56294805 
56292340 
56267672 
56264407 
56255319 
56251967 
56250135 
56245267 
56243154 
56238005 
56234231 
56216947 
56215108 
56208383 
56205483 
56201333 
56195486 
56189366 
56185507 
56183189 
56180826 
56179597 
56178442 
56175078 
56171398 
56170887 
56167676 
56167251 
56162578 
56153079 
56151952 
56143380 
56142582 
56142298 
56139873 
56137395 
56137106 
56133246 
56127717 
56121362 
56120749 
56113908 
56110722 
56097159 
56088670 
56078510 
56077272 
56076621 
56061726 
56055322 
56051579 
56047096 
56045657 
56043955 
56043673 
56038349 
56030867 
56030778 
56029336 
56015846 
56013584 
56007022 
56006232 
55982206 
55981205 
55980564 
55975663 
55974023 
55973401 
55963847 
55963757 
55962315 
55960130 
55960032 
55956070 
55934869 
55931427 
55930683 
55920996 
55912168 
55903226 
55898427 
55881211 
55879181 
55878139 
55872836 
55871624 
55869241 
55860412 
55848841 
55848066 
55846572 
55841057 
55835854 
55833909 
55831045 
55828767 
55825172 
55823959 
55822838 
55819726 
55813376 
55812491 
55811956 
55791822 
55791606 
55790857 
55789004 
55785979 
55784523 
55782073 
55781608 
55780203 
55775980 
55770593 
55770546 
55765429 
55765006 
55764614 
55764283 
55753822 
55751530 
55748891 
55745168 
55737887 
55731107 
55724696 
55723182 
55708636 
55708506 
55703670 
55698303 
55697639 
55697550 
55678963 
55676849 
55673932 
55672016 
55663130 
55653389 
55653346 
55646345 
55641108 
55640488 
55635710 
55633231 
55631765 
55621956 
55618944 
55618588 
55617613 
55617334 
55611520 
55601292 
55600287 
55591633 
55581175 
55580037 
55579681 
55573958 
55568054 
55567779 
55564936 
55564688 
55560792 
55556926 
55550652 
55548463 
55541342 
55540712 
55530043 
55520424 
55519427 
55517465 
55515775 
55512057 
55506455 
55504243 
55499344 
55498406 
55490581 
55490158 
55488302 
55481279 
55478692 
55468830 
55449884 
55445899 
55445477 
55445023 
55438843 
55438007 
55432475 
55430615 
55429614 
55423484 
55423041 
55411116 
55406368 
55405138 
55403465 
55403251 
55402693 
55401415 
55392645 
55391861 
55390984 
55386571 
55383673 
55381517 
55379708 
55378368 
55371878 
55369774 
55359003 
55346468 
55341802 
55336205 
55335999 
55335660 
55328727 
55328639 
55325579 
55325181 
55322635 
55316609 
55309574 
55302647 
55297164 
55286067 
55276615 
55275250 
55272824 
55270926 
55266851 
55266035 
55264607 
55260296 
55252249 
55250126 
55245021 
55244032 
55242641 
55238567 
55237923 
55234204 
55232873 
55227124 
55225670 
55223279 
55220762 
55220642 
55219716 
55215524 
55214564 
55209021 
55201330 
55195493 
55192420 
55186509 
55183668 
55178465 
55176615 
55175805 
55173135 
55172284 
55169836 
55162939 
55157323 
55156660 
55156193 
55151621 
55147810 
55147045 
55144993 
55142667 
55139833 
55135503 
55129299 
55126065 
55121667 
55121485 
55116585 
55115834 
55114760 
55104898 
55097934 
55095267 
55092500 
55092490 
55087321 
55084853 
55081710 
55079623 
55078077 
55067759 
55065552 
55059696 
55059573 
55057761 
55057300 
55056199 
55052397 
55051980 
55051939 
55050905 
55050388 
55046825 
55045267 
55042431 
55036251 
55033431 
55033102 
55031372 
55029637 
55029251 
55025789 
55024927 
55024454 
55021770 
55020793 
55020555 
55019592 
55014056 
55005625 
55002171 
54999374 
54999107 
54997263 
54997126 
54996667 
54994845 
54994784 
54994247 
54990477 
54990340 
54988519 
54988228 
54984187 
54978157 
54977911 
54973195 
54969832 
54963720 
54962439 
54959308 
54953406 
54944218 
54942682 
54939502 
54939213 
54936572 
54930028 
54928540 
54926592 
54921092 
54918656 
54915591 
54913703 
54913143 
54911503 
54910499 
54910042 
54907217 
54900202 
54894274 
54888005 
54883090 
54882907 
54880225 
54878482 
54876991 
54876479 
54872493 
54872046 
54862598 
54861136 
54858194 
54853144 
54850279 
54848896 
54847993 
54842557 
54840713 
54840311 
54838744 
54838078 
54833965 
54832629 
54832476 
54830792 
54829822 
54827932 
54827835 
54827264 
54823962 
54821865 
54820906 
54819377 
54815839 
54813511 
54805870 
54805622 
54803659 
54802435 
54797400 
54796558 
54796412 
54795937 
54783741 
54782255 
54780836 
54775417 
54774308 
54773150 
54768164 
54763890 
54760736 
54759073 
54758684 
54747486 
54746966 
54744792 
54741652 
54740769 
54740520 
54735721 
54732329 
54722160 
54718974 
54717428 
54717333 
54717027 
54713593 
54710256 
54705447 
54705065 
54692358 
54691225 
54689517 
54687627 
54684055 
54680448 
54679730 
54678929 
54678057 
54677106 
54676326 
54676244 
54674644 
54672894 
54666684 
54666301 
54664481 
54661256 
54660977 
54660090 
54659949 
54659892 
54659141 
54658744 
54655088 
54654549 
54653562 
54651224 
54650459 
54647787 
54646715 
54643925 
54642038 
54638146 
54637999 
54635524 
54632618 
54622828 
54622501 
54620665 
54614668 
54614033 
54613123 
54612972 
54610964 
54605615 
54604357 
54597908 
54597746 
54595728 
54595561 
54593123 
54592529 
54589629 
54585235 
54584994 
54583938 
54581429 
54580961 
54580605 
54580508 
54577653 
54577238 
54572729 
54572455 
54568791 
54566888 
54563921 
54560645 
54555394 
54555152 
54554846 
54554760 
54553669 
54553519 
54553219 
54548855 
54545694 
54545136 
54542929 
54542812 
54541831 
54539240 
54536922 
54536196 
54536002 
54535862 
54535243 
54534566 
54534015 
54532635 
54531989 
54530558 
54528984 
54528923 
54525975 
54523937 
54523289 
54523195 
54519824 
54518794 
54518436 
54512906 
54509740 
54506725 
54500600 
54497174 
54495091 
54493742 
54492906 
54487328 
54486152 
54485659 
54484812 
54484521 
54482631 
54480773 
54480052 
54475056 
54474794 
54473977 
54467278 
54463891 
54463635 
54460678 
54454619 
54450805 
54441968 
54441033 
54436672 
54430603 
54429395 
54429020 
54428680 
54427672 
54426307 
54426265 
54422552 
54422446 
54420534 
54420117 
54410938 
54406335 
54405516 
54397984 
54396534 
54394065 
54393589 
54393158 
54393003 
54391471 
54391446 
54391330 
54391261 
54389866 
54389832 
54389258 
54385542 
54383773 
54380521 
54376093 
54374018 
54369425 
54369019 
54362893 
54359304 
54357880 
54357279 
54352737 
54352209 
54350723 
54348415 
54346774 
54338257 
54335585 
54335199 
54334863 
54334641 
54331957 
54331066 
54328637 
54326760 
54322368 
54319920 
54319213 
54314488 
54314083 
54309612 
54308209 
54308188 
54307712 
54303326 
54302349 
54298247 
54295203 
54294742 
54294592 
54292154 
54291603 
54288491 
54287879 
54281248 
54279446 
54279323 
54279043 
54276203 
54272664 
54263198 
54260847 
54258360 
54255864 
54251162 
54251111 
54250282 
54241140 
54241028 
54239541 
54236948 
54234256 
54233964 
54233414 
54229874 
54229280 
54228072 
54227172 
54224934 
54223219 
54222490 
54222141 
54220783 
54220593 
54220104 
54218287 
54217614 
54213980 
54213144 
54204805 
54204189 
54203106 
54202811 
54193222 
54189927 
54186868 
54186388 
54186011 
54184886 
54183568 
54183119 
54182271 
54176655 
54174887 
54171895 
54169225 
54168184 
54161096 
54156413 
54150882 
54145876 
54141549 
54139773 
54134508 
54134074 
54131109 
54127716 
54120855 
54113674 
54113392 
54103855 
54103840 
54103356 
54103230 
54100051 
54099514 
54090653 
54090405 
54084615 
54081720 
54079391 
54078653 
54078417 
54078219 
54069491 
54060438 
54057988 
54057706 
54056758 
54053226 
54050642 
54047031 
54045077 
54040906 
54037262 
54030531 
54024057 
54021449 
54018393 
54014534 
54013775 
54009939 
54007019 
54000931 
53999507 
53997555 
53996376 
53993534 
53991923 
53987637 
53985090 
53983889 
53981846 
53981587 
53979566 
53977416 
53976668 
53963798 
53961091 
53959603 
53958751 
53957825 
53957134 
53956182 
53954499 
53953068 
53950521 
53949667 
53948656 
53948149 
53947952 
53946595 
53934977 
53932936 
53919959 
53918142 
53916355 
53914952 
53912997 
53909149 
53906090 
53897746 
53893726 
53890576 
53890122 
53887365 
53877234 
53875901 
53875120 
53872095 
53866948 
53865982 
53863091 
53861580 
53859071 
53857781 
53853893 
53852978 
53850510 
53848900 
53844616 
53843887 
53842061 
53835412 
53834325 
53833629 
53831675 
53831639 
53827798 
53827495 
53823401 
53822672 
53822307 
53820914 
53816504 
53816124 
53811207 
53810318 
53807109 
53800960 
53796964 
53789217 
53788178 
53784965 
53784038 
53783148 
53782980 
53782970 
53770105 
53765471 
53765411 
53764057 
53763155 
53761668 
53757406 
53749435 
53747599 
53742712 
53741256 
53741053 
53739691 
53735425 
53733295 
53729676 
53724831 
53724796 
53723305 
53722213 
53721521 
53719719 
53719121 
53714513 
53711702 
53710866 
53710657 
53703982 
53702629 
53700438 
53699756 
53698770 
53695502 
53692958 
53691264 
53688615 
53678083 
53674514 
53666890 
53663759 
53659725 
53656217 
53656059 
53653868 
53649554 
53648881 
53648515 
53630243 
53629325 
53627590 
53627340 
53617735 
53616109 
53614654 
53610841 
53610012 
53606915 
53605740 
53600566 
53595716 
53595322 
53593861 
53592718 
53591384 
53590251 
53589922 
53586816 
53586797 
53582913 
53580854 
53580028 
53579789 
53569624 
53569055 
53563700 
53558000 
53557923 
53557061 
53556781 
53556742 
53551607 
53550571 
53549283 
53547413 
53543796 
53541019 
53537404 
53537230 
53534592 
53532514 
53532239 
53530687 
53527931 
53518402 
53515384 
53514140 
53498294 
53494406 
53490678 
53486740 
53472136 
53470706 
53465565 
53461093 
53460976 
53458424 
53457010 
53456565 
53444005 
53443205 
53438780 
53434335 
53432381 
53431914 
53423136 
53422225 
53415098 
53412970 
53412427 
53409025 
53407854 
53406632 
53406630 
53406017 
53401770 
53399374 
53398024 
53396530 
53396060 
53394722 
53390848 
53387424 
53387308 
53383943 
53379154 
53378763 
53370620 
53367181 
53366239 
53366234 
53362542 
53362198 
53361535 
53358746 
53358285 
53357250 
53356141 
53354998 
53354946 
53352421 
53349130 
53347169 
53341746 
53339895 
53338445 
53338375 
53336161 
53330611 
53329281 
53328997 
53324048 
53320718 
53318695 
53313860 
53312308 
53310971 
53306441 
53298922 
53298670 
53292994 
53291247 
53289682 
53288768 
53288631 
53284623 
53281566 
53281466 
53277384 
53275783 
53274251 
53272363 
53260364 
53260344 
53258964 
53252007 
53244861 
53243970 
53241646 
53237017 
53235529 
53222968 
53221452 
53220783 
53220744 
53218051 
53212886 
53212126 
53209583 
53204320 
53202782 
53202002 
53201506 
53200553 
53198264 
53194966 
53186965 
53183928 
53183614 
53183247 
53182077 
53181132 
53180944 
53179346 
53177715 
53174906 
53158295 
53158053 
53152432 
53149898 
53146331 
53145071 
53142157 
53140232 
53137988 
53136348 
53135136 
53128769 
53124734 
53123141 
53122521 
53122355 
53119851 
53113486 
53112923 
53112323 
53111799 
53110074 
53105898 
53104947 
53103756 
53098911 
53096598 
53095187 
53094141 
53092423 
53092208 
53091511 
53087821 
53086819 
53082614 
53078475 
53078389 
53076481 
53076361 
53073490 
53071965 
53071774 
53068801 
53067862 
53067200 
53065330 
53064950 
53060510 
53060103 
53056253 
53054975 
53051205 
53051020 
53048022 
53046985 
53044032 
53041626 
53040619 
53037188 
53031802 
53029923 
53026169 
53019417 
53016859 
53015327 
53015132 
53013299 
53013067 
53010924 
53009556 
53009407 
53008353 
53006099 
53004800 
53004637 
53000486 
52998662 
52998116 
52992874 
52991116 
52990046 
52989867 
52988559 
52988218 
52987684 
52985798 
52981860 
52981507 
52980163 
52974395 
52974139 
52972690 
52970253 
52967798 
52960277 
52958980 
52958131 
52956752 
52956305 
52955065 
52953156 
52952917 
52952326 
52947661 
52945619 
52944283 
52940750 
52938543 
52938359 
52938135 
52936554 
52935057 
52929353 
52929259 
52925376 
52921251 
52920967 
52920314 
52915100 
52904024 
52903540 
52902796 
52901698 
52897478 
52896885 
52889009 
52888847 
52885828 
52885672 
52882163 
52880203 
52869301 
52864623 
52860260 
52859223 
52858415 
52856543 
52856116 
52852487 
52850541 
52846942 
52846275 
52842467 
52838069 
52837644 
52835383 
52833891 
52833814 
52833667 
52831030 
52827176 
52826125 
52820183 
52815381 
52813149 
52812299 
52811491 
52803325 
52800244 
52799914 
52798681 
52793259 
52784432 
52780815 
52780041 
52779329 
52778960 
52775116 
52774222 
52773802 
52771580 
52770101 
52768672 
52768240 
52767756 
52766853 
52761288 
52754121 
52753849 
52749469 
52748354 
52746036 
52745388 
52745046 
52744173 
52742781 
52736887 
52734443 
52732466 
52731747 
52722956 
52722575 
52720524 
52720338 
52717083 
52715931 
52714179 
52712602 
52711364 
52698703 
52691401 
52688254 
52685416 
52671153 
52669202 
52667666 
52663541 
52663034 
52654219 
52653485 
52652390 
52650701 
52644879 
52639336 
52636333 
52633133 
52632928 
52630953 
52630387 
52627910 
52625817 
52625566 
52618100 
52615661 
52614523 
52612307 
52611838 
52609873 
52608214 
52608148 
52605682 
52603839 
52603734 
52603525 
52598418 
52594268 
52592354 
52591556 
52586786 
52584620 
52578114 
52575939 
52570519 
52565972 
52561808 
52555988 
52551309 
52549171 
52543298 
52542443 
52542193 
52530642 
52526502 
52522888 
52518066 
52512346 
52510638 
52507700 
52504584 
52503232 
52502688 
52502405 
52501205 
52497250 
52495150 
52477480 
52475587 
52473640 
52470936 
52469576 
52467931 
52467692 
52465146 
52464193 
52460669 
52457963 
52456245 
52455138 
52445778 
52442158 
52441978 
52433641 
52427460 
52426176 
52424100 
52420192 
52419493 
52418361 
52412601 
52412524 
52409711 
52408158 
52405827 
52400401 
52394800 
52393922 
52386361 
52384108 
52382692 
52381359 
52377131 
52374586 
52368455 
52367387 
52363109 
52363019 
52362736 
52360378 
52352745 
52346729 
52337145 
52336511 
52330325 
52329170 
52327607 
52325125 
52325047 
52322238 
52319954 
52315613 
52309716 
52301457 
52298493 
52296117 
52295344 
52290110 
52284570 
52280772 
52280133 
52273297 
52273291 
52268505 
52268408 
52266887 
52265341 
52263360 
52259810 
52257836 
52256607 
52256346 
52252316 
52251120 
52250036 
52249501 
52243557 
52240876 
52238590 
52229554 
52227924 
52227639 
52226354 
52225442 
52224323 
52221976 
52220242 
52208236 
52206424 
52204944 
52201851 
52184910 
52178851 
52166244 
52165395 
52165091 
52163241 
52160973 
52159329 
52158747 
52157626 
52153490 
52150959 
52142264 
52137117 
52135062 
52134354 
52133859 
52129227 
52124338 
52118563 
52117919 
52117468 
52115861 
52113379 
52110622 
52109479 
52102937 
52093759 
52092110 
52089426 
52082110 
52080315 
52072537 
52065897 
52064100 
52059466 
52050376 
52050281 
52050130 
52046640 
52046069 
52044015 
52041109 
52040176 
52036638 
52036274 
52031514 
52023011 
52019349 
52015474 
52014053 
52010185 
52009894 
52007281 
52000943 
52000655 
51992890 
51992692 
51989629 
51989115 
51986237 
51975631 
51973198 
51971695 
51969016 
51966716 
51965285 
51956966 
51951504 
51931768 
51931624 
51927398 
51925604 
51924939 
51923083 
51922462 
51918659 
51916433 
51914789 
51910680 
51910023 
51905361 
51903252 
51891377 
51884939 
51881560 
51877032 
51866417 
51863478 
51861943 
51861873 
51856547 
51856003 
51851130 
51849421 
51849061 
51848829 
51845990 
51842311 
51840163 
51839144 
51836983 
51835854 
51834186 
51825332 
51811528 
51809784 
51806646 
51805158 
51803532 
51802148 
51800367 
51796443 
51796100 
51789156 
51787408 
51786083 
51781179 
51779962 
51774394 
51772734 
51771112 
51769691 
51766617 
51761773 
51761593 
51760558 
51756901 
51756611 
51751521 
51746698 
51740276 
51735089 
51733553 
51731858 
51731382 
51726192 
51725175 
51724177 
51722611 
51721883 
51720300 
51715906 
51713770 
51707401 
51704110 
51703405 
51699319 
51699216 
51695269 
51694878 
51694709 
51690650 
51690203 
51688089 
51687481 
51684920 
51678175 
51676074 
51675898 
51672186 
51670342 
51668364 
51668191 
51665544 
51663781 
51660938 
51660698 
51660330 
51660069 
51658274 
51656601 
51651489 
51649179 
51646583 
51646095 
51642357 
51640333 
51636570 
51635279 
51632253 
51629821 
51622087 
51621403 
51620716 
51620168 
51618364 
51617119 
51615767 
51614168 
51613280 
51612908 
51611998 
51609051 
51605420 
51604781 
51603000 
51600409 
51596795 
51594309 
51591694 
51591008 
51589340 
51589037 
51586581 
51584872 
51582441 
51580961 
51579724 
51578464 
51578252 
51577626 
51576097 
51574849 
51574644 
51573627 
51571576 
51566954 
51564001 
51560495 
51558431 
51558362 
51557721 
51556244 
51554572 
51553415 
51550913 
51548808 
51546965 
51543722 
51543709 
51543651 
51542791 
51539377 
51538925 
51532670 
51532644 
51527898 
51525618 
51523366 
51522192 
51517181 
51516618 
51515267 
51506359 
51501811 
51500789 
51500530 
51497508 
51496840 
51496562 
51495810 
51494855 
51494327 
51493430 
51493328 
51493248 
51492398 
51489068 
51488742 
51487829 
51487789 
51486797 
51484029 
51482575 
51478673 
51477324 
51477026 
51472298 
51469734 
51467692 
51465725 
51465311 
51464821 
51463098 
51463051 
51460943 
51460808 
51460534 
51460502 
51459036 
51459025 
51456048 
51454204 
51452432 
51449962 
51449590 
51447036 
51442945 
51442305 
51441254 
51440783 
51439400 
51435321 
51434283 
51433326 
51430036 
51425839 
51425250 
51423767 
51423717 
51423397 
51420143 
51418593 
51418081 
51417954 
51417201 
51416635 
51416457 
51415152 
51414098 
51412482 
51410700 
51406845 
51405028 
51402600 
51398408 
51398320 
51398088 
51397553 
51397266 
51396119 
51391343 
51388129 
51384440 
51382670 
51382576 
51377177 
51371931 
51368443 
51368095 
51367036 
51365444 
51364336 
51363761 
51358563 
51354373 
51348834 
51348570 
51348017 
51347506 
51341617 
51339654 
51339336 
51333973 
51333605 
51333244 
51333112 
51332992 
51332841 
51332428 
51331597 
51327641 
51324848 
51323587 
51323321 
51322208 
51321686 
51318930 
51317805 
51317802 
51316246 
51312846 
51311942 
51311508 
51310637 
51308942 
51306613 
51306493 
51305749 
51304051 
51302975 
51302828 
51299597 
51297776 
51297731 
51295551 
51294439 
51293248 
51287895 
51285502 
51285437 
51283931 
51281911 
51279512 
51279100 
51278873 
51278449 
51276591 
51275646 
51275495 
51275300 
51271473 
51271295 
51268905 
51268407 
51267761 
51267180 
51266345 
51264970 
51264967 
51264880 
51262336 
51256657 
51256578 
51255490 
51255220 
51255067 
51253019 
51251727 
51251625 
51251503 
51251219 
51250186 
51248515 
51247890 
51247777 
51243494 
51238733 
51237270 
51233234 
51231107 
51230049 
51230041 
51228535 
51227927 
51227681 
51226669 
51226157 
51225986 
51225670 
51224226 
51223107 
51222659 
51222111 
51217171 
51217049 
51215466 
51214632 
51214345 
51213087 
51211183 
51209688 
51206530 
51205757 
51204168 
51203562 
51202986 
51202705 
51202051 
51201984 
51199807 
51195472 
51193494 
51191920 
51191340 
51190059 
51184599 
51182593 
51179220 
51177398 
51176742 
51174449 
51174371 
51171460 
51168671 
51165471 
51165210 
51163845 
51163600 
51159415 
51157221 
51155378 
51154642 
51154501 
51153488 
51152215 
51152086 
51151398 
51151025 
51150069 
51149128 
51146533 
51143390 
51141245 
51138057 
51133833 
51132539 
51132192 
51127351 
51125990 
51122559 
51121626 
51118294 
51116662 
51114476 
51113949 
51113754 
51113156 
51108328 
51108273 
51107955 
51107053 
51107050 
51105229 
51101729 
51101358 
51098944 
51094924 
51094460 
51088371 
51088322 
51088291 
51080027 
51077313 
51074709 
51073685 
51073291 
51073085 
51063770 
51061702 
51060865 
51058759 
51056020 
51055639 
51049097 
51047602 
51044155 
51043731 
51042622 
51041318 
51041182 
51037455 
51032640 
51023783 
51023307 
51015492 
51014223 
51012078 
51009767 
51005922 
51005516 
51003580 
51002887 
51001410 
50994729 
50994641 
50993444 
50993314 
50992430 
50991264 
50990319 
50987668 
50984382 
50981137 
50978711 
50974151 
50973560 
50973217 
50968042 
50966896 
50965465 
50964084 
50963254 
50963166 
50960821 
50960334 
50959021 
50958715 
50953844 
50953304 
50951469 
50949046 
50946907 
50946111 
50945533 
50945422 
50944758 
50943877 
50938737 
50938221 
50937492 
50927071 
50924511 
50923886 
50919042 
50915917 
50914469 
50913514 
50913436 
50910186 
50906595 
50903830 
50903127 
50902716 
50902441 
50900573 
50900417 
50900374 
50899885 
50899276 
50893264 
50891036 
50884327 
50879107 
50875269 
50874136 
50872414 
50868330 
50866214 
50864162 
50863409 
50861062 
50861000 
50859686 
50856520 
50850033 
50848769 
50845053 
50843005 
50840236 
50834686 
50824152 
50823747 
50822704 
50821039 
50819402 
50817722 
50814644 
50813950 
50813654 
50812330 
50807253 
50804242 
50802744 
50802467 
50802433 
50797541 
50792782 
50792472 
50780402 
50779798 
50773555 
50772607 
50769466 
50767353 
50764675 
50763451 
50759923 
50758871 
50757066 
50754484 
50752256 
50749893 
50744487 
50732810 
50732437 
50730327 
50728433 
50726632 
50725959 
50725811 
50724546 
50718593 
50717030 
50715076 
50703904 
50702841 
50698746 
50694967 
50694891 
50692101 
50687303 
50682041 
50666759 
50663417 
50662318 
50656166 
50653412 
50653138 
50648610 
50645426 
50642754 
50642670 
50638845 
50638678 
50632493 
50632343 
50631048 
50629138 
50625081 
50624223 
50621531 
50612416 
50611412 
50611355 
50610191 
50607854 
50604627 
50603999 
50598788 
50596773 
50596414 
50593352 
50592201 
50588478 
50585806 
50582801 
50570197 
50569097 
50565199 
50564956 
50563417 
50559162 
50556050 
50555430 
50553746 
50549705 
50549202 
50546784 
50521063 
50520174 
50513503 
50513361 
50510821 
50507752 
50502301 
50497432 
50489990 
50488804 
50488454 
50485120 
50476871 
50473549 
50473467 
50473365 
50471537 
50470010 
50467267 
50455496 
50451323 
50449493 
50448724 
50445913 
50443872 
50443734 
50439657 
50439506 
50438311 
50433081 
50432114 
50417012 
50413967 
50411672 
50404178 
50399151 
50397645 
50395660 
50395601 
50391280 
50391141 
50385563 
50380433 
50378311 
50374286 
50370988 
50370481 
50364897 
50363066 
50359609 
50350956 
50349397 
50349108 
50342778 
50341201 
50335195 
50329402 
50327316 
50318439 
50316496 
50316045 
50311745 
50309467 
50307405 
50305867 
50304858 
50298467 
50295259 
50292956 
50286462 
50285468 
50277214 
50276117 
50276071 
50273708 
50271123 
50265791 
50264209 
50256994 
50256366 
50250063 
50249767 
50249363 
50248069 
50247914 
50247206 
50234978 
50231544 
50229159 
50228657 
50223655 
50220318 
50217981 
50215481 
50214633 
50212343 
50201971 
50201921 
50200073 
50196930 
50196042 
50195930 
50191496 
50191243 
50188134 
50187452 
50182773 
50174244 
50173145 
50169558 
50168092 
50167374 
50163310 
50162300 
50162082 
50157537 
50157460 
50156925 
50155899 
50155718 
50154427 
50143290 
50141306 
50131225 
50130959 
50128607 
50127192 
50123720 
50122176 
50116312 
50115590 
50111692 
50111118 
50110286 
50100275 
50100134 
50099226 
50094356 
50093749 
50092010 
50089392 
50087764 
50085493 
50082297 
50079335 
50076122 
50076003 
50073023 
50063913 
50056799 
50051986 
50050528 
50048793 
50045942 
50045645 
50038296 
50038210 
50037020 
50036350 
50035554 
50034934 
50033508 
50032173 
50031765 
50026461 
50024214 
50022834 
50021813 
50020995 
50017263 
50015309 
50011047 
50002845 
50001832 
50000227 
49995270 
49992383 
49986707 
49984408 
49983077 
49982026 
49980832 
49979602 
49976008 
49975330 
49966946 
49966008 
49964155 
49959537 
49958388 
49956555 
49955803 
49953709 
49949483 
49948515 
49946928 
49946638 
49946585 
49945835 
49942481 
49938881 
49936129 
49935465 
49933151 
49927090 
49919197 
49918073 
49915048 
49914099 
49913473 
49911101 
49909415 
49902815 
49902577 
49899963 
49897391 
49897307 
49886943 
49884408 
49883661 
49873355 
49872551 
49872537 
49871447 
49868252 
49862865 
49861891 
49854162 
49852845 
49850939 
49846628 
49846480 
49845933 
49845518 
49840670 
