47330810 
47316950 
47316236 
47305183 
47292472 
47286630 
47247803 
47246790 
47243850 
47239308 
47236427 
47234797 
47210167 
47207864 
47205219 
47187391 
47184439 
47168279 
47164081 
47134020 
47119151 
47116200 
47113901 
47113321 
47109438 
47098264 
47090570 
47089423 
47079620 
47072593 
47065856 
47062735 
47045810 
47035056 
47024316 
47017224 
47014109 
46999211 
46974331 
46969702 
46955679 
46909524 
46898452 
46873873 
46867244 
46861839 
46854420 
46835675 
46812014 
46795502 
46792815 
46781062 
46772106 
46770217 
46757329 
46742258 
46732554 
46730765 
46728045 
46717302 
46705528 
46705203 
46701049 
46687154 
46683876 
46681792 
46666988 
46664481 
46660212 
46640715 
46632756 
46629541 
46615804 
46604688 
46593170 
46587868 
46566301 
46556642 
46556107 
46508507 
46496455 
46488923 
46481019 
46476197 
46458997 
46456575 
46451521 
46447042 
46429024 
46400201 
46396641 
46388870 
46345678 
46326477 
46325430 
46311311 
46301127 
46291323 
46278811 
46265127 
46258361 
46257095 
46253217 
46211918 
46203023 
46199547 
46197755 
46193359 
46186660 
46185895 
46179532 
46173136 
46170842 
46165206 
46162769 
46161161 
46157487 
46152728 
46147473 
46142463 
46139119 
46136067 
46133185 
46129074 
46102809 
46102517 
46098930 
46092657 
46085003 
46072159 
46071105 
46060145 
46035189 
46033954 
46028796 
46005956 
46002136 
45995797 
45994947 
45981810 
45974019 
45973032 
45968521 
45959043 
45948504 
45944454 
45940606 
45924194 
45922672 
45921585 
45907123 
45897724 
45891566 
45888005 
45887384 
45886177 
45886008 
45882583 
45876665 
45866479 
45865156 
45862909 
45836186 
45826919 
45820762 
45817912 
45815630 
45799516 
45799124 
45791420 
45789148 
45781311 
45766487 
45759016 
45754517 
45739880 
45737467 
45735137 
45734635 
45703728 
45699700 
45697846 
45692646 
45688110 
45686558 
45679353 
45674970 
45673521 
45666855 
45664683 
45652302 
45651162 
45650937 
45636866 
45629616 
45624741 
45623916 
45606850 
45594325 
45591732 
45567626 
45539861 
45534570 
45526059 
45513004 
45507867 
45498518 
45494041 
45472820 
45455634 
45442648 
45429735 
45417991 
45404119 
45392017 
45369133 
45360359 
45360320 
45359821 
45352580 
45334570 
45323632 
45323577 
45314366 
45313129 
45307433 
45304081 
45280454 
45268108 
45214195 
45210255 
45204179 
45180751 
45178385 
45168705 
45168416 
45156782 
45150720 
45150690 
45146029 
45146024 
45145345 
45129384 
45127435 
45119959 
45108330 
45105794 
45102275 
45094893 
45092165 
45086617 
45074874 
45074255 
45057965 
45055973 
45035857 
45010749 
45004731 
44993541 
44992724 
44990935 
44983493 
44970123 
44966905 
44962309 
44960378 
44948275 
44947782 
44941716 
44938179 
44937973 
44927224 
44927149 
44922199 
44916508 
44909921 
44907860 
44900666 
44897703 
44890974 
44890919 
44886974 
44880862 
44878303 
44874000 
44873612 
44866648 
44865991 
44861139 
44858258 
44849823 
44848864 
44846366 
44836635 
44829373 
44827612 
44825467 
44825226 
44825188 
44822146 
44813571 
44808608 
44802159 
44797989 
44791112 
44790357 
44786875 
44785934 
44779780 
44778032 
44777952 
44777649 
44772180 
44767262 
44766724 
44760059 
44757750 
44755078 
44753240 
44744615 
44739137 
44728830 
44718759 
44708248 
44705872 
44700189 
44682891 
44679492 
44664632 
44659210 
44651430 
44647514 
44639766 
44633557 
44625307 
44621731 
44608938 
44608653 
44599108 
44595766 
44592156 
44591516 
44584429 
44583363 
44571775 
44569866 
44568009 
44562421 
44554588 
44552573 
44545918 
44524996 
44521904 
44519773 
44512974 
44509792 
44508277 
44506957 
44503601 
44497676 
44488094 
44485469 
44480850 
44476389 
44475792 
44473988 
44465543 
44455046 
44453673 
44453328 
44450857 
44449839 
44447652 
44445317 
44443834 
44438762 
44434883 
44434379 
44432734 
44430206 
44399598 
44397079 
44396720 
44389027 
44383737 
44383194 
44377417 
44370983 
44361652 
44358786 
44358122 
44349679 
44344793 
44336928 
44333050 
44330524 
44329187 
44327978 
44326564 
44323544 
44318999 
44318811 
44310380 
44310189 
44308536 
44305031 
44294859 
44289209 
44282779 
44281744 
44273481 
44265002 
44262528 
44253416 
44244901 
44241570 
44234985 
44226615 
44217778 
44213916 
44196783 
44190509 
44188364 
44180685 
44176160 
44175438 
44167838 
44163008 
44162856 
44149228 
44148035 
44136015 
44125075 
44116203 
44115377 
44103518 
44102388 
44101083 
44100693 
44100571 
44090776 
44089427 
44087319 
44086989 
44085568 
44084442 
44065503 
44061571 
44058936 
44055212 
44047596 
44047552 
44045769 
44044845 
44016315 
44012382 
44010280 
44005519 
44002804 
43987472 
43983637 
43974711 
43971488 
43959615 
43948066 
43943045 
43939652 
43939065 
43934862 
43931159 
43927549 
43924458 
43917767 
43902490 
43899656 
43894896 
43894434 
43894296 
43890074 
43887252 
43872003 
43868383 
43846313 
43844715 
43841291 
43840370 
43831178 
43810645 
43806641 
43793061 
43784354 
43783562 
43782123 
43780752 
43769392 
43769204 
43755789 
43755262 
43750578 
43744415 
43739956 
43725482 
43724179 
43706424 
43705147 
43700896 
43696289 
43691846 
43690086 
43688429 
43684092 
43680944 
43655933 
43651362 
43644706 
43643330 
43629590 
43598864 
43598748 
43595881 
43589297 
43586196 
43584027 
43570246 
43560214 
43551593 
43538226 
43530899 
43520969 
43519824 
43516814 
43515817 
43498955 
43498556 
43489209 
43489059 
43485061 
43485038 
43461186 
43457319 
43450884 
43450005 
43447281 
43437149 
43426704 
43425510 
43421778 
43404515 
43397672 
43385932 
43385791 
43380961 
43368355 
43365197 
43361626 
43353481 
43329060 
43326065 
43317744 
43316812 
43306112 
43304011 
43301695 
43294926 
43277363 
43268004 
43259518 
43257417 
43251512 
43209214 
43206638 
43201980 
43182008 
43179274 
43179006 
43153676 
43150816 
43150107 
43143255 
43138113 
43136529 
43135062 
43127938 
43126820 
43107555 
43104751 
43088663 
43084966 
43084378 
43078152 
43073899 
43060300 
43057359 
43049027 
43042748 
43041911 
43035920 
43033538 
43031429 
43028502 
