74688071 
74678126 
74646754 
74625057 
74615565 
74615555 
74598980 
74596839 
74595114 
74588793 
74568359 
74567460 
74565061 
74558762 
74533610 
74509015 
74502773 
74490358 
74489640 
74469421 
74454063 
74447247 
74442102 
74427186 
74424195 
74407484 
74407081 
74392188 
74389177 
74383364 
74379416 
74373732 
74362338 
74347797 
74345192 
74317326 
74316317 
74310668 
74262626 
74248147 
74216856 
74204546 
74174370 
74168910 
74147247 
74139159 
74138224 
74123374 
74109158 
74104863 
74088737 
74084083 
74076066 
74075339 
74071468 
74063730 
74061165 
74052915 
74040803 
74038956 
74036127 
74026790 
74023998 
74020970 
74016234 
74013055 
74010062 
73989514 
73977089 
73974866 
73960584 
73956343 
73954173 
73938303 
73927289 
73910227 
73909736 
73905217 
73889383 
73874981 
73861655 
73858811 
73851419 
73842458 
73827825 
73813182 
73810322 
73805248 
73781219 
73768329 
73768162 
73752106 
73751424 
73725356 
73721707 
73719471 
73716299 
73715986 
73710681 
73706398 
73700320 
73694309 
73691584 
73683918 
73674002 
73666814 
73656400 
73647682 
73640819 
73639971 
73632155 
73609851 
73609032 
73596297 
73589315 
73572939 
73563447 
73562581 
73562231 
73554532 
73554025 
73548333 
73519227 
73502571 
73493944 
73485618 
73475365 
73468584 
73467463 
73461573 
73451898 
73434562 
73426611 
73422638 
73396935 
73370761 
73358269 
73347375 
73343266 
73343179 
73339235 
73322739 
73322404 
73317399 
73307189 
73299837 
73277009 
73276691 
73271120 
73270691 
73264899 
73260817 
73257494 
73246894 
73237508 
73234414 
73192804 
73191268 
73185144 
73183999 
73171998 
73162367 
73157703 
73148598 
73145848 
73144666 
73141437 
73140576 
73137265 
73112186 
73088414 
73037957 
73034149 
73026055 
73015685 
73008814 
73008485 
72990654 
72989566 
72983087 
72982474 
72981325 
72972713 
72969327 
72967200 
72956942 
72928464 
72927985 
72927811 
72926710 
72921973 
72921832 
72898235 
72895180 
72886570 
72886246 
72880681 
72878439 
72876222 
72855718 
72848636 
72847703 
72841563 
72833629 
72832950 
72824297 
72815545 
72809313 
72807764 
72791663 
72789203 
72788042 
72777967 
72767105 
72763766 
72757170 
72754478 
72749433 
72742156 
72740163 
72739387 
72729993 
72718639 
72712620 
72693278 
72679916 
72678351 
72676442 
72658521 
72655461 
72652479 
72611032 
72609633 
72600444 
72574104 
72563764 
72554503 
72516462 
72509811 
72500450 
72500371 
72495763 
72479917 
72474112 
72468648 
72465599 
72430979 
72430648 
72422671 
72413377 
72407057 
72407045 
72395960 
72395944 
72391743 
72383512 
72373017 
72366994 
72346424 
72343424 
72340328 
72333110 
72332274 
72332218 
72320217 
72315884 
72309364 
72307570 
72304334 
72300300 
72299851 
72288322 
72279923 
72254849 
72231424 
72218276 
72213274 
72212812 
72207467 
72185726 
72177939 
72166046 
72164877 
72156687 
72144747 
72128297 
72125556 
72111925 
72111790 
72099505 
72083066 
72072477 
72064130 
72058053 
72052956 
72048146 
72021995 
72016485 
72009768 
71999133 
71998901 
71971072 
71965960 
71965117 
71964271 
71943430 
71941362 
71934789 
71921340 
71898695 
71898396 
71889446 
71887727 
71885745 
71885089 
71884504 
71874119 
71869713 
71857875 
71854657 
71849828 
71849703 
71840570 
71810766 
71802802 
71794267 
71789880 
71780227 
71775134 
71773048 
71738994 
71737254 
71717727 
71705940 
71677126 
71675113 
71673129 
71665341 
71663029 
71651042 
71648418 
71645934 
71640811 
71634616 
71634055 
71629304 
71623217 
71618104 
71614646 
71612874 
71606177 
71595713 
71581800 
71577787 
71574833 
71565835 
71545534 
71545441 
71543622 
71539203 
71535834 
71516468 
71512868 
71500722 
71488822 
71482927 
71481990 
71480740 
71473896 
71448432 
71446665 
71430924 
71415062 
71412063 
71398446 
71385075 
71383337 
71380446 
71375977 
71366039 
71363835 
71361884 
71351264 
71340431 
71335147 
71334672 
71324356 
71318583 
71313123 
71310423 
71308664 
71305756 
71303991 
71287347 
71281358 
71261429 
71261082 
71260870 
71249157 
71238898 
71233293 
71217310 
71208818 
71197828 
71196267 
71195602 
71195463 
71190421 
71186589 
71186090 
71173212 
71166471 
71166258 
71158998 
71151921 
71140111 
71126906 
71117943 
71114096 
71109558 
71105630 
71097872 
71095868 
71091467 
71090448 
71074610 
71071278 
71071269 
71068876 
71067542 
71056995 
71054143 
71050409 
71043366 
71041655 
71014468 
71003970 
71003951 
70998938 
70993378 
70978778 
70965951 
70961973 
70954453 
70939834 
70935359 
70932233 
70915924 
70913026 
70907774 
70903507 
70899198 
70882666 
70882379 
70874804 
70873682 
70870301 
70866446 
70865666 
70860491 
70843222 
70829624 
70821740 
70814714 
70813191 
70807622 
70799958 
70798695 
70792553 
70775133 
70774469 
70772657 
70761767 
70743358 
70736395 
70730340 
70715122 
70712483 
70706165 
70682986 
70668503 
70664551 
70655532 
70647032 
70638051 
70634442 
70627680 
70626879 
70618422 
70615157 
70612741 
70612396 
70598133 
70596831 
70593700 
70588434 
70582922 
70581120 
70559554 
70556399 
70549603 
70543581 
70538418 
70533948 
70529398 
70516919 
70516110 
70511957 
70506098 
70501809 
70497852 
70486035 
70481473 
70478720 
70476157 
70464596 
70455804 
70448944 
70444383 
70438535 
70433926 
70432920 
70424962 
70421128 
70419875 
70418931 
70411104 
70404361 
70399243 
70396096 
70386985 
70380114 
70374039 
70369528 
70345604 
70329075 
70323122 
70287037 
70286007 
70275235 
70270665 
70252086 
70251412 
70246542 
70217232 
70215702 
70211383 
70210825 
70210755 
70210478 
70203447 
70182633 
70178258 
70156921 
70156131 
70146146 
70138105 
70133191 
70128288 
70126798 
70106142 
70091007 
70086822 
70080995 
70080357 
70052743 
70025076 
70013747 
70007781 
70004678 
70003668 
70001513 
69982856 
69978781 
69972130 
69966551 
69962627 
69951921 
69947202 
69944735 
69937540 
69928946 
69922563 
69915778 
69913837 
69912858 
69883461 
69881259 
69881051 
69878266 
69865284 
69852294 
69828769 
69825189 
69803812 
69797957 
69795721 
69790329 
69787986 
69780797 
